# Time-averaged data for fix thermo_detailed
# TimeStep v_temp v_press v_pe v_ke v_vol v_dens
600100 299.781708 30.341511 -20416.974609 3353.741699 54916.070312 1.038827
600200 298.539429 7.939244 -20402.691406 3339.843994 55093.304688 1.035485
600300 298.088593 -5.793489 -20402.277344 3334.800049 55188.136719 1.033706
600400 297.833893 -14.159280 -20397.378906 3331.950928 55260.121094 1.032359
600500 297.684692 -19.044327 -20392.478516 3330.281738 55311.812500 1.031394
600600 297.593079 -21.928032 -20388.441406 3329.256836 55348.074219 1.030719
600700 297.534241 -23.648586 -20385.257812 3328.598633 55373.425781 1.030247
600800 297.494659 -24.679863 -20382.742188 3328.155762 55391.269531 1.029915
600900 297.466736 -25.296921 -20380.701172 3327.843262 55404.042969 1.029677
601000 297.446014 -25.662125 -20378.988281 3327.611572 55413.371094 1.029504
601100 297.429840 -25.869854 -20377.503906 3327.430420 55420.371094 1.029374
601200 297.416504 -25.980110 -20376.162109 3327.281250 55425.828125 1.029273
601300 297.405029 -26.031429 -20374.921875 3327.153076 55430.210938 1.029191
601400 297.394836 -26.050293 -20373.748047 3327.039062 55433.859375 1.029124
601500 297.385468 -26.048382 -20372.623047 3326.934082 55437.000000 1.029065
601600 297.376740 -26.032330 -20371.544922 3326.836670 55439.761719 1.029014
601700 297.368469 -26.015465 -20370.498047 3326.743896 55442.289062 1.028967
601800 297.360687 -25.996487 -20369.486328 3326.656982 55444.601562 1.028924
601900 297.353302 -25.986065 -20368.511719 3326.574463 55446.750000 1.028884
602000 297.346252 -25.979755 -20367.574219 3326.495605 55448.765625 1.028847
602100 297.339539 -25.978142 -20366.666016 3326.420166 55450.675781 1.028811
602200 297.333191 -25.988434 -20365.792969 3326.349121 55452.472656 1.028778
602300 297.327148 -26.002831 -20364.958984 3326.281982 55454.191406 1.028746
602400 297.321442 -26.023918 -20364.156250 3326.217773 55455.843750 1.028716
602500 297.316040 -26.051228 -20363.390625 3326.157471 55457.410156 1.028687
602600 297.310913 -26.087669 -20362.658203 3326.100098 55458.906250 1.028659
602700 297.306152 -26.123837 -20361.960938 3326.047119 55460.320312 1.028633
602800 297.301636 -26.165012 -20361.298828 3325.996582 55461.671875 1.028607
602900 297.297424 -26.201271 -20360.683594 3325.949219 55462.933594 1.028584
603000 297.293488 -26.242367 -20360.093750 3325.905273 55464.136719 1.028562
603100 297.289703 -26.282650 -20359.535156 3325.862793 55465.296875 1.028540
603200 297.286285 -26.322292 -20359.015625 3325.824707 55466.378906 1.028520
603300 297.283051 -26.357903 -20358.533203 3325.788330 55467.371094 1.028502
603400 297.280090 -26.388412 -20358.082031 3325.755371 55468.285156 1.028485
603500 297.277344 -26.418083 -20357.666016 3325.724609 55469.156250 1.028469
603600 297.274841 -26.441021 -20357.283203 3325.696533 55469.949219 1.028454
603700 297.272522 -26.465492 -20356.921875 3325.670654 55470.699219 1.028440
603800 297.270386 -26.483311 -20356.593750 3325.646729 55471.359375 1.028428
603900 297.268463 -26.498432 -20356.296875 3325.625244 55471.980469 1.028416
604000 297.266632 -26.511326 -20356.023438 3325.604736 55472.554688 1.028406
604100 297.265015 -26.523937 -20355.769531 3325.586670 55473.070312 1.028396
604200 297.263580 -26.535370 -20355.544922 3325.570557 55473.554688 1.028387
604300 297.262238 -26.539062 -20355.343750 3325.555664 55473.972656 1.028379
604400 297.261047 -26.547497 -20355.150391 3325.542480 55474.359375 1.028372
604500 297.259888 -26.550701 -20354.978516 3325.529297 55474.718750 1.028366
604600 297.258911 -26.549698 -20354.826172 3325.518311 55475.027344 1.028360
604700 297.257996 -26.551830 -20354.685547 3325.508057 55475.320312 1.028354
604800 297.257233 -26.550037 -20354.564453 3325.499512 55475.550781 1.028350
604900 297.256500 -26.551704 -20354.449219 3325.491455 55475.792969 1.028346
605000 297.255859 -26.550632 -20354.353516 3325.484375 55475.996094 1.028342
605100 297.255249 -26.553619 -20354.257812 3325.477295 55476.199219 1.028338
605200 297.254669 -26.547783 -20354.173828 3325.470947 55476.359375 1.028335
605300 297.254181 -26.547451 -20354.099609 3325.465332 55476.523438 1.028332
605400 297.253723 -26.548798 -20354.031250 3325.460449 55476.667969 1.028329
605500 297.253296 -26.548977 -20353.966797 3325.455566 55476.804688 1.028327
605600 297.252991 -26.549393 -20353.916016 3325.452148 55476.906250 1.028325
605700 297.252655 -26.546741 -20353.865234 3325.448242 55477.019531 1.028323
605800 297.252380 -26.544907 -20353.818359 3325.445312 55477.093750 1.028322
605900 297.252106 -26.541676 -20353.771484 3325.442383 55477.183594 1.028320
606000 297.251831 -26.543358 -20353.738281 3325.438965 55477.253906 1.028319
606100 297.251617 -26.541050 -20353.707031 3325.436768 55477.328125 1.028317
606200 297.251434 -26.537922 -20353.681641 3325.434814 55477.378906 1.028316
606300 297.251251 -26.532318 -20353.658203 3325.432861 55477.425781 1.028315
606400 297.251068 -26.530655 -20353.632812 3325.430664 55477.472656 1.028314
606500 297.250946 -26.530910 -20353.611328 3325.429443 55477.523438 1.028314
606600 297.250793 -26.528023 -20353.585938 3325.427490 55477.554688 1.028313
606700 297.250732 -26.528870 -20353.566406 3325.426758 55477.597656 1.028312
606800 297.250610 -26.525928 -20353.552734 3325.425537 55477.628906 1.028312
606900 297.250519 -26.523567 -20353.539062 3325.424561 55477.648438 1.028311
607000 297.250427 -26.523537 -20353.523438 3325.423584 55477.675781 1.028311
607100 297.250336 -26.525631 -20353.509766 3325.422607 55477.703125 1.028310
607200 297.250275 -26.529560 -20353.498047 3325.421875 55477.722656 1.028310
607300 297.250183 -26.530266 -20353.486328 3325.420898 55477.757812 1.028309
607400 297.250092 -26.530392 -20353.476562 3325.419922 55477.789062 1.028309
607500 297.250000 -26.530029 -20353.462891 3325.418457 55477.820312 1.028308
607600 297.249908 -26.530155 -20353.451172 3325.417480 55477.843750 1.028308
607700 297.249908 -26.527866 -20353.445312 3325.417480 55477.851562 1.028307
607800 297.249878 -26.525898 -20353.441406 3325.417236 55477.863281 1.028307
607900 297.249817 -26.525341 -20353.435547 3325.416504 55477.875000 1.028307
608000 297.249786 -26.524353 -20353.431641 3325.416260 55477.878906 1.028307
608100 297.249725 -26.523735 -20353.421875 3325.415527 55477.906250 1.028306
608200 297.249664 -26.523956 -20353.412109 3325.414795 55477.925781 1.028306
608300 297.249603 -26.522316 -20353.402344 3325.414307 55477.941406 1.028306
608400 297.249573 -26.521832 -20353.396484 3325.413818 55477.953125 1.028306
608500 297.249542 -26.521729 -20353.390625 3325.413574 55477.960938 1.028306
608600 297.249481 -26.521332 -20353.388672 3325.412842 55477.968750 1.028305
608700 297.249451 -26.521248 -20353.386719 3325.412598 55477.984375 1.028305
608800 297.249420 -26.521812 -20353.386719 3325.412354 55477.992188 1.028305
608900 297.249420 -26.522163 -20353.386719 3325.412354 55477.996094 1.028305
609000 297.249359 -26.522587 -20353.380859 3325.411621 55478.007812 1.028305
609100 297.249329 -26.522884 -20353.375000 3325.411377 55478.019531 1.028304
609200 297.249329 -26.523140 -20353.371094 3325.411377 55478.023438 1.028304
609300 297.249329 -26.523033 -20353.369141 3325.411377 55478.023438 1.028304
609400 297.249298 -26.523365 -20353.367188 3325.410889 55478.027344 1.028304
609500 297.249298 -26.523731 -20353.365234 3325.410889 55478.027344 1.028304
609600 297.249268 -26.525269 -20353.365234 3325.410645 55478.035156 1.028304
609700 297.249268 -26.525276 -20353.363281 3325.410645 55478.035156 1.028304
609800 297.249237 -26.524387 -20353.359375 3325.410400 55478.035156 1.028304
609900 297.249237 -26.523914 -20353.357422 3325.410400 55478.039062 1.028304
610000 297.249207 -26.523167 -20353.355469 3325.409912 55478.039062 1.028304
610100 297.249207 -26.522694 -20353.355469 3325.409912 55478.039062 1.028304
610200 297.249176 -26.523621 -20353.353516 3325.409668 55478.054688 1.028304
610300 297.249176 -26.523735 -20353.351562 3325.409668 55478.054688 1.028304
610400 297.249176 -26.524258 -20353.349609 3325.409668 55478.054688 1.028304
610500 297.249146 -26.526478 -20353.347656 3325.409180 55478.066406 1.028304
610600 297.249146 -26.527180 -20353.343750 3325.409180 55478.070312 1.028303
610700 297.249146 -26.528164 -20353.341797 3325.409180 55478.085938 1.028303
610800 297.249146 -26.528503 -20353.341797 3325.409180 55478.093750 1.028303
610900 297.249146 -26.528538 -20353.339844 3325.409180 55478.093750 1.028303
611000 297.249115 -26.529087 -20353.337891 3325.408691 55478.093750 1.028303
611100 297.249115 -26.529510 -20353.333984 3325.408691 55478.093750 1.028303
611200 297.249084 -26.529636 -20353.330078 3325.408203 55478.105469 1.028303
611300 297.249084 -26.529331 -20353.328125 3325.408203 55478.105469 1.028303
611400 297.249084 -26.529037 -20353.328125 3325.408203 55478.105469 1.028303
611500 297.249054 -26.530025 -20353.324219 3325.407959 55478.105469 1.028303
611600 297.249054 -26.531033 -20353.322266 3325.407959 55478.113281 1.028303
611700 297.249054 -26.531490 -20353.322266 3325.407959 55478.113281 1.028303
611800 297.249023 -26.532017 -20353.320312 3325.407715 55478.121094 1.028303
611900 297.249023 -26.532646 -20353.316406 3325.407715 55478.121094 1.028303
612000 297.249023 -26.532570 -20353.316406 3325.407715 55478.121094 1.028303
612100 297.249023 -26.532410 -20353.318359 3325.407715 55478.121094 1.028303
612200 297.249023 -26.531696 -20353.316406 3325.407715 55478.121094 1.028303
612300 297.249023 -26.531563 -20353.316406 3325.407715 55478.121094 1.028303
612400 297.249023 -26.531754 -20353.316406 3325.407715 55478.121094 1.028303
612500 297.248993 -26.531311 -20353.316406 3325.407227 55478.121094 1.028303
612600 297.248993 -26.530495 -20353.314453 3325.407227 55478.121094 1.028303
612700 297.248993 -26.530140 -20353.314453 3325.407227 55478.121094 1.028303
612800 297.248993 -26.529785 -20353.314453 3325.407227 55478.121094 1.028303
612900 297.248993 -26.529793 -20353.314453 3325.407227 55478.121094 1.028303
613000 297.248993 -26.530136 -20353.314453 3325.407227 55478.121094 1.028303
613100 297.248993 -26.530750 -20353.314453 3325.407227 55478.125000 1.028302
613200 297.248962 -26.530315 -20353.312500 3325.406982 55478.128906 1.028302
613300 297.248962 -26.530224 -20353.310547 3325.406982 55478.128906 1.028302
613400 297.248932 -26.530598 -20353.308594 3325.406738 55478.136719 1.028302
613500 297.248932 -26.530048 -20353.306641 3325.406738 55478.136719 1.028302
613600 297.248932 -26.529774 -20353.306641 3325.406738 55478.144531 1.028302
613700 297.248901 -26.529091 -20353.304688 3325.406250 55478.144531 1.028302
613800 297.248901 -26.528347 -20353.304688 3325.406250 55478.144531 1.028302
613900 297.248901 -26.528023 -20353.302734 3325.406250 55478.152344 1.028302
614000 297.248901 -26.527996 -20353.302734 3325.406250 55478.152344 1.028302
614100 297.248901 -26.528187 -20353.302734 3325.406250 55478.152344 1.028302
614200 297.248901 -26.528027 -20353.302734 3325.406250 55478.152344 1.028302
614300 297.248901 -26.527424 -20353.302734 3325.406250 55478.144531 1.028302
614400 297.248901 -26.527645 -20353.302734 3325.406250 55478.144531 1.028302
614500 297.248901 -26.528023 -20353.302734 3325.406250 55478.144531 1.028302
614600 297.248901 -26.529308 -20353.302734 3325.406250 55478.144531 1.028302
614700 297.248901 -26.529842 -20353.302734 3325.406250 55478.152344 1.028302
614800 297.248871 -26.529762 -20353.302734 3325.406006 55478.152344 1.028302
614900 297.248871 -26.529549 -20353.302734 3325.406006 55478.156250 1.028302
615000 297.248871 -26.529449 -20353.302734 3325.406006 55478.156250 1.028302
615100 297.248871 -26.529350 -20353.302734 3325.406006 55478.156250 1.028302
615200 297.248871 -26.529251 -20353.302734 3325.406006 55478.156250 1.028302
615300 297.248871 -26.528976 -20353.302734 3325.406006 55478.156250 1.028302
615400 297.248871 -26.528805 -20353.302734 3325.406006 55478.156250 1.028302
615500 297.248871 -26.528797 -20353.302734 3325.406006 55478.156250 1.028302
615600 297.248871 -26.529007 -20353.302734 3325.406006 55478.156250 1.028302
615700 297.248871 -26.530228 -20353.302734 3325.406006 55478.156250 1.028302
615800 297.248871 -26.531128 -20353.302734 3325.406006 55478.164062 1.028302
615900 297.248871 -26.531536 -20353.300781 3325.406006 55478.164062 1.028302
616000 297.248871 -26.531929 -20353.300781 3325.406006 55478.164062 1.028302
616100 297.248871 -26.532280 -20353.302734 3325.406006 55478.164062 1.028302
616200 297.248871 -26.533104 -20353.300781 3325.406006 55478.167969 1.028302
616300 297.248871 -26.533497 -20353.300781 3325.406006 55478.167969 1.028302
616400 297.248871 -26.533657 -20353.298828 3325.406006 55478.167969 1.028302
616500 297.248871 -26.533623 -20353.298828 3325.406006 55478.167969 1.028302
616600 297.248901 -26.532978 -20353.298828 3325.406250 55478.167969 1.028302
616700 297.248871 -26.532871 -20353.296875 3325.406006 55478.167969 1.028302
616800 297.248871 -26.532818 -20353.296875 3325.406006 55478.167969 1.028302
616900 297.248871 -26.532944 -20353.296875 3325.406006 55478.167969 1.028302
617000 297.248871 -26.533047 -20353.296875 3325.406006 55478.167969 1.028302
617100 297.248871 -26.533119 -20353.296875 3325.406006 55478.179688 1.028301
617200 297.248871 -26.533649 -20353.296875 3325.406006 55478.179688 1.028301
617300 297.248871 -26.533585 -20353.296875 3325.406006 55478.179688 1.028301
617400 297.248840 -26.532951 -20353.294922 3325.405762 55478.179688 1.028301
617500 297.248840 -26.532711 -20353.294922 3325.405762 55478.179688 1.028301
617600 297.248840 -26.533161 -20353.294922 3325.405762 55478.179688 1.028301
617700 297.248840 -26.533314 -20353.294922 3325.405762 55478.183594 1.028301
617800 297.248840 -26.533485 -20353.294922 3325.405762 55478.183594 1.028301
617900 297.248840 -26.533585 -20353.294922 3325.405762 55478.183594 1.028301
618000 297.248840 -26.533642 -20353.294922 3325.405762 55478.183594 1.028301
618100 297.248840 -26.533699 -20353.294922 3325.405762 55478.183594 1.028301
618200 297.248840 -26.533585 -20353.294922 3325.405762 55478.183594 1.028301
618300 297.248840 -26.533562 -20353.294922 3325.405762 55478.183594 1.028301
618400 297.248840 -26.533577 -20353.294922 3325.405762 55478.183594 1.028301
618500 297.248840 -26.533413 -20353.294922 3325.405762 55478.183594 1.028301
618600 297.248840 -26.533325 -20353.294922 3325.405762 55478.183594 1.028301
618700 297.248840 -26.533443 -20353.294922 3325.405762 55478.183594 1.028301
618800 297.248840 -26.533470 -20353.294922 3325.405762 55478.183594 1.028301
618900 297.248840 -26.533463 -20353.294922 3325.405762 55478.183594 1.028301
619000 297.248840 -26.533535 -20353.294922 3325.405762 55478.183594 1.028301
619100 297.248840 -26.533585 -20353.294922 3325.405762 55478.183594 1.028301
619200 297.248840 -26.533607 -20353.294922 3325.405762 55478.183594 1.028301
619300 297.248840 -26.533615 -20353.294922 3325.405762 55478.183594 1.028301
619400 297.248840 -26.533714 -20353.294922 3325.405762 55478.183594 1.028301
619500 297.248840 -26.533863 -20353.294922 3325.405762 55478.183594 1.028301
619600 297.248840 -26.533951 -20353.292969 3325.405762 55478.183594 1.028301
619700 297.248840 -26.534031 -20353.292969 3325.405762 55478.183594 1.028301
619800 297.248840 -26.534069 -20353.292969 3325.405762 55478.183594 1.028301
619900 297.248840 -26.534100 -20353.292969 3325.405762 55478.183594 1.028301
620000 297.248810 -26.534111 -20353.292969 3325.405273 55478.183594 1.028301
620100 297.248810 -26.534126 -20353.292969 3325.405273 55478.183594 1.028301
620200 297.248810 -26.534134 -20353.292969 3325.405273 55478.183594 1.028301
620300 297.248810 -26.534145 -20353.292969 3325.405273 55478.183594 1.028301
620400 297.248810 -26.534134 -20353.292969 3325.405273 55478.183594 1.028301
620500 297.248810 -26.534138 -20353.292969 3325.405273 55478.183594 1.028301
620600 297.248810 -26.534134 -20353.292969 3325.405273 55478.183594 1.028301
620700 297.248810 -26.534134 -20353.292969 3325.405273 55478.183594 1.028301
620800 297.248810 -26.534138 -20353.292969 3325.405273 55478.183594 1.028301
620900 297.248810 -26.534134 -20353.292969 3325.405273 55478.183594 1.028301
621000 297.248810 -26.534130 -20353.292969 3325.405273 55478.183594 1.028301
621100 297.248810 -26.534134 -20353.292969 3325.405273 55478.183594 1.028301
621200 297.248810 -26.534134 -20353.292969 3325.405273 55478.183594 1.028301
621300 297.248810 -26.534111 -20353.292969 3325.405273 55478.183594 1.028301
621400 297.248810 -26.534088 -20353.292969 3325.405273 55478.183594 1.028301
621500 297.248810 -26.534065 -20353.292969 3325.405273 55478.183594 1.028301
621600 297.248840 -26.534058 -20353.292969 3325.405762 55478.183594 1.028301
621700 297.248840 -26.534054 -20353.292969 3325.405762 55478.183594 1.028301
621800 297.248840 -26.534046 -20353.292969 3325.405762 55478.183594 1.028301
621900 297.248840 -26.534054 -20353.292969 3325.405762 55478.183594 1.028301
622000 297.248840 -26.534054 -20353.292969 3325.405762 55478.183594 1.028301
622100 297.248840 -26.534058 -20353.292969 3325.405762 55478.183594 1.028301
622200 297.248840 -26.534054 -20353.292969 3325.405762 55478.183594 1.028301
622300 297.248840 -26.534065 -20353.292969 3325.405762 55478.183594 1.028301
622400 297.248840 -26.534065 -20353.292969 3325.405762 55478.183594 1.028301
622500 297.248840 -26.534069 -20353.292969 3325.405762 55478.183594 1.028301
622600 297.248840 -26.534073 -20353.292969 3325.405762 55478.183594 1.028301
622700 297.248840 -26.534088 -20353.292969 3325.405762 55478.183594 1.028301
622800 297.248840 -26.534081 -20353.292969 3325.405762 55478.183594 1.028301
622900 297.248840 -26.534306 -20353.292969 3325.405762 55478.183594 1.028301
623000 297.248840 -26.534313 -20353.294922 3325.405762 55478.183594 1.028301
623100 297.248840 -26.533985 -20353.294922 3325.405762 55478.183594 1.028301
623200 297.248840 -26.533852 -20353.294922 3325.405762 55478.183594 1.028301
623300 297.248840 -26.533806 -20353.294922 3325.405762 55478.183594 1.028301
623400 297.248840 -26.533791 -20353.294922 3325.405762 55478.183594 1.028301
623500 297.248840 -26.533779 -20353.294922 3325.405762 55478.183594 1.028301
623600 297.248840 -26.533783 -20353.294922 3325.405762 55478.183594 1.028301
623700 297.248840 -26.533798 -20353.294922 3325.405762 55478.183594 1.028301
623800 297.248840 -26.533813 -20353.294922 3325.405762 55478.183594 1.028301
623900 297.248840 -26.533825 -20353.294922 3325.405762 55478.183594 1.028301
624000 297.248840 -26.533646 -20353.292969 3325.405762 55478.183594 1.028301
624100 297.248840 -26.533176 -20353.292969 3325.405762 55478.183594 1.028301
624200 297.248840 -26.532948 -20353.292969 3325.405762 55478.183594 1.028301
624300 297.248810 -26.532555 -20353.292969 3325.405273 55478.183594 1.028301
624400 297.248810 -26.532261 -20353.291016 3325.405273 55478.187500 1.028301
624500 297.248810 -26.532051 -20353.291016 3325.405273 55478.187500 1.028301
624600 297.248810 -26.531937 -20353.292969 3325.405273 55478.187500 1.028301
624700 297.248810 -26.531849 -20353.292969 3325.405273 55478.187500 1.028301
624800 297.248810 -26.531746 -20353.292969 3325.405273 55478.187500 1.028301
624900 297.248810 -26.531689 -20353.292969 3325.405273 55478.183594 1.028301
625000 297.248810 -26.531658 -20353.292969 3325.405273 55478.183594 1.028301
625100 297.248810 -26.531639 -20353.292969 3325.405273 55478.183594 1.028301
625200 297.248810 -26.531628 -20353.292969 3325.405273 55478.183594 1.028301
625300 297.248810 -26.531628 -20353.292969 3325.405273 55478.183594 1.028301
625400 297.248810 -26.531616 -20353.292969 3325.405273 55478.183594 1.028301
625500 297.248810 -26.531624 -20353.292969 3325.405273 55478.183594 1.028301
625600 297.248810 -26.531616 -20353.292969 3325.405273 55478.183594 1.028301
625700 297.248810 -26.531616 -20353.292969 3325.405273 55478.183594 1.028301
625800 297.248810 -26.531616 -20353.292969 3325.405273 55478.183594 1.028301
625900 297.248810 -26.531605 -20353.292969 3325.405273 55478.183594 1.028301
626000 297.248810 -26.531609 -20353.292969 3325.405273 55478.183594 1.028301
626100 297.248810 -26.531616 -20353.292969 3325.405273 55478.183594 1.028301
626200 297.248810 -26.531609 -20353.292969 3325.405273 55478.183594 1.028301
626300 297.248810 -26.531612 -20353.292969 3325.405273 55478.183594 1.028301
626400 297.248810 -26.531616 -20353.292969 3325.405273 55478.183594 1.028301
626500 297.248810 -26.531609 -20353.292969 3325.405273 55478.183594 1.028301
626600 297.248810 -26.531609 -20353.292969 3325.405273 55478.183594 1.028301
626700 297.248810 -26.531612 -20353.292969 3325.405273 55478.183594 1.028301
626800 297.248810 -26.531616 -20353.292969 3325.405273 55478.183594 1.028301
626900 297.248810 -26.531616 -20353.292969 3325.405273 55478.183594 1.028301
627000 297.248810 -26.531616 -20353.292969 3325.405273 55478.183594 1.028301
627100 297.248810 -26.531616 -20353.292969 3325.405273 55478.183594 1.028301
627200 297.248810 -26.531609 -20353.292969 3325.405273 55478.183594 1.028301
627300 297.248810 -26.531609 -20353.292969 3325.405273 55478.183594 1.028301
627400 297.248810 -26.531616 -20353.292969 3325.405273 55478.183594 1.028301
627500 297.248810 -26.531609 -20353.292969 3325.405273 55478.183594 1.028301
627600 297.248810 -26.531609 -20353.292969 3325.405273 55478.183594 1.028301
627700 297.248810 -26.531609 -20353.292969 3325.405273 55478.183594 1.028301
627800 297.248810 -26.531609 -20353.292969 3325.405273 55478.183594 1.028301
627900 297.248810 -26.531609 -20353.292969 3325.405273 55478.183594 1.028301
628000 297.248810 -26.531609 -20353.292969 3325.405273 55478.183594 1.028301
628100 297.248810 -26.531609 -20353.292969 3325.405273 55478.183594 1.028301
628200 297.248810 -26.531609 -20353.292969 3325.405273 55478.183594 1.028301
628300 297.248810 -26.531609 -20353.292969 3325.405273 55478.183594 1.028301
628400 297.248810 -26.531609 -20353.292969 3325.405273 55478.183594 1.028301
628500 297.248810 -26.531609 -20353.292969 3325.405273 55478.183594 1.028301
628600 297.248810 -26.531609 -20353.292969 3325.405273 55478.183594 1.028301
628700 297.248810 -26.531616 -20353.292969 3325.405273 55478.183594 1.028301
628800 297.248810 -26.531616 -20353.292969 3325.405273 55478.183594 1.028301
628900 297.248810 -26.531609 -20353.292969 3325.405273 55478.183594 1.028301
629000 297.248810 -26.531609 -20353.292969 3325.405273 55478.183594 1.028301
629100 297.248810 -26.531609 -20353.292969 3325.405273 55478.183594 1.028301
629200 297.248810 -26.531609 -20353.292969 3325.405273 55478.183594 1.028301
629300 297.248810 -26.531609 -20353.292969 3325.405273 55478.183594 1.028301
629400 297.248810 -26.531609 -20353.292969 3325.405273 55478.183594 1.028301
629500 297.248810 -26.531609 -20353.292969 3325.405273 55478.183594 1.028301
629600 297.248810 -26.531609 -20353.292969 3325.405273 55478.183594 1.028301
629700 297.248810 -26.531609 -20353.292969 3325.405273 55478.183594 1.028301
629800 297.248810 -26.531609 -20353.292969 3325.405273 55478.183594 1.028301
629900 297.248810 -26.531609 -20353.292969 3325.405273 55478.183594 1.028301
630000 297.248810 -26.531616 -20353.292969 3325.405273 55478.183594 1.028301
630100 297.248810 -26.531609 -20353.292969 3325.405273 55478.183594 1.028301
630200 297.248810 -26.531616 -20353.292969 3325.405273 55478.183594 1.028301
630300 297.248810 -26.531616 -20353.292969 3325.405273 55478.183594 1.028301
630400 297.248810 -26.531609 -20353.292969 3325.405273 55478.183594 1.028301
630500 297.248810 -26.531609 -20353.292969 3325.405273 55478.183594 1.028301
630600 297.248810 -26.531616 -20353.292969 3325.405273 55478.183594 1.028301
630700 297.248810 -26.531616 -20353.292969 3325.405273 55478.183594 1.028301
630800 297.248810 -26.531616 -20353.292969 3325.405273 55478.183594 1.028301
630900 297.248810 -26.531616 -20353.292969 3325.405273 55478.183594 1.028301
631000 297.248810 -26.531609 -20353.292969 3325.405273 55478.183594 1.028301
631100 297.248810 -26.531609 -20353.292969 3325.405273 55478.183594 1.028301
631200 297.248810 -26.531609 -20353.292969 3325.405273 55478.183594 1.028301
631300 297.248810 -26.531616 -20353.292969 3325.405273 55478.183594 1.028301
631400 297.248810 -26.531616 -20353.292969 3325.405273 55478.183594 1.028301
631500 297.248810 -26.531616 -20353.292969 3325.405273 55478.183594 1.028301
631600 297.248810 -26.531609 -20353.292969 3325.405273 55478.183594 1.028301
631700 297.248810 -26.531609 -20353.292969 3325.405273 55478.183594 1.028301
631800 297.248810 -26.531616 -20353.292969 3325.405273 55478.183594 1.028301
631900 297.248810 -26.531609 -20353.292969 3325.405273 55478.183594 1.028301
632000 297.248810 -26.531616 -20353.292969 3325.405273 55478.183594 1.028301
632100 297.248810 -26.531616 -20353.292969 3325.405273 55478.183594 1.028301
632200 297.248810 -26.531609 -20353.292969 3325.405273 55478.183594 1.028301
632300 297.248810 -26.531609 -20353.292969 3325.405273 55478.183594 1.028301
632400 297.248810 -26.531609 -20353.292969 3325.405273 55478.183594 1.028301
632500 297.248810 -26.531616 -20353.292969 3325.405273 55478.183594 1.028301
632600 297.248810 -26.531609 -20353.292969 3325.405273 55478.183594 1.028301
632700 297.248810 -26.531609 -20353.292969 3325.405273 55478.183594 1.028301
632800 297.248810 -26.531616 -20353.292969 3325.405273 55478.183594 1.028301
632900 297.248810 -26.531616 -20353.292969 3325.405273 55478.183594 1.028301
633000 297.248810 -26.531616 -20353.292969 3325.405273 55478.183594 1.028301
633100 297.248810 -26.531616 -20353.292969 3325.405273 55478.183594 1.028301
633200 297.248810 -26.531616 -20353.292969 3325.405273 55478.183594 1.028301
633300 297.248810 -26.531616 -20353.292969 3325.405273 55478.183594 1.028301
633400 297.248810 -26.531616 -20353.292969 3325.405273 55478.183594 1.028301
633500 297.248810 -26.531609 -20353.292969 3325.405273 55478.183594 1.028301
633600 297.248810 -26.531609 -20353.292969 3325.405273 55478.183594 1.028301
633700 297.248810 -26.531609 -20353.292969 3325.405273 55478.183594 1.028301
633800 297.248810 -26.531616 -20353.292969 3325.405273 55478.183594 1.028301
633900 297.248810 -26.531612 -20353.292969 3325.405273 55478.183594 1.028301
634000 297.248810 -26.531609 -20353.292969 3325.405273 55478.183594 1.028301
634100 297.248810 -26.531616 -20353.292969 3325.405273 55478.183594 1.028301
634200 297.248810 -26.531616 -20353.292969 3325.405273 55478.183594 1.028301
634300 297.248810 -26.531616 -20353.292969 3325.405273 55478.183594 1.028301
634400 297.248810 -26.531612 -20353.292969 3325.405273 55478.183594 1.028301
634500 297.248810 -26.531609 -20353.292969 3325.405273 55478.183594 1.028301
634600 297.248810 -26.531609 -20353.292969 3325.405273 55478.183594 1.028301
634700 297.248810 -26.531616 -20353.292969 3325.405273 55478.183594 1.028301
634800 297.248810 -26.531609 -20353.292969 3325.405273 55478.183594 1.028301
634900 297.248810 -26.531609 -20353.292969 3325.405273 55478.183594 1.028301
635000 297.248810 -26.531616 -20353.292969 3325.405273 55478.183594 1.028301
635100 297.248810 -26.531616 -20353.292969 3325.405273 55478.183594 1.028301
635200 297.248810 -26.531609 -20353.292969 3325.405273 55478.183594 1.028301
635300 297.248810 -26.531609 -20353.292969 3325.405273 55478.183594 1.028301
635400 297.248810 -26.531616 -20353.292969 3325.405273 55478.183594 1.028301
635500 297.248810 -26.531609 -20353.292969 3325.405273 55478.183594 1.028301
635600 297.248810 -26.531616 -20353.292969 3325.405273 55478.183594 1.028301
635700 297.248810 -26.531616 -20353.292969 3325.405273 55478.183594 1.028301
635800 297.248810 -26.531609 -20353.292969 3325.405273 55478.183594 1.028301
635900 297.248810 -26.531616 -20353.292969 3325.405273 55478.183594 1.028301
636000 297.248810 -26.531609 -20353.292969 3325.405273 55478.183594 1.028301
636100 297.248810 -26.531612 -20353.292969 3325.405273 55478.183594 1.028301
636200 297.248810 -26.531609 -20353.292969 3325.405273 55478.183594 1.028301
636300 297.248810 -26.531609 -20353.292969 3325.405273 55478.183594 1.028301
636400 297.248810 -26.531609 -20353.292969 3325.405273 55478.183594 1.028301
636500 297.248810 -26.531609 -20353.292969 3325.405273 55478.183594 1.028301
636600 297.248810 -26.531616 -20353.292969 3325.405273 55478.183594 1.028301
636700 297.248810 -26.531616 -20353.292969 3325.405273 55478.183594 1.028301
636800 297.248810 -26.531616 -20353.292969 3325.405273 55478.183594 1.028301
636900 297.248810 -26.531609 -20353.292969 3325.405273 55478.183594 1.028301
637000 297.248810 -26.531609 -20353.292969 3325.405273 55478.183594 1.028301
637100 297.248810 -26.531609 -20353.292969 3325.405273 55478.183594 1.028301
637200 297.248810 -26.531616 -20353.292969 3325.405273 55478.183594 1.028301
637300 297.248810 -26.531609 -20353.292969 3325.405273 55478.183594 1.028301
637400 297.248810 -26.531609 -20353.292969 3325.405273 55478.183594 1.028301
637500 297.248810 -26.531609 -20353.292969 3325.405273 55478.183594 1.028301
637600 297.248810 -26.531609 -20353.292969 3325.405273 55478.183594 1.028301
637700 297.248810 -26.531609 -20353.292969 3325.405273 55478.183594 1.028301
637800 297.248810 -26.531616 -20353.292969 3325.405273 55478.183594 1.028301
637900 297.248810 -26.531609 -20353.292969 3325.405273 55478.183594 1.028301
638000 297.248810 -26.531609 -20353.292969 3325.405273 55478.183594 1.028301
638100 297.248810 -26.531616 -20353.292969 3325.405273 55478.183594 1.028301
638200 297.248810 -26.531616 -20353.292969 3325.405273 55478.183594 1.028301
638300 297.248810 -26.531616 -20353.292969 3325.405273 55478.183594 1.028301
638400 297.248810 -26.531616 -20353.292969 3325.405273 55478.183594 1.028301
638500 297.248810 -26.531616 -20353.292969 3325.405273 55478.183594 1.028301
638600 297.248810 -26.531616 -20353.292969 3325.405273 55478.183594 1.028301
638700 297.248810 -26.531616 -20353.292969 3325.405273 55478.183594 1.028301
638800 297.248810 -26.531616 -20353.292969 3325.405273 55478.183594 1.028301
638900 297.248810 -26.531616 -20353.292969 3325.405273 55478.183594 1.028301
639000 297.248810 -26.531609 -20353.292969 3325.405273 55478.183594 1.028301
639100 297.248810 -26.531616 -20353.292969 3325.405273 55478.183594 1.028301
639200 297.248810 -26.531616 -20353.292969 3325.405273 55478.183594 1.028301
639300 297.248810 -26.531616 -20353.292969 3325.405273 55478.183594 1.028301
639400 297.248810 -26.531616 -20353.292969 3325.405273 55478.183594 1.028301
639500 297.248810 -26.531616 -20353.292969 3325.405273 55478.183594 1.028301
639600 297.248810 -26.531616 -20353.292969 3325.405273 55478.183594 1.028301
639700 297.248810 -26.531616 -20353.292969 3325.405273 55478.183594 1.028301
639800 297.248810 -26.531616 -20353.292969 3325.405273 55478.183594 1.028301
639900 297.248810 -26.531616 -20353.292969 3325.405273 55478.183594 1.028301
640000 297.248810 -26.531616 -20353.292969 3325.405273 55478.183594 1.028301
640100 297.248810 -26.531616 -20353.292969 3325.405273 55478.183594 1.028301
640200 297.248810 -26.531616 -20353.292969 3325.405273 55478.183594 1.028301
640300 297.248810 -26.531616 -20353.292969 3325.405273 55478.183594 1.028301
640400 297.248810 -26.531616 -20353.292969 3325.405273 55478.183594 1.028301
640500 297.248810 -26.531616 -20353.292969 3325.405273 55478.183594 1.028301
640600 297.248810 -26.531616 -20353.292969 3325.405273 55478.183594 1.028301
640700 297.248810 -26.531616 -20353.292969 3325.405273 55478.183594 1.028301
640800 297.248810 -26.531616 -20353.292969 3325.405273 55478.183594 1.028301
640900 297.248810 -26.531616 -20353.292969 3325.405273 55478.183594 1.028301
641000 297.248810 -26.531616 -20353.292969 3325.405273 55478.183594 1.028301
641100 297.248810 -26.531616 -20353.292969 3325.405273 55478.183594 1.028301
641200 297.248810 -26.531616 -20353.292969 3325.405273 55478.183594 1.028301
641300 297.248810 -26.531616 -20353.292969 3325.405273 55478.183594 1.028301
641400 297.248810 -26.531616 -20353.292969 3325.405273 55478.183594 1.028301
641500 297.248810 -26.531616 -20353.292969 3325.405273 55478.183594 1.028301
641600 297.248810 -26.531616 -20353.292969 3325.405273 55478.183594 1.028301
641700 297.248810 -26.531616 -20353.292969 3325.405273 55478.183594 1.028301
641800 297.248810 -26.531616 -20353.292969 3325.405273 55478.183594 1.028301
641900 297.248810 -26.531616 -20353.292969 3325.405273 55478.183594 1.028301
642000 297.248810 -26.531616 -20353.292969 3325.405273 55478.183594 1.028301
642100 297.248810 -26.531616 -20353.292969 3325.405273 55478.183594 1.028301
642200 297.248810 -26.531616 -20353.292969 3325.405273 55478.183594 1.028301
642300 297.248810 -26.531616 -20353.292969 3325.405273 55478.183594 1.028301
642400 297.248810 -26.531616 -20353.292969 3325.405273 55478.183594 1.028301
642500 297.248810 -26.531616 -20353.292969 3325.405273 55478.183594 1.028301
642600 297.248810 -26.531616 -20353.292969 3325.405273 55478.183594 1.028301
642700 297.248810 -26.531616 -20353.292969 3325.405273 55478.183594 1.028301
642800 297.248810 -26.531616 -20353.292969 3325.405273 55478.183594 1.028301
642900 297.248810 -26.531616 -20353.292969 3325.405273 55478.183594 1.028301
643000 297.248810 -26.531616 -20353.292969 3325.405273 55478.183594 1.028301
643100 297.248810 -26.531616 -20353.292969 3325.405273 55478.183594 1.028301
643200 297.248810 -26.531616 -20353.292969 3325.405273 55478.183594 1.028301
643300 297.248810 -26.531616 -20353.292969 3325.405273 55478.183594 1.028301
643400 297.248810 -26.531616 -20353.292969 3325.405273 55478.183594 1.028301
643500 297.248810 -26.531616 -20353.292969 3325.405273 55478.183594 1.028301
643600 297.248810 -26.531616 -20353.292969 3325.405273 55478.183594 1.028301
643700 297.248810 -26.531616 -20353.292969 3325.405273 55478.183594 1.028301
643800 297.248810 -26.531616 -20353.292969 3325.405273 55478.183594 1.028301
643900 297.248810 -26.531616 -20353.292969 3325.405273 55478.183594 1.028301
644000 297.248810 -26.531616 -20353.292969 3325.405273 55478.183594 1.028301
644100 297.248810 -26.531616 -20353.292969 3325.405273 55478.183594 1.028301
644200 297.248810 -26.531616 -20353.292969 3325.405273 55478.183594 1.028301
644300 297.248810 -26.531616 -20353.292969 3325.405273 55478.183594 1.028301
644400 297.248810 -26.531616 -20353.292969 3325.405273 55478.183594 1.028301
644500 297.248810 -26.531616 -20353.292969 3325.405273 55478.183594 1.028301
644600 297.248810 -26.531616 -20353.292969 3325.405273 55478.183594 1.028301
644700 297.248810 -26.531616 -20353.292969 3325.405273 55478.183594 1.028301
644800 297.248810 -26.531616 -20353.292969 3325.405273 55478.183594 1.028301
644900 297.248810 -26.531616 -20353.292969 3325.405273 55478.183594 1.028301
645000 297.248810 -26.531616 -20353.292969 3325.405273 55478.183594 1.028301
645100 297.248810 -26.531616 -20353.292969 3325.405273 55478.183594 1.028301
645200 297.248810 -26.531616 -20353.292969 3325.405273 55478.183594 1.028301
645300 297.248810 -26.531616 -20353.292969 3325.405273 55478.183594 1.028301
645400 297.248810 -26.531616 -20353.292969 3325.405273 55478.183594 1.028301
645500 297.248810 -26.531616 -20353.292969 3325.405273 55478.183594 1.028301
645600 297.248810 -26.531616 -20353.292969 3325.405273 55478.183594 1.028301
645700 297.248810 -26.531616 -20353.292969 3325.405273 55478.183594 1.028301
645800 297.248810 -26.531616 -20353.292969 3325.405273 55478.183594 1.028301
645900 297.248810 -26.531616 -20353.292969 3325.405273 55478.183594 1.028301
646000 297.248810 -26.531616 -20353.292969 3325.405273 55478.183594 1.028301
646100 297.248810 -26.531616 -20353.292969 3325.405273 55478.183594 1.028301
646200 297.248810 -26.531616 -20353.292969 3325.405273 55478.183594 1.028301
646300 297.248810 -26.531616 -20353.292969 3325.405273 55478.183594 1.028301
646400 297.248810 -26.531616 -20353.292969 3325.405273 55478.183594 1.028301
646500 297.248810 -26.531616 -20353.292969 3325.405273 55478.183594 1.028301
646600 297.248810 -26.531616 -20353.292969 3325.405273 55478.183594 1.028301
646700 297.248810 -26.531616 -20353.292969 3325.405273 55478.183594 1.028301
646800 297.248810 -26.531616 -20353.292969 3325.405273 55478.183594 1.028301
646900 297.248810 -26.531616 -20353.292969 3325.405273 55478.183594 1.028301
647000 297.248810 -26.531616 -20353.292969 3325.405273 55478.183594 1.028301
647100 297.248810 -26.531616 -20353.292969 3325.405273 55478.183594 1.028301
647200 297.248810 -26.531616 -20353.292969 3325.405273 55478.183594 1.028301
647300 297.248810 -26.531616 -20353.292969 3325.405273 55478.183594 1.028301
647400 297.248810 -26.531616 -20353.292969 3325.405273 55478.183594 1.028301
647500 297.248810 -26.531616 -20353.292969 3325.405273 55478.183594 1.028301
647600 297.248810 -26.531616 -20353.292969 3325.405273 55478.183594 1.028301
647700 297.248810 -26.531616 -20353.292969 3325.405273 55478.183594 1.028301
647800 297.248810 -26.531616 -20353.292969 3325.405273 55478.183594 1.028301
647900 297.248810 -26.531616 -20353.292969 3325.405273 55478.183594 1.028301
648000 297.248810 -26.531616 -20353.292969 3325.405273 55478.183594 1.028301
648100 297.248810 -26.531616 -20353.292969 3325.405273 55478.183594 1.028301
648200 297.248810 -26.531616 -20353.292969 3325.405273 55478.183594 1.028301
648300 297.248810 -26.531616 -20353.292969 3325.405273 55478.183594 1.028301
648400 297.248810 -26.531616 -20353.292969 3325.405273 55478.183594 1.028301
648500 297.248810 -26.531616 -20353.292969 3325.405273 55478.183594 1.028301
648600 297.248810 -26.531616 -20353.292969 3325.405273 55478.183594 1.028301
648700 297.248810 -26.531616 -20353.292969 3325.405273 55478.183594 1.028301
648800 297.248810 -26.531616 -20353.292969 3325.405273 55478.183594 1.028301
648900 297.248810 -26.531616 -20353.292969 3325.405273 55478.183594 1.028301
649000 297.248810 -26.531616 -20353.292969 3325.405273 55478.183594 1.028301
649100 297.248810 -26.531616 -20353.292969 3325.405273 55478.183594 1.028301
649200 297.248810 -26.531616 -20353.292969 3325.405273 55478.183594 1.028301
649300 297.248810 -26.531616 -20353.292969 3325.405273 55478.183594 1.028301
649400 297.248810 -26.531616 -20353.292969 3325.405273 55478.183594 1.028301
649500 297.248810 -26.531616 -20353.292969 3325.405273 55478.183594 1.028301
649600 297.248810 -26.531616 -20353.292969 3325.405273 55478.183594 1.028301
649700 297.248810 -26.531616 -20353.292969 3325.405273 55478.183594 1.028301
649800 297.248810 -26.531616 -20353.292969 3325.405273 55478.183594 1.028301
649900 297.248810 -26.531616 -20353.292969 3325.405273 55478.183594 1.028301
650000 297.248810 -26.531616 -20353.292969 3325.405273 55478.183594 1.028301
650100 297.248810 -26.531616 -20353.292969 3325.405273 55478.183594 1.028301
650200 297.248810 -26.531616 -20353.292969 3325.405273 55478.183594 1.028301
650300 297.248810 -26.531616 -20353.292969 3325.405273 55478.183594 1.028301
650400 297.248810 -26.531616 -20353.292969 3325.405273 55478.183594 1.028301
650500 297.248810 -26.531616 -20353.292969 3325.405273 55478.183594 1.028301
650600 297.248810 -26.531616 -20353.292969 3325.405273 55478.183594 1.028301
650700 297.248810 -26.531616 -20353.292969 3325.405273 55478.183594 1.028301
650800 297.248810 -26.531616 -20353.292969 3325.405273 55478.183594 1.028301
650900 297.248810 -26.531616 -20353.292969 3325.405273 55478.183594 1.028301
651000 297.248810 -26.531616 -20353.292969 3325.405273 55478.183594 1.028301
651100 297.248810 -26.531616 -20353.292969 3325.405273 55478.183594 1.028301
651200 297.248810 -26.531616 -20353.292969 3325.405273 55478.183594 1.028301
651300 297.248810 -26.531616 -20353.292969 3325.405273 55478.183594 1.028301
651400 297.248810 -26.531616 -20353.292969 3325.405273 55478.183594 1.028301
651500 297.248810 -26.531616 -20353.292969 3325.405273 55478.183594 1.028301
651600 297.248810 -26.531616 -20353.292969 3325.405273 55478.183594 1.028301
651700 297.248810 -26.531616 -20353.292969 3325.405273 55478.183594 1.028301
651800 297.248810 -26.531616 -20353.292969 3325.405273 55478.183594 1.028301
651900 297.248810 -26.531616 -20353.292969 3325.405273 55478.183594 1.028301
652000 297.248810 -26.531616 -20353.292969 3325.405273 55478.183594 1.028301
652100 297.248810 -26.531616 -20353.292969 3325.405273 55478.183594 1.028301
652200 297.248810 -26.531616 -20353.292969 3325.405273 55478.183594 1.028301
652300 297.248810 -26.531616 -20353.292969 3325.405273 55478.183594 1.028301
652400 297.248810 -26.531616 -20353.292969 3325.405273 55478.183594 1.028301
652500 297.248810 -26.531616 -20353.292969 3325.405273 55478.183594 1.028301
652600 297.248810 -26.531616 -20353.292969 3325.405273 55478.183594 1.028301
652700 297.248810 -26.531616 -20353.292969 3325.405273 55478.183594 1.028301
652800 297.248810 -26.531616 -20353.292969 3325.405273 55478.183594 1.028301
652900 297.248810 -26.531616 -20353.292969 3325.405273 55478.183594 1.028301
653000 297.248810 -26.531616 -20353.292969 3325.405273 55478.183594 1.028301
653100 297.248810 -26.531616 -20353.292969 3325.405273 55478.183594 1.028301
653200 297.248810 -26.531616 -20353.292969 3325.405273 55478.183594 1.028301
653300 297.248810 -26.531616 -20353.292969 3325.405273 55478.183594 1.028301
653400 297.248810 -26.531616 -20353.292969 3325.405273 55478.183594 1.028301
653500 297.248810 -26.531616 -20353.292969 3325.405273 55478.183594 1.028301
653600 297.248810 -26.531616 -20353.292969 3325.405273 55478.183594 1.028301
653700 297.248810 -26.531616 -20353.292969 3325.405273 55478.183594 1.028301
653800 297.248810 -26.531616 -20353.292969 3325.405273 55478.183594 1.028301
653900 297.248810 -26.531616 -20353.292969 3325.405273 55478.183594 1.028301
654000 297.248810 -26.531616 -20353.292969 3325.405273 55478.183594 1.028301
654100 297.248810 -26.531616 -20353.292969 3325.405273 55478.183594 1.028301
654200 297.248810 -26.531616 -20353.292969 3325.405273 55478.183594 1.028301
654300 297.248810 -26.531616 -20353.292969 3325.405273 55478.183594 1.028301
654400 297.248810 -26.531616 -20353.292969 3325.405273 55478.183594 1.028301
654500 297.248810 -26.531616 -20353.292969 3325.405273 55478.183594 1.028301
654600 297.248810 -26.531616 -20353.292969 3325.405273 55478.183594 1.028301
654700 297.248810 -26.531616 -20353.292969 3325.405273 55478.183594 1.028301
654800 297.248810 -26.531616 -20353.292969 3325.405273 55478.183594 1.028301
654900 297.248810 -26.531616 -20353.292969 3325.405273 55478.183594 1.028301
655000 297.248810 -26.531616 -20353.292969 3325.405273 55478.183594 1.028301
655100 297.248810 -26.531616 -20353.292969 3325.405273 55478.183594 1.028301
655200 297.248810 -26.531616 -20353.292969 3325.405273 55478.183594 1.028301
655300 297.248810 -26.531616 -20353.292969 3325.405273 55478.183594 1.028301
655400 297.248810 -26.531616 -20353.292969 3325.405273 55478.183594 1.028301
655500 297.248810 -26.531616 -20353.292969 3325.405273 55478.183594 1.028301
655600 297.248810 -26.531616 -20353.292969 3325.405273 55478.183594 1.028301
655700 297.248810 -26.531616 -20353.292969 3325.405273 55478.183594 1.028301
655800 297.248810 -26.531616 -20353.292969 3325.405273 55478.183594 1.028301
655900 297.248810 -26.531616 -20353.292969 3325.405273 55478.183594 1.028301
656000 297.248810 -26.531616 -20353.292969 3325.405273 55478.183594 1.028301
656100 297.248810 -26.531616 -20353.292969 3325.405273 55478.183594 1.028301
656200 297.248810 -26.531616 -20353.292969 3325.405273 55478.183594 1.028301
656300 297.248810 -26.531616 -20353.292969 3325.405273 55478.183594 1.028301
656400 297.248810 -26.531616 -20353.292969 3325.405273 55478.183594 1.028301
656500 297.248810 -26.531616 -20353.292969 3325.405273 55478.183594 1.028301
656600 297.248810 -26.531616 -20353.292969 3325.405273 55478.183594 1.028301
656700 297.248810 -26.531616 -20353.292969 3325.405273 55478.183594 1.028301
656800 297.248810 -26.531616 -20353.292969 3325.405273 55478.183594 1.028301
656900 297.248810 -26.531616 -20353.292969 3325.405273 55478.183594 1.028301
657000 297.248810 -26.531616 -20353.292969 3325.405273 55478.183594 1.028301
657100 297.248810 -26.531616 -20353.292969 3325.405273 55478.183594 1.028301
657200 297.248810 -26.531616 -20353.292969 3325.405273 55478.183594 1.028301
657300 297.248810 -26.531616 -20353.292969 3325.405273 55478.183594 1.028301
657400 297.248810 -26.531616 -20353.292969 3325.405273 55478.183594 1.028301
657500 297.248810 -26.531616 -20353.292969 3325.405273 55478.183594 1.028301
657600 297.248810 -26.531616 -20353.292969 3325.405273 55478.183594 1.028301
657700 297.248810 -26.531616 -20353.292969 3325.405273 55478.183594 1.028301
657800 297.248810 -26.531616 -20353.292969 3325.405273 55478.183594 1.028301
657900 297.248810 -26.531616 -20353.292969 3325.405273 55478.183594 1.028301
658000 297.248810 -26.531616 -20353.292969 3325.405273 55478.183594 1.028301
658100 297.248810 -26.531616 -20353.292969 3325.405273 55478.183594 1.028301
658200 297.248810 -26.531616 -20353.292969 3325.405273 55478.183594 1.028301
658300 297.248810 -26.531616 -20353.292969 3325.405273 55478.183594 1.028301
658400 297.248810 -26.531616 -20353.292969 3325.405273 55478.183594 1.028301
658500 297.248810 -26.531616 -20353.292969 3325.405273 55478.183594 1.028301
658600 297.248810 -26.531616 -20353.292969 3325.405273 55478.183594 1.028301
658700 297.248810 -26.531616 -20353.292969 3325.405273 55478.183594 1.028301
658800 297.248810 -26.531616 -20353.292969 3325.405273 55478.183594 1.028301
658900 297.248810 -26.531616 -20353.292969 3325.405273 55478.183594 1.028301
659000 297.248810 -26.531616 -20353.292969 3325.405273 55478.183594 1.028301
659100 297.248810 -26.531616 -20353.292969 3325.405273 55478.183594 1.028301
659200 297.248810 -26.531616 -20353.292969 3325.405273 55478.183594 1.028301
659300 297.248810 -26.531616 -20353.292969 3325.405273 55478.183594 1.028301
659400 297.248810 -26.531616 -20353.292969 3325.405273 55478.183594 1.028301
659500 297.248810 -26.531616 -20353.292969 3325.405273 55478.183594 1.028301
659600 297.248810 -26.531616 -20353.292969 3325.405273 55478.183594 1.028301
659700 297.248810 -26.531616 -20353.292969 3325.405273 55478.183594 1.028301
659800 297.248810 -26.531616 -20353.292969 3325.405273 55478.183594 1.028301
659900 297.248810 -26.531616 -20353.292969 3325.405273 55478.183594 1.028301
660000 297.248810 -26.531616 -20353.292969 3325.405273 55478.183594 1.028301
660100 297.248810 -26.531616 -20353.292969 3325.405273 55478.183594 1.028301
660200 297.248810 -26.531616 -20353.292969 3325.405273 55478.183594 1.028301
660300 297.248810 -26.531616 -20353.292969 3325.405273 55478.183594 1.028301
660400 297.248810 -26.531616 -20353.292969 3325.405273 55478.183594 1.028301
660500 297.248810 -26.531616 -20353.292969 3325.405273 55478.183594 1.028301
660600 297.248810 -26.531616 -20353.292969 3325.405273 55478.183594 1.028301
660700 297.248810 -26.531616 -20353.292969 3325.405273 55478.183594 1.028301
660800 297.248810 -26.531616 -20353.292969 3325.405273 55478.183594 1.028301
660900 297.248810 -26.531616 -20353.292969 3325.405273 55478.183594 1.028301
661000 297.248810 -26.531616 -20353.292969 3325.405273 55478.183594 1.028301
661100 297.248810 -26.531616 -20353.292969 3325.405273 55478.183594 1.028301
661200 297.248810 -26.531616 -20353.292969 3325.405273 55478.183594 1.028301
661300 297.248810 -26.531616 -20353.292969 3325.405273 55478.183594 1.028301
661400 297.248810 -26.531616 -20353.292969 3325.405273 55478.183594 1.028301
661500 297.248810 -26.531616 -20353.292969 3325.405273 55478.183594 1.028301
661600 297.248810 -26.531616 -20353.292969 3325.405273 55478.183594 1.028301
661700 297.248810 -26.531616 -20353.292969 3325.405273 55478.183594 1.028301
661800 297.248810 -26.531616 -20353.292969 3325.405273 55478.183594 1.028301
661900 297.248810 -26.531616 -20353.292969 3325.405273 55478.183594 1.028301
662000 297.248810 -26.531616 -20353.292969 3325.405273 55478.183594 1.028301
662100 297.248810 -26.531616 -20353.292969 3325.405273 55478.183594 1.028301
662200 297.248810 -26.531616 -20353.292969 3325.405273 55478.183594 1.028301
662300 297.248810 -26.531616 -20353.292969 3325.405273 55478.183594 1.028301
662400 297.248810 -26.531616 -20353.292969 3325.405273 55478.183594 1.028301
662500 297.248810 -26.531616 -20353.292969 3325.405273 55478.183594 1.028301
662600 297.248810 -26.531616 -20353.292969 3325.405273 55478.183594 1.028301
662700 297.248810 -26.531616 -20353.292969 3325.405273 55478.183594 1.028301
662800 297.248810 -26.531616 -20353.292969 3325.405273 55478.183594 1.028301
662900 297.248810 -26.531616 -20353.292969 3325.405273 55478.183594 1.028301
663000 297.248810 -26.531616 -20353.292969 3325.405273 55478.183594 1.028301
663100 297.248810 -26.531616 -20353.292969 3325.405273 55478.183594 1.028301
663200 297.248810 -26.531616 -20353.292969 3325.405273 55478.183594 1.028301
663300 297.248810 -26.531616 -20353.292969 3325.405273 55478.183594 1.028301
663400 297.248810 -26.531616 -20353.292969 3325.405273 55478.183594 1.028301
663500 297.248810 -26.531616 -20353.292969 3325.405273 55478.183594 1.028301
663600 297.248810 -26.531616 -20353.292969 3325.405273 55478.183594 1.028301
663700 297.248810 -26.531616 -20353.292969 3325.405273 55478.183594 1.028301
663800 297.248810 -26.531616 -20353.292969 3325.405273 55478.183594 1.028301
663900 297.248810 -26.531616 -20353.292969 3325.405273 55478.183594 1.028301
664000 297.248810 -26.531616 -20353.292969 3325.405273 55478.183594 1.028301
664100 297.248810 -26.531616 -20353.292969 3325.405273 55478.183594 1.028301
664200 297.248810 -26.531616 -20353.292969 3325.405273 55478.183594 1.028301
664300 297.248810 -26.531616 -20353.292969 3325.405273 55478.183594 1.028301
664400 297.248810 -26.531616 -20353.292969 3325.405273 55478.183594 1.028301
664500 297.248810 -26.531616 -20353.292969 3325.405273 55478.183594 1.028301
664600 297.248810 -26.531616 -20353.292969 3325.405273 55478.183594 1.028301
664700 297.248810 -26.531616 -20353.292969 3325.405273 55478.183594 1.028301
664800 297.248810 -26.531616 -20353.292969 3325.405273 55478.183594 1.028301
664900 297.248810 -26.531616 -20353.292969 3325.405273 55478.183594 1.028301
665000 297.248810 -26.531616 -20353.292969 3325.405273 55478.183594 1.028301
665100 297.248810 -26.531616 -20353.292969 3325.405273 55478.183594 1.028301
665200 297.248810 -26.531616 -20353.292969 3325.405273 55478.183594 1.028301
665300 297.248810 -26.531616 -20353.292969 3325.405273 55478.183594 1.028301
665400 297.248810 -26.531616 -20353.292969 3325.405273 55478.183594 1.028301
665500 297.248810 -26.531616 -20353.292969 3325.405273 55478.183594 1.028301
665600 297.248810 -26.531616 -20353.292969 3325.405273 55478.183594 1.028301
665700 297.248810 -26.531616 -20353.292969 3325.405273 55478.183594 1.028301
665800 297.248810 -26.531616 -20353.292969 3325.405273 55478.183594 1.028301
665900 297.248810 -26.531616 -20353.292969 3325.405273 55478.183594 1.028301
666000 297.248810 -26.531616 -20353.292969 3325.405273 55478.183594 1.028301
666100 297.248810 -26.531616 -20353.292969 3325.405273 55478.183594 1.028301
666200 297.248810 -26.531616 -20353.292969 3325.405273 55478.183594 1.028301
666300 297.248810 -26.531616 -20353.292969 3325.405273 55478.183594 1.028301
666400 297.248810 -26.531616 -20353.292969 3325.405273 55478.183594 1.028301
666500 297.248810 -26.531616 -20353.292969 3325.405273 55478.183594 1.028301
666600 297.248810 -26.531616 -20353.292969 3325.405273 55478.183594 1.028301
666700 297.248810 -26.531616 -20353.292969 3325.405273 55478.183594 1.028301
666800 297.248810 -26.531616 -20353.292969 3325.405273 55478.183594 1.028301
666900 297.248810 -26.531616 -20353.292969 3325.405273 55478.183594 1.028301
667000 297.248810 -26.531616 -20353.292969 3325.405273 55478.183594 1.028301
667100 297.248810 -26.531616 -20353.292969 3325.405273 55478.183594 1.028301
667200 297.248810 -26.531616 -20353.292969 3325.405273 55478.183594 1.028301
667300 297.248810 -26.531616 -20353.292969 3325.405273 55478.183594 1.028301
667400 297.248810 -26.531616 -20353.292969 3325.405273 55478.183594 1.028301
667500 297.248810 -26.531616 -20353.292969 3325.405273 55478.183594 1.028301
667600 297.248810 -26.531616 -20353.292969 3325.405273 55478.183594 1.028301
667700 297.248810 -26.531616 -20353.292969 3325.405273 55478.183594 1.028301
667800 297.248810 -26.531616 -20353.292969 3325.405273 55478.183594 1.028301
667900 297.248810 -26.531616 -20353.292969 3325.405273 55478.183594 1.028301
668000 297.248810 -26.531616 -20353.292969 3325.405273 55478.183594 1.028301
668100 297.248810 -26.531616 -20353.292969 3325.405273 55478.183594 1.028301
668200 297.248810 -26.531616 -20353.292969 3325.405273 55478.183594 1.028301
668300 297.248810 -26.531616 -20353.292969 3325.405273 55478.183594 1.028301
668400 297.248810 -26.531616 -20353.292969 3325.405273 55478.183594 1.028301
668500 297.248810 -26.531616 -20353.292969 3325.405273 55478.183594 1.028301
668600 297.248810 -26.531616 -20353.292969 3325.405273 55478.183594 1.028301
668700 297.248810 -26.531616 -20353.292969 3325.405273 55478.183594 1.028301
668800 297.248810 -26.531616 -20353.292969 3325.405273 55478.183594 1.028301
668900 297.248810 -26.531616 -20353.292969 3325.405273 55478.183594 1.028301
669000 297.248810 -26.531616 -20353.292969 3325.405273 55478.183594 1.028301
669100 297.248810 -26.531616 -20353.292969 3325.405273 55478.183594 1.028301
669200 297.248810 -26.531616 -20353.292969 3325.405273 55478.183594 1.028301
669300 297.248810 -26.531616 -20353.292969 3325.405273 55478.183594 1.028301
669400 297.248810 -26.531616 -20353.292969 3325.405273 55478.183594 1.028301
669500 297.248810 -26.531616 -20353.292969 3325.405273 55478.183594 1.028301
669600 297.248810 -26.531616 -20353.292969 3325.405273 55478.183594 1.028301
669700 297.248810 -26.531616 -20353.292969 3325.405273 55478.183594 1.028301
669800 297.248810 -26.531616 -20353.292969 3325.405273 55478.183594 1.028301
669900 297.248810 -26.531616 -20353.292969 3325.405273 55478.183594 1.028301
670000 297.248810 -26.531616 -20353.292969 3325.405273 55478.183594 1.028301
670100 297.248810 -26.531616 -20353.292969 3325.405273 55478.183594 1.028301
670200 297.248810 -26.531616 -20353.292969 3325.405273 55478.183594 1.028301
670300 297.248810 -26.531616 -20353.292969 3325.405273 55478.183594 1.028301
670400 297.248810 -26.531616 -20353.292969 3325.405273 55478.183594 1.028301
670500 297.248810 -26.531616 -20353.292969 3325.405273 55478.183594 1.028301
670600 297.248810 -26.531616 -20353.292969 3325.405273 55478.183594 1.028301
670700 297.248810 -26.531616 -20353.292969 3325.405273 55478.183594 1.028301
670800 297.248810 -26.531616 -20353.292969 3325.405273 55478.183594 1.028301
670900 297.248810 -26.531616 -20353.292969 3325.405273 55478.183594 1.028301
671000 297.248810 -26.531616 -20353.292969 3325.405273 55478.183594 1.028301
671100 297.248810 -26.531616 -20353.292969 3325.405273 55478.183594 1.028301
671200 297.248810 -26.531616 -20353.292969 3325.405273 55478.183594 1.028301
671300 297.248810 -26.531616 -20353.292969 3325.405273 55478.183594 1.028301
671400 297.248810 -26.531616 -20353.292969 3325.405273 55478.183594 1.028301
671500 297.248810 -26.531616 -20353.292969 3325.405273 55478.183594 1.028301
671600 297.248810 -26.531616 -20353.292969 3325.405273 55478.183594 1.028301
671700 297.248810 -26.531616 -20353.292969 3325.405273 55478.183594 1.028301
671800 297.248810 -26.531616 -20353.292969 3325.405273 55478.183594 1.028301
671900 297.248810 -26.531616 -20353.292969 3325.405273 55478.183594 1.028301
672000 297.248810 -26.531616 -20353.292969 3325.405273 55478.183594 1.028301
672100 297.248810 -26.531616 -20353.292969 3325.405273 55478.183594 1.028301
672200 297.248810 -26.531616 -20353.292969 3325.405273 55478.183594 1.028301
672300 297.248810 -26.531616 -20353.292969 3325.405273 55478.183594 1.028301
672400 297.248810 -26.531616 -20353.292969 3325.405273 55478.183594 1.028301
672500 297.248810 -26.531616 -20353.292969 3325.405273 55478.183594 1.028301
672600 297.248810 -26.531616 -20353.292969 3325.405273 55478.183594 1.028301
672700 297.248810 -26.531616 -20353.292969 3325.405273 55478.183594 1.028301
672800 297.248810 -26.531616 -20353.292969 3325.405273 55478.183594 1.028301
672900 297.248810 -26.531616 -20353.292969 3325.405273 55478.183594 1.028301
673000 297.248810 -26.531616 -20353.292969 3325.405273 55478.183594 1.028301
673100 297.248810 -26.531616 -20353.292969 3325.405273 55478.183594 1.028301
673200 297.248810 -26.531616 -20353.292969 3325.405273 55478.183594 1.028301
673300 297.248810 -26.531616 -20353.292969 3325.405273 55478.183594 1.028301
673400 297.248810 -26.531616 -20353.292969 3325.405273 55478.183594 1.028301
673500 297.248810 -26.531616 -20353.292969 3325.405273 55478.183594 1.028301
673600 297.248810 -26.531616 -20353.292969 3325.405273 55478.183594 1.028301
673700 297.248810 -26.531616 -20353.292969 3325.405273 55478.183594 1.028301
673800 297.248810 -26.531616 -20353.292969 3325.405273 55478.183594 1.028301
673900 297.248810 -26.531616 -20353.292969 3325.405273 55478.183594 1.028301
674000 297.248810 -26.531616 -20353.292969 3325.405273 55478.183594 1.028301
674100 297.248810 -26.531616 -20353.292969 3325.405273 55478.183594 1.028301
674200 297.248810 -26.531616 -20353.292969 3325.405273 55478.183594 1.028301
674300 297.248810 -26.531616 -20353.292969 3325.405273 55478.183594 1.028301
674400 297.248810 -26.531616 -20353.292969 3325.405273 55478.183594 1.028301
674500 297.248810 -26.531616 -20353.292969 3325.405273 55478.183594 1.028301
674600 297.248810 -26.531616 -20353.292969 3325.405273 55478.183594 1.028301
674700 297.248810 -26.531616 -20353.292969 3325.405273 55478.183594 1.028301
674800 297.248810 -26.531616 -20353.292969 3325.405273 55478.183594 1.028301
674900 297.248810 -26.531616 -20353.292969 3325.405273 55478.183594 1.028301
675000 297.248810 -26.531616 -20353.292969 3325.405273 55478.183594 1.028301
675100 297.248810 -26.531616 -20353.292969 3325.405273 55478.183594 1.028301
675200 297.248810 -26.531616 -20353.292969 3325.405273 55478.183594 1.028301
675300 297.248810 -26.531616 -20353.292969 3325.405273 55478.183594 1.028301
675400 297.248810 -26.531616 -20353.292969 3325.405273 55478.183594 1.028301
675500 297.248810 -26.531616 -20353.292969 3325.405273 55478.183594 1.028301
675600 297.248810 -26.531616 -20353.292969 3325.405273 55478.183594 1.028301
675700 297.248810 -26.531616 -20353.292969 3325.405273 55478.183594 1.028301
675800 297.248810 -26.531616 -20353.292969 3325.405273 55478.183594 1.028301
675900 297.248810 -26.531616 -20353.292969 3325.405273 55478.183594 1.028301
676000 297.248810 -26.531616 -20353.292969 3325.405273 55478.183594 1.028301
676100 297.248810 -26.531616 -20353.292969 3325.405273 55478.183594 1.028301
676200 297.248810 -26.531616 -20353.292969 3325.405273 55478.183594 1.028301
676300 297.248810 -26.531616 -20353.292969 3325.405273 55478.183594 1.028301
676400 297.248810 -26.531616 -20353.292969 3325.405273 55478.183594 1.028301
676500 297.248810 -26.531616 -20353.292969 3325.405273 55478.183594 1.028301
676600 297.248810 -26.531616 -20353.292969 3325.405273 55478.183594 1.028301
676700 297.248810 -26.531616 -20353.292969 3325.405273 55478.183594 1.028301
676800 297.248810 -26.531616 -20353.292969 3325.405273 55478.183594 1.028301
676900 297.248810 -26.531616 -20353.292969 3325.405273 55478.183594 1.028301
677000 297.248810 -26.531616 -20353.292969 3325.405273 55478.183594 1.028301
677100 297.248810 -26.531616 -20353.292969 3325.405273 55478.183594 1.028301
677200 297.248810 -26.531616 -20353.292969 3325.405273 55478.183594 1.028301
677300 297.248810 -26.531616 -20353.292969 3325.405273 55478.183594 1.028301
677400 297.248810 -26.531616 -20353.292969 3325.405273 55478.183594 1.028301
677500 297.248810 -26.531616 -20353.292969 3325.405273 55478.183594 1.028301
677600 297.248810 -26.531616 -20353.292969 3325.405273 55478.183594 1.028301
677700 297.248810 -26.531616 -20353.292969 3325.405273 55478.183594 1.028301
677800 297.248810 -26.531616 -20353.292969 3325.405273 55478.183594 1.028301
677900 297.248810 -26.531616 -20353.292969 3325.405273 55478.183594 1.028301
678000 297.248810 -26.531616 -20353.292969 3325.405273 55478.183594 1.028301
678100 297.248810 -26.531616 -20353.292969 3325.405273 55478.183594 1.028301
678200 297.248810 -26.531616 -20353.292969 3325.405273 55478.183594 1.028301
678300 297.248810 -26.531616 -20353.292969 3325.405273 55478.183594 1.028301
678400 297.248810 -26.531616 -20353.292969 3325.405273 55478.183594 1.028301
678500 297.248810 -26.531616 -20353.292969 3325.405273 55478.183594 1.028301
678600 297.248810 -26.531616 -20353.292969 3325.405273 55478.183594 1.028301
678700 297.248810 -26.531616 -20353.292969 3325.405273 55478.183594 1.028301
678800 297.248810 -26.531616 -20353.292969 3325.405273 55478.183594 1.028301
678900 297.248810 -26.531616 -20353.292969 3325.405273 55478.183594 1.028301
679000 297.248810 -26.531616 -20353.292969 3325.405273 55478.183594 1.028301
679100 297.248810 -26.531616 -20353.292969 3325.405273 55478.183594 1.028301
679200 297.248810 -26.531616 -20353.292969 3325.405273 55478.183594 1.028301
679300 297.248810 -26.531616 -20353.292969 3325.405273 55478.183594 1.028301
679400 297.248810 -26.531616 -20353.292969 3325.405273 55478.183594 1.028301
679500 297.248810 -26.531616 -20353.292969 3325.405273 55478.183594 1.028301
679600 297.248810 -26.531616 -20353.292969 3325.405273 55478.183594 1.028301
679700 297.248810 -26.531616 -20353.292969 3325.405273 55478.183594 1.028301
679800 297.248810 -26.531616 -20353.292969 3325.405273 55478.183594 1.028301
679900 297.248810 -26.531616 -20353.292969 3325.405273 55478.183594 1.028301
680000 297.248810 -26.531616 -20353.292969 3325.405273 55478.183594 1.028301
680100 297.248810 -26.531616 -20353.292969 3325.405273 55478.183594 1.028301
680200 297.248810 -26.531616 -20353.292969 3325.405273 55478.183594 1.028301
680300 297.248810 -26.531616 -20353.292969 3325.405273 55478.183594 1.028301
680400 297.248810 -26.531616 -20353.292969 3325.405273 55478.183594 1.028301
680500 297.248810 -26.531616 -20353.292969 3325.405273 55478.183594 1.028301
680600 297.248810 -26.531616 -20353.292969 3325.405273 55478.183594 1.028301
680700 297.248810 -26.531616 -20353.292969 3325.405273 55478.183594 1.028301
680800 297.248810 -26.531616 -20353.292969 3325.405273 55478.183594 1.028301
680900 297.248810 -26.531616 -20353.292969 3325.405273 55478.183594 1.028301
681000 297.248810 -26.531616 -20353.292969 3325.405273 55478.183594 1.028301
681100 297.248810 -26.531616 -20353.292969 3325.405273 55478.183594 1.028301
681200 297.248810 -26.531616 -20353.292969 3325.405273 55478.183594 1.028301
681300 297.248810 -26.531616 -20353.292969 3325.405273 55478.183594 1.028301
681400 297.248810 -26.531616 -20353.292969 3325.405273 55478.183594 1.028301
681500 297.248810 -26.531616 -20353.292969 3325.405273 55478.183594 1.028301
681600 297.248810 -26.531616 -20353.292969 3325.405273 55478.183594 1.028301
681700 297.248810 -26.531616 -20353.292969 3325.405273 55478.183594 1.028301
681800 297.248810 -26.531616 -20353.292969 3325.405273 55478.183594 1.028301
681900 297.248810 -26.531616 -20353.292969 3325.405273 55478.183594 1.028301
682000 297.248810 -26.531616 -20353.292969 3325.405273 55478.183594 1.028301
682100 297.248810 -26.531616 -20353.292969 3325.405273 55478.183594 1.028301
682200 297.248810 -26.531616 -20353.292969 3325.405273 55478.183594 1.028301
682300 297.248810 -26.531616 -20353.292969 3325.405273 55478.183594 1.028301
682400 297.248810 -26.531616 -20353.292969 3325.405273 55478.183594 1.028301
682500 297.248810 -26.531616 -20353.292969 3325.405273 55478.183594 1.028301
682600 297.248810 -26.531616 -20353.292969 3325.405273 55478.183594 1.028301
682700 297.248810 -26.531616 -20353.292969 3325.405273 55478.183594 1.028301
682800 297.248810 -26.531616 -20353.292969 3325.405273 55478.183594 1.028301
682900 297.248810 -26.531616 -20353.292969 3325.405273 55478.183594 1.028301
683000 297.248810 -26.531616 -20353.292969 3325.405273 55478.183594 1.028301
683100 297.248810 -26.531616 -20353.292969 3325.405273 55478.183594 1.028301
683200 297.248810 -26.531616 -20353.292969 3325.405273 55478.183594 1.028301
683300 297.248810 -26.531616 -20353.292969 3325.405273 55478.183594 1.028301
683400 297.248810 -26.531616 -20353.292969 3325.405273 55478.183594 1.028301
683500 297.248810 -26.531616 -20353.292969 3325.405273 55478.183594 1.028301
683600 297.248810 -26.531616 -20353.292969 3325.405273 55478.183594 1.028301
683700 297.248810 -26.531616 -20353.292969 3325.405273 55478.183594 1.028301
683800 297.248810 -26.531616 -20353.292969 3325.405273 55478.183594 1.028301
683900 297.248810 -26.531616 -20353.292969 3325.405273 55478.183594 1.028301
684000 297.248810 -26.531616 -20353.292969 3325.405273 55478.183594 1.028301
684100 297.248810 -26.531616 -20353.292969 3325.405273 55478.183594 1.028301
684200 297.248810 -26.531616 -20353.292969 3325.405273 55478.183594 1.028301
684300 297.248810 -26.531616 -20353.292969 3325.405273 55478.183594 1.028301
684400 297.248810 -26.531616 -20353.292969 3325.405273 55478.183594 1.028301
684500 297.248810 -26.531616 -20353.292969 3325.405273 55478.183594 1.028301
684600 297.248810 -26.531616 -20353.292969 3325.405273 55478.183594 1.028301
684700 297.248810 -26.531616 -20353.292969 3325.405273 55478.183594 1.028301
684800 297.248810 -26.531616 -20353.292969 3325.405273 55478.183594 1.028301
684900 297.248810 -26.531616 -20353.292969 3325.405273 55478.183594 1.028301
685000 297.248810 -26.531616 -20353.292969 3325.405273 55478.183594 1.028301
685100 297.248810 -26.531616 -20353.292969 3325.405273 55478.183594 1.028301
685200 297.248810 -26.531616 -20353.292969 3325.405273 55478.183594 1.028301
685300 297.248810 -26.531616 -20353.292969 3325.405273 55478.183594 1.028301
685400 297.248810 -26.531616 -20353.292969 3325.405273 55478.183594 1.028301
685500 297.248810 -26.531616 -20353.292969 3325.405273 55478.183594 1.028301
685600 297.248810 -26.531616 -20353.292969 3325.405273 55478.183594 1.028301
685700 297.248810 -26.531616 -20353.292969 3325.405273 55478.183594 1.028301
685800 297.248810 -26.531616 -20353.292969 3325.405273 55478.183594 1.028301
685900 297.248810 -26.531616 -20353.292969 3325.405273 55478.183594 1.028301
686000 297.248810 -26.531616 -20353.292969 3325.405273 55478.183594 1.028301
686100 297.248810 -26.531616 -20353.292969 3325.405273 55478.183594 1.028301
686200 297.248810 -26.531616 -20353.292969 3325.405273 55478.183594 1.028301
686300 297.248810 -26.531616 -20353.292969 3325.405273 55478.183594 1.028301
686400 297.248810 -26.531616 -20353.292969 3325.405273 55478.183594 1.028301
686500 297.248810 -26.531616 -20353.292969 3325.405273 55478.183594 1.028301
686600 297.248810 -26.531616 -20353.292969 3325.405273 55478.183594 1.028301
686700 297.248810 -26.531616 -20353.292969 3325.405273 55478.183594 1.028301
686800 297.248810 -26.531616 -20353.292969 3325.405273 55478.183594 1.028301
686900 297.248810 -26.531616 -20353.292969 3325.405273 55478.183594 1.028301
687000 297.248810 -26.531616 -20353.292969 3325.405273 55478.183594 1.028301
687100 297.248810 -26.531616 -20353.292969 3325.405273 55478.183594 1.028301
687200 297.248810 -26.531616 -20353.292969 3325.405273 55478.183594 1.028301
687300 297.248810 -26.531616 -20353.292969 3325.405273 55478.183594 1.028301
687400 297.248810 -26.531616 -20353.292969 3325.405273 55478.183594 1.028301
687500 297.248810 -26.531616 -20353.292969 3325.405273 55478.183594 1.028301
687600 297.248810 -26.531616 -20353.292969 3325.405273 55478.183594 1.028301
687700 297.248810 -26.531616 -20353.292969 3325.405273 55478.183594 1.028301
687800 297.248810 -26.531616 -20353.292969 3325.405273 55478.183594 1.028301
687900 297.248810 -26.531616 -20353.292969 3325.405273 55478.183594 1.028301
688000 297.248810 -26.531616 -20353.292969 3325.405273 55478.183594 1.028301
688100 297.248810 -26.531616 -20353.292969 3325.405273 55478.183594 1.028301
688200 297.248810 -26.531616 -20353.292969 3325.405273 55478.183594 1.028301
688300 297.248810 -26.531616 -20353.292969 3325.405273 55478.183594 1.028301
688400 297.248810 -26.531616 -20353.292969 3325.405273 55478.183594 1.028301
688500 297.248810 -26.531616 -20353.292969 3325.405273 55478.183594 1.028301
688600 297.248810 -26.531616 -20353.292969 3325.405273 55478.183594 1.028301
688700 297.248810 -26.531616 -20353.292969 3325.405273 55478.183594 1.028301
688800 297.248810 -26.531616 -20353.292969 3325.405273 55478.183594 1.028301
688900 297.248810 -26.531616 -20353.292969 3325.405273 55478.183594 1.028301
689000 297.248810 -26.531616 -20353.292969 3325.405273 55478.183594 1.028301
689100 297.248810 -26.531616 -20353.292969 3325.405273 55478.183594 1.028301
689200 297.248810 -26.531616 -20353.292969 3325.405273 55478.183594 1.028301
689300 297.248810 -26.531616 -20353.292969 3325.405273 55478.183594 1.028301
689400 297.248810 -26.531616 -20353.292969 3325.405273 55478.183594 1.028301
689500 297.248810 -26.531616 -20353.292969 3325.405273 55478.183594 1.028301
689600 297.248810 -26.531616 -20353.292969 3325.405273 55478.183594 1.028301
689700 297.248810 -26.531616 -20353.292969 3325.405273 55478.183594 1.028301
689800 297.248810 -26.531616 -20353.292969 3325.405273 55478.183594 1.028301
689900 297.248810 -26.531616 -20353.292969 3325.405273 55478.183594 1.028301
690000 297.248810 -26.531616 -20353.292969 3325.405273 55478.183594 1.028301
690100 297.248810 -26.531616 -20353.292969 3325.405273 55478.183594 1.028301
690200 297.248810 -26.531616 -20353.292969 3325.405273 55478.183594 1.028301
690300 297.248810 -26.531616 -20353.292969 3325.405273 55478.183594 1.028301
690400 297.248810 -26.531616 -20353.292969 3325.405273 55478.183594 1.028301
690500 297.248810 -26.531616 -20353.292969 3325.405273 55478.183594 1.028301
690600 297.248810 -26.531616 -20353.292969 3325.405273 55478.183594 1.028301
690700 297.248810 -26.531616 -20353.292969 3325.405273 55478.183594 1.028301
690800 297.248810 -26.531616 -20353.292969 3325.405273 55478.183594 1.028301
690900 297.248810 -26.531616 -20353.292969 3325.405273 55478.183594 1.028301
691000 297.248810 -26.531616 -20353.292969 3325.405273 55478.183594 1.028301
691100 297.248810 -26.531616 -20353.292969 3325.405273 55478.183594 1.028301
691200 297.248810 -26.531616 -20353.292969 3325.405273 55478.183594 1.028301
691300 297.248810 -26.531616 -20353.292969 3325.405273 55478.183594 1.028301
691400 297.248810 -26.531616 -20353.292969 3325.405273 55478.183594 1.028301
691500 297.248810 -26.531616 -20353.292969 3325.405273 55478.183594 1.028301
691600 297.248810 -26.531616 -20353.292969 3325.405273 55478.183594 1.028301
691700 297.248810 -26.531616 -20353.292969 3325.405273 55478.183594 1.028301
691800 297.248810 -26.531616 -20353.292969 3325.405273 55478.183594 1.028301
691900 297.248810 -26.531616 -20353.292969 3325.405273 55478.183594 1.028301
692000 297.248810 -26.531616 -20353.292969 3325.405273 55478.183594 1.028301
692100 297.248810 -26.531616 -20353.292969 3325.405273 55478.183594 1.028301
692200 297.248810 -26.531616 -20353.292969 3325.405273 55478.183594 1.028301
692300 297.248810 -26.531616 -20353.292969 3325.405273 55478.183594 1.028301
692400 297.248810 -26.531616 -20353.292969 3325.405273 55478.183594 1.028301
692500 297.248810 -26.531616 -20353.292969 3325.405273 55478.183594 1.028301
692600 297.248810 -26.531616 -20353.292969 3325.405273 55478.183594 1.028301
692700 297.248810 -26.531616 -20353.292969 3325.405273 55478.183594 1.028301
692800 297.248810 -26.531616 -20353.292969 3325.405273 55478.183594 1.028301
692900 297.248810 -26.531616 -20353.292969 3325.405273 55478.183594 1.028301
693000 297.248810 -26.531616 -20353.292969 3325.405273 55478.183594 1.028301
693100 297.248810 -26.531616 -20353.292969 3325.405273 55478.183594 1.028301
693200 297.248810 -26.531616 -20353.292969 3325.405273 55478.183594 1.028301
693300 297.248810 -26.531616 -20353.292969 3325.405273 55478.183594 1.028301
693400 297.248810 -26.531616 -20353.292969 3325.405273 55478.183594 1.028301
693500 297.248810 -26.531616 -20353.292969 3325.405273 55478.183594 1.028301
693600 297.248810 -26.531616 -20353.292969 3325.405273 55478.183594 1.028301
693700 297.248810 -26.531616 -20353.292969 3325.405273 55478.183594 1.028301
693800 297.248810 -26.531616 -20353.292969 3325.405273 55478.183594 1.028301
693900 297.248810 -26.531616 -20353.292969 3325.405273 55478.183594 1.028301
694000 297.248810 -26.531616 -20353.292969 3325.405273 55478.183594 1.028301
694100 297.248810 -26.531616 -20353.292969 3325.405273 55478.183594 1.028301
694200 297.248810 -26.531616 -20353.292969 3325.405273 55478.183594 1.028301
694300 297.248810 -26.531616 -20353.292969 3325.405273 55478.183594 1.028301
694400 297.248810 -26.531616 -20353.292969 3325.405273 55478.183594 1.028301
694500 297.248810 -26.531616 -20353.292969 3325.405273 55478.183594 1.028301
694600 297.248810 -26.531616 -20353.292969 3325.405273 55478.183594 1.028301
694700 297.248810 -26.531616 -20353.292969 3325.405273 55478.183594 1.028301
694800 297.248810 -26.531616 -20353.292969 3325.405273 55478.183594 1.028301
694900 297.248810 -26.531616 -20353.292969 3325.405273 55478.183594 1.028301
695000 297.248810 -26.531616 -20353.292969 3325.405273 55478.183594 1.028301
695100 297.248810 -26.531616 -20353.292969 3325.405273 55478.183594 1.028301
695200 297.248810 -26.531616 -20353.292969 3325.405273 55478.183594 1.028301
695300 297.248810 -26.531616 -20353.292969 3325.405273 55478.183594 1.028301
695400 297.248810 -26.531616 -20353.292969 3325.405273 55478.183594 1.028301
695500 297.248810 -26.531616 -20353.292969 3325.405273 55478.183594 1.028301
695600 297.248810 -26.531616 -20353.292969 3325.405273 55478.183594 1.028301
695700 297.248810 -26.531616 -20353.292969 3325.405273 55478.183594 1.028301
695800 297.248810 -26.531616 -20353.292969 3325.405273 55478.183594 1.028301
695900 297.248810 -26.531616 -20353.292969 3325.405273 55478.183594 1.028301
696000 297.248810 -26.531616 -20353.292969 3325.405273 55478.183594 1.028301
696100 297.248810 -26.531616 -20353.292969 3325.405273 55478.183594 1.028301
696200 297.248810 -26.531616 -20353.292969 3325.405273 55478.183594 1.028301
696300 297.248810 -26.531616 -20353.292969 3325.405273 55478.183594 1.028301
696400 297.248810 -26.531616 -20353.292969 3325.405273 55478.183594 1.028301
696500 297.248810 -26.531616 -20353.292969 3325.405273 55478.183594 1.028301
696600 297.248810 -26.531616 -20353.292969 3325.405273 55478.183594 1.028301
696700 297.248810 -26.531616 -20353.292969 3325.405273 55478.183594 1.028301
696800 297.248810 -26.531616 -20353.292969 3325.405273 55478.183594 1.028301
696900 297.248810 -26.531616 -20353.292969 3325.405273 55478.183594 1.028301
697000 297.248810 -26.531616 -20353.292969 3325.405273 55478.183594 1.028301
697100 297.248810 -26.531616 -20353.292969 3325.405273 55478.183594 1.028301
697200 297.248810 -26.531616 -20353.292969 3325.405273 55478.183594 1.028301
697300 297.248810 -26.531616 -20353.292969 3325.405273 55478.183594 1.028301
697400 297.248810 -26.531616 -20353.292969 3325.405273 55478.183594 1.028301
697500 297.248810 -26.531616 -20353.292969 3325.405273 55478.183594 1.028301
697600 297.248810 -26.531616 -20353.292969 3325.405273 55478.183594 1.028301
697700 297.248810 -26.531616 -20353.292969 3325.405273 55478.183594 1.028301
697800 297.248810 -26.531616 -20353.292969 3325.405273 55478.183594 1.028301
697900 297.248810 -26.531616 -20353.292969 3325.405273 55478.183594 1.028301
698000 297.248810 -26.531616 -20353.292969 3325.405273 55478.183594 1.028301
698100 297.248810 -26.531616 -20353.292969 3325.405273 55478.183594 1.028301
698200 297.248810 -26.531616 -20353.292969 3325.405273 55478.183594 1.028301
698300 297.248810 -26.531616 -20353.292969 3325.405273 55478.183594 1.028301
698400 297.248810 -26.531616 -20353.292969 3325.405273 55478.183594 1.028301
698500 297.248810 -26.531616 -20353.292969 3325.405273 55478.183594 1.028301
698600 297.248810 -26.531616 -20353.292969 3325.405273 55478.183594 1.028301
698700 297.248810 -26.531616 -20353.292969 3325.405273 55478.183594 1.028301
698800 297.248810 -26.531616 -20353.292969 3325.405273 55478.183594 1.028301
698900 297.248810 -26.531616 -20353.292969 3325.405273 55478.183594 1.028301
699000 297.248810 -26.531616 -20353.292969 3325.405273 55478.183594 1.028301
699100 297.248810 -26.531616 -20353.292969 3325.405273 55478.183594 1.028301
699200 297.248810 -26.531616 -20353.292969 3325.405273 55478.183594 1.028301
699300 297.248810 -26.531616 -20353.292969 3325.405273 55478.183594 1.028301
699400 297.248810 -26.531616 -20353.292969 3325.405273 55478.183594 1.028301
699500 297.248810 -26.531616 -20353.292969 3325.405273 55478.183594 1.028301
699600 297.248810 -26.531616 -20353.292969 3325.405273 55478.183594 1.028301
699700 297.248810 -26.531616 -20353.292969 3325.405273 55478.183594 1.028301
699800 297.248810 -26.531616 -20353.292969 3325.405273 55478.183594 1.028301
699900 297.248810 -26.531616 -20353.292969 3325.405273 55478.183594 1.028301
700000 297.248810 -26.531616 -20353.292969 3325.405273 55478.183594 1.028301
