# Time-averaged data for fix thermo_detailed
# TimeStep v_temp v_press v_pe v_ke v_vol v_dens
600100 298.292877 -31.684280 -21061.908203 3337.085693 54551.812500 1.045763
600200 298.696869 -56.864937 -20967.187500 3341.605469 54528.527344 1.046210
600300 298.983948 -74.137634 -20928.953125 3344.816895 54572.062500 1.045375
600400 299.187958 -81.974129 -20893.429688 3347.099121 54601.304688 1.044816
600500 299.337616 -83.254448 -20863.570312 3348.773438 54626.519531 1.044333
600600 299.442352 -81.403625 -20840.119141 3349.945068 54646.132812 1.043958
600700 299.512634 -78.442802 -20822.492188 3350.731445 54660.566406 1.043683
600800 299.558350 -75.408791 -20809.615234 3351.242920 54670.839844 1.043487
600900 299.587585 -72.763519 -20800.396484 3351.569824 54678.023438 1.043350
601000 299.606171 -70.639908 -20793.884766 3351.778076 54682.988281 1.043255
601100 299.618073 -69.021545 -20789.347656 3351.911133 54686.371094 1.043190
601200 299.625763 -67.838058 -20786.212891 3351.997070 54688.660156 1.043147
601300 299.630920 -66.998589 -20784.072266 3352.054688 54690.183594 1.043118
601400 299.634460 -66.418167 -20782.615234 3352.094482 54691.195312 1.043098
601500 299.637054 -66.027435 -20781.640625 3352.123535 54691.839844 1.043086
601600 299.639008 -65.768181 -20780.984375 3352.145264 54692.250000 1.043078
601700 299.640533 -65.603508 -20780.544922 3352.162109 54692.484375 1.043074
601800 299.641754 -65.504639 -20780.253906 3352.176025 54692.609375 1.043071
601900 299.642761 -65.444038 -20780.060547 3352.187256 54692.660156 1.043070
602000 299.643616 -65.409927 -20779.929688 3352.196777 54692.656250 1.043070
602100 299.644379 -65.393745 -20779.833984 3352.205322 54692.628906 1.043071
602200 299.645050 -65.388184 -20779.765625 3352.212646 54692.566406 1.043072
602300 299.645630 -65.382812 -20779.712891 3352.219238 54692.496094 1.043074
602400 299.646118 -65.375435 -20779.660156 3352.224854 54692.410156 1.043075
602500 299.646576 -65.366737 -20779.617188 3352.229736 54692.312500 1.043077
602600 299.646973 -65.354607 -20779.572266 3352.234375 54692.207031 1.043079
602700 299.647308 -65.336868 -20779.523438 3352.238037 54692.105469 1.043081
602800 299.647614 -65.312630 -20779.476562 3352.241455 54691.996094 1.043083
602900 299.647888 -65.279488 -20779.417969 3352.244629 54691.886719 1.043085
603000 299.648102 -65.243256 -20779.359375 3352.247070 54691.773438 1.043087
603100 299.648285 -65.203087 -20779.298828 3352.249023 54691.660156 1.043089
603200 299.648438 -65.156700 -20779.228516 3352.250732 54691.542969 1.043092
603300 299.648560 -65.099983 -20779.152344 3352.251953 54691.425781 1.043094
603400 299.648682 -65.043472 -20779.072266 3352.253174 54691.304688 1.043096
603500 299.648743 -64.980713 -20778.990234 3352.254150 54691.187500 1.043098
603600 299.648834 -64.919693 -20778.904297 3352.255127 54691.074219 1.043101
603700 299.648895 -64.856445 -20778.820312 3352.255859 54690.957031 1.043103
603800 299.648956 -64.792122 -20778.732422 3352.256592 54690.847656 1.043105
603900 299.649048 -64.732803 -20778.650391 3352.257568 54690.742188 1.043107
604000 299.649109 -64.672363 -20778.568359 3352.258301 54690.636719 1.043109
604100 299.649170 -64.616432 -20778.490234 3352.258789 54690.539062 1.043111
604200 299.649231 -64.567406 -20778.416016 3352.259521 54690.433594 1.043113
604300 299.649323 -64.519409 -20778.343750 3352.260498 54690.347656 1.043114
604400 299.649414 -64.477623 -20778.277344 3352.261475 54690.261719 1.043116
604500 299.649506 -64.444206 -20778.222656 3352.262451 54690.179688 1.043118
604600 299.649628 -64.411774 -20778.171875 3352.264160 54690.097656 1.043119
604700 299.649750 -64.387482 -20778.126953 3352.265381 54690.023438 1.043121
604800 299.649872 -64.370247 -20778.087891 3352.266846 54689.957031 1.043122
604900 299.650024 -64.357384 -20778.060547 3352.268555 54689.894531 1.043123
605000 299.650146 -64.348541 -20778.035156 3352.269775 54689.820312 1.043124
605100 299.650269 -64.342178 -20778.019531 3352.270996 54689.757812 1.043126
605200 299.650391 -64.340225 -20778.003906 3352.272461 54689.695312 1.043127
605300 299.650513 -64.341743 -20777.994141 3352.274170 54689.640625 1.043128
605400 299.650696 -64.343307 -20777.990234 3352.276123 54689.589844 1.043129
605500 299.650818 -64.350723 -20777.992188 3352.277344 54689.531250 1.043130
605600 299.650940 -64.357552 -20778.000000 3352.278564 54689.480469 1.043131
605700 299.651093 -64.364479 -20778.003906 3352.280273 54689.425781 1.043132
605800 299.651215 -64.377495 -20778.019531 3352.281738 54689.386719 1.043133
605900 299.651337 -64.387169 -20778.027344 3352.282959 54689.343750 1.043134
606000 299.651489 -64.400902 -20778.041016 3352.284912 54689.292969 1.043135
606100 299.651611 -64.412895 -20778.056641 3352.286377 54689.242188 1.043136
606200 299.651733 -64.424759 -20778.070312 3352.287598 54689.199219 1.043136
606300 299.651855 -64.438026 -20778.085938 3352.288818 54689.152344 1.043137
606400 299.651947 -64.452438 -20778.107422 3352.289795 54689.109375 1.043138
606500 299.652069 -64.468224 -20778.126953 3352.291260 54689.070312 1.043139
606600 299.652191 -64.482780 -20778.148438 3352.292480 54689.023438 1.043140
606700 299.652313 -64.495064 -20778.169922 3352.294189 54688.984375 1.043140
606800 299.652435 -64.505257 -20778.187500 3352.295410 54688.941406 1.043141
606900 299.652557 -64.517548 -20778.207031 3352.296875 54688.902344 1.043142
607000 299.652679 -64.534050 -20778.228516 3352.298096 54688.871094 1.043143
607100 299.652771 -64.548851 -20778.248047 3352.299072 54688.832031 1.043143
607200 299.652893 -64.561073 -20778.267578 3352.300537 54688.792969 1.043144
607300 299.653015 -64.573387 -20778.287109 3352.301758 54688.753906 1.043145
607400 299.653107 -64.585503 -20778.310547 3352.302734 54688.710938 1.043146
607500 299.653198 -64.598900 -20778.328125 3352.303711 54688.679688 1.043146
607600 299.653290 -64.609306 -20778.345703 3352.305176 54688.648438 1.043147
607700 299.653381 -64.622932 -20778.369141 3352.306152 54688.613281 1.043148
607800 299.653473 -64.635788 -20778.386719 3352.307129 54688.570312 1.043148
607900 299.653564 -64.646942 -20778.406250 3352.308105 54688.535156 1.043149
608000 299.653656 -64.659134 -20778.425781 3352.309082 54688.503906 1.043150
608100 299.653748 -64.669769 -20778.441406 3352.310059 54688.476562 1.043150
608200 299.653839 -64.679092 -20778.458984 3352.311035 54688.441406 1.043151
608300 299.653931 -64.689896 -20778.474609 3352.312012 54688.421875 1.043151
608400 299.654022 -64.701843 -20778.490234 3352.312988 54688.390625 1.043152
608500 299.654114 -64.711250 -20778.511719 3352.313965 54688.359375 1.043152
608600 299.654205 -64.722923 -20778.531250 3352.315430 54688.328125 1.043153
608700 299.654266 -64.735504 -20778.550781 3352.315918 54688.296875 1.043154
608800 299.654327 -64.743744 -20778.564453 3352.316650 54688.277344 1.043154
608900 299.654419 -64.751549 -20778.576172 3352.317627 54688.250000 1.043154
609000 299.654510 -64.761360 -20778.591797 3352.318604 54688.222656 1.043155
609100 299.654572 -64.771683 -20778.611328 3352.319336 54688.191406 1.043156
609200 299.654663 -64.778725 -20778.623047 3352.320312 54688.171875 1.043156
609300 299.654755 -64.787071 -20778.642578 3352.321289 54688.140625 1.043157
609400 299.654846 -64.798935 -20778.654297 3352.322266 54688.125000 1.043157
609500 299.654907 -64.805603 -20778.669922 3352.322998 54688.097656 1.043157
609600 299.654968 -64.812729 -20778.683594 3352.323486 54688.066406 1.043158
609700 299.655029 -64.821701 -20778.699219 3352.324707 54688.042969 1.043158
609800 299.655090 -64.830536 -20778.710938 3352.325195 54688.015625 1.043159
609900 299.655151 -64.839378 -20778.726562 3352.325928 54688.000000 1.043159
610000 299.655212 -64.847839 -20778.738281 3352.326660 54687.972656 1.043160
610100 299.655304 -64.854195 -20778.755859 3352.327637 54687.949219 1.043160
610200 299.655365 -64.861916 -20778.771484 3352.328125 54687.921875 1.043161
610300 299.655426 -64.872818 -20778.783203 3352.328857 54687.906250 1.043161
610400 299.655518 -64.879387 -20778.794922 3352.329834 54687.886719 1.043161
610500 299.655579 -64.885529 -20778.806641 3352.330566 54687.867188 1.043162
610600 299.655609 -64.893555 -20778.820312 3352.330811 54687.851562 1.043162
610700 299.655670 -64.900665 -20778.830078 3352.331543 54687.824219 1.043163
610800 299.655731 -64.909439 -20778.841797 3352.332275 54687.796875 1.043163
610900 299.655792 -64.916092 -20778.855469 3352.332764 54687.789062 1.043163
611000 299.655853 -64.923210 -20778.865234 3352.333496 54687.765625 1.043164
611100 299.655884 -64.930855 -20778.878906 3352.333740 54687.746094 1.043164
611200 299.655914 -64.936211 -20778.888672 3352.334229 54687.734375 1.043164
611300 299.655975 -64.940331 -20778.900391 3352.335205 54687.710938 1.043165
611400 299.656036 -64.946671 -20778.912109 3352.335938 54687.695312 1.043165
611500 299.656097 -64.951706 -20778.921875 3352.336426 54687.671875 1.043165
611600 299.656158 -64.956795 -20778.931641 3352.337158 54687.652344 1.043166
611700 299.656219 -64.962456 -20778.943359 3352.337891 54687.636719 1.043166
611800 299.656250 -64.971054 -20778.953125 3352.338135 54687.617188 1.043167
611900 299.656311 -64.978333 -20778.960938 3352.338867 54687.605469 1.043167
612000 299.656372 -64.980568 -20778.972656 3352.339355 54687.585938 1.043167
612100 299.656433 -64.984756 -20778.984375 3352.340088 54687.574219 1.043167
612200 299.656464 -64.987846 -20778.996094 3352.340332 54687.554688 1.043168
612300 299.656525 -64.995697 -20779.005859 3352.341064 54687.542969 1.043168
612400 299.656586 -65.001869 -20779.015625 3352.341797 54687.523438 1.043168
612500 299.656616 -65.005806 -20779.021484 3352.342041 54687.511719 1.043169
612600 299.656647 -65.010666 -20779.031250 3352.342529 54687.503906 1.043169
612700 299.656677 -65.014717 -20779.039062 3352.342773 54687.496094 1.043169
612800 299.656708 -65.020149 -20779.048828 3352.343018 54687.480469 1.043169
612900 299.656769 -65.024773 -20779.060547 3352.343750 54687.457031 1.043170
613000 299.656799 -65.027405 -20779.068359 3352.343994 54687.441406 1.043170
613100 299.656830 -65.030449 -20779.076172 3352.344482 54687.429688 1.043170
613200 299.656860 -65.033752 -20779.083984 3352.344971 54687.410156 1.043170
613300 299.656921 -65.039436 -20779.091797 3352.345703 54687.402344 1.043171
613400 299.656952 -65.042793 -20779.097656 3352.345947 54687.394531 1.043171
613500 299.656982 -65.049706 -20779.105469 3352.346436 54687.378906 1.043171
613600 299.657013 -65.055038 -20779.109375 3352.346680 54687.363281 1.043171
613700 299.657043 -65.059135 -20779.119141 3352.347168 54687.347656 1.043172
613800 299.657043 -65.062675 -20779.125000 3352.347168 54687.339844 1.043172
613900 299.657104 -65.064857 -20779.132812 3352.347656 54687.335938 1.043172
614000 299.657135 -65.068810 -20779.136719 3352.348145 54687.332031 1.043172
614100 299.657166 -65.072258 -20779.146484 3352.348389 54687.324219 1.043172
614200 299.657196 -65.076439 -20779.152344 3352.348633 54687.316406 1.043172
614300 299.657257 -65.079460 -20779.160156 3352.349365 54687.300781 1.043173
614400 299.657288 -65.081879 -20779.166016 3352.349609 54687.285156 1.043173
614500 299.657318 -65.084656 -20779.171875 3352.350098 54687.277344 1.043173
614600 299.657349 -65.088699 -20779.179688 3352.350342 54687.257812 1.043173
614700 299.657379 -65.094383 -20779.183594 3352.350586 54687.257812 1.043173
614800 299.657379 -65.097923 -20779.189453 3352.350586 54687.250000 1.043174
614900 299.657440 -65.101761 -20779.197266 3352.351318 54687.238281 1.043174
615000 299.657471 -65.104172 -20779.207031 3352.351562 54687.226562 1.043174
615100 299.657471 -65.106445 -20779.212891 3352.351562 54687.218750 1.043174
615200 299.657501 -65.108269 -20779.218750 3352.352051 54687.210938 1.043174
615300 299.657532 -65.108498 -20779.226562 3352.352295 54687.195312 1.043175
615400 299.657562 -65.110229 -20779.234375 3352.352783 54687.191406 1.043175
615500 299.657593 -65.113098 -20779.240234 3352.353027 54687.187500 1.043175
615600 299.657593 -65.115891 -20779.242188 3352.353027 54687.175781 1.043175
615700 299.657593 -65.120056 -20779.246094 3352.353027 54687.164062 1.043175
615800 299.657623 -65.123535 -20779.251953 3352.353271 54687.156250 1.043175
615900 299.657654 -65.126945 -20779.257812 3352.353760 54687.144531 1.043176
616000 299.657684 -65.131042 -20779.261719 3352.354004 54687.128906 1.043176
616100 299.657715 -65.131775 -20779.265625 3352.354248 54687.128906 1.043176
616200 299.657745 -65.134407 -20779.269531 3352.354980 54687.125000 1.043176
616300 299.657806 -65.136681 -20779.273438 3352.355713 54687.117188 1.043176
616400 299.657806 -65.137688 -20779.279297 3352.355713 54687.113281 1.043176
616500 299.657837 -65.138206 -20779.283203 3352.355957 54687.101562 1.043176
616600 299.657867 -65.139923 -20779.289062 3352.356201 54687.097656 1.043176
616700 299.657898 -65.142387 -20779.294922 3352.356689 54687.093750 1.043177
616800 299.657928 -65.144165 -20779.298828 3352.356934 54687.085938 1.043177
616900 299.657928 -65.146164 -20779.302734 3352.356934 54687.085938 1.043177
617000 299.657928 -65.151527 -20779.310547 3352.356934 54687.070312 1.043177
617100 299.657928 -65.154427 -20779.314453 3352.356934 54687.066406 1.043177
617200 299.657959 -65.157166 -20779.320312 3352.357178 54687.062500 1.043177
617300 299.657990 -65.160034 -20779.324219 3352.357666 54687.050781 1.043177
617400 299.658020 -65.161705 -20779.326172 3352.357910 54687.050781 1.043177
617500 299.658020 -65.162727 -20779.328125 3352.357910 54687.039062 1.043177
617600 299.658020 -65.163361 -20779.333984 3352.357910 54687.035156 1.043178
617700 299.658020 -65.164108 -20779.335938 3352.357910 54687.035156 1.043178
617800 299.658051 -65.166481 -20779.341797 3352.358398 54687.023438 1.043178
617900 299.658081 -65.169373 -20779.345703 3352.358643 54687.023438 1.043178
618000 299.658112 -65.172562 -20779.349609 3352.358887 54687.015625 1.043178
618100 299.658142 -65.174164 -20779.353516 3352.359375 54687.007812 1.043178
618200 299.658142 -65.177170 -20779.355469 3352.359375 54687.003906 1.043178
618300 299.658142 -65.178406 -20779.355469 3352.359375 54687.000000 1.043178
618400 299.658173 -65.177216 -20779.357422 3352.359619 54686.992188 1.043178
618500 299.658173 -65.176514 -20779.363281 3352.359619 54686.984375 1.043179
618600 299.658203 -65.175873 -20779.365234 3352.359863 54686.972656 1.043179
618700 299.658203 -65.176857 -20779.371094 3352.359863 54686.968750 1.043179
618800 299.658203 -65.178726 -20779.375000 3352.359863 54686.968750 1.043179
618900 299.658234 -65.181183 -20779.376953 3352.360352 54686.968750 1.043179
619000 299.658234 -65.182602 -20779.380859 3352.360352 54686.968750 1.043179
619100 299.658234 -65.183846 -20779.380859 3352.360352 54686.968750 1.043179
619200 299.658264 -65.187149 -20779.384766 3352.360596 54686.960938 1.043179
619300 299.658264 -65.190285 -20779.386719 3352.360596 54686.953125 1.043179
619400 299.658295 -65.192711 -20779.388672 3352.360840 54686.945312 1.043179
619500 299.658295 -65.196030 -20779.392578 3352.360840 54686.937500 1.043180
619600 299.658295 -65.198219 -20779.398438 3352.360840 54686.929688 1.043180
619700 299.658295 -65.198792 -20779.400391 3352.360840 54686.921875 1.043180
619800 299.658295 -65.199265 -20779.406250 3352.360840 54686.914062 1.043180
619900 299.658295 -65.198990 -20779.412109 3352.360840 54686.914062 1.043180
620000 299.658325 -65.199127 -20779.414062 3352.361328 54686.910156 1.043180
620100 299.658386 -65.200630 -20779.414062 3352.361816 54686.910156 1.043180
620200 299.658417 -65.202103 -20779.414062 3352.362305 54686.906250 1.043180
620300 299.658447 -65.202934 -20779.416016 3352.362549 54686.906250 1.043180
620400 299.658447 -65.204903 -20779.417969 3352.362549 54686.902344 1.043180
620500 299.658447 -65.204941 -20779.417969 3352.362549 54686.902344 1.043180
620600 299.658447 -65.205444 -20779.417969 3352.362549 54686.890625 1.043180
620700 299.658447 -65.206833 -20779.423828 3352.362549 54686.890625 1.043180
620800 299.658478 -65.205605 -20779.423828 3352.362793 54686.902344 1.043180
620900 299.658478 -65.205811 -20779.423828 3352.362793 54686.890625 1.043180
621000 299.658478 -65.206558 -20779.425781 3352.362793 54686.886719 1.043180
621100 299.658508 -65.209373 -20779.427734 3352.363281 54686.878906 1.043181
621200 299.658508 -65.211365 -20779.431641 3352.363281 54686.878906 1.043181
621300 299.658508 -65.213432 -20779.431641 3352.363281 54686.878906 1.043181
621400 299.658508 -65.216667 -20779.433594 3352.363281 54686.875000 1.043181
621500 299.658508 -65.218346 -20779.437500 3352.363281 54686.875000 1.043181
621600 299.658508 -65.219574 -20779.441406 3352.363281 54686.875000 1.043181
621700 299.658539 -65.221481 -20779.445312 3352.363525 54686.871094 1.043181
621800 299.658539 -65.222511 -20779.449219 3352.363525 54686.859375 1.043181
621900 299.658569 -65.223221 -20779.451172 3352.364014 54686.855469 1.043181
622000 299.658569 -65.224274 -20779.453125 3352.364014 54686.847656 1.043181
622100 299.658600 -65.225586 -20779.455078 3352.364258 54686.843750 1.043181
622200 299.658600 -65.226845 -20779.457031 3352.364258 54686.843750 1.043181
622300 299.658600 -65.226601 -20779.460938 3352.364258 54686.839844 1.043181
622400 299.658630 -65.226967 -20779.462891 3352.364502 54686.839844 1.043181
622500 299.658630 -65.228760 -20779.464844 3352.364502 54686.828125 1.043182
622600 299.658661 -65.229836 -20779.464844 3352.365234 54686.828125 1.043182
622700 299.658661 -65.230827 -20779.466797 3352.365234 54686.824219 1.043182
622800 299.658691 -65.230858 -20779.468750 3352.365479 54686.824219 1.043182
622900 299.658691 -65.231834 -20779.472656 3352.365479 54686.816406 1.043182
623000 299.658691 -65.232285 -20779.474609 3352.365479 54686.816406 1.043182
623100 299.658691 -65.232239 -20779.476562 3352.365479 54686.816406 1.043182
623200 299.658691 -65.232819 -20779.478516 3352.365479 54686.812500 1.043182
623300 299.658691 -65.233757 -20779.480469 3352.365479 54686.812500 1.043182
623400 299.658691 -65.235634 -20779.482422 3352.365479 54686.808594 1.043182
623500 299.658691 -65.235970 -20779.484375 3352.365479 54686.808594 1.043182
623600 299.658691 -65.236092 -20779.484375 3352.365479 54686.796875 1.043182
623700 299.658691 -65.236862 -20779.486328 3352.365479 54686.808594 1.043182
623800 299.658722 -65.237068 -20779.486328 3352.365967 54686.796875 1.043182
623900 299.658722 -65.237656 -20779.488281 3352.365967 54686.796875 1.043182
624000 299.658722 -65.238281 -20779.492188 3352.365967 54686.796875 1.043182
624100 299.658752 -65.239159 -20779.494141 3352.366211 54686.792969 1.043182
624200 299.658752 -65.239815 -20779.496094 3352.366211 54686.785156 1.043182
624300 299.658752 -65.238731 -20779.496094 3352.366211 54686.785156 1.043182
624400 299.658752 -65.239243 -20779.496094 3352.366211 54686.781250 1.043182
624500 299.658752 -65.239105 -20779.498047 3352.366211 54686.781250 1.043182
624600 299.658752 -65.240250 -20779.498047 3352.366211 54686.781250 1.043182
624700 299.658752 -65.240883 -20779.501953 3352.366211 54686.781250 1.043182
624800 299.658752 -65.241898 -20779.501953 3352.366211 54686.781250 1.043182
624900 299.658752 -65.242012 -20779.501953 3352.366211 54686.781250 1.043182
625000 299.658752 -65.242081 -20779.501953 3352.366211 54686.777344 1.043183
625100 299.658752 -65.241692 -20779.501953 3352.366211 54686.777344 1.043183
625200 299.658783 -65.241676 -20779.501953 3352.366455 54686.777344 1.043183
625300 299.658783 -65.242104 -20779.501953 3352.366455 54686.765625 1.043183
625400 299.658783 -65.242996 -20779.503906 3352.366455 54686.761719 1.043183
625500 299.658813 -65.242180 -20779.507812 3352.366943 54686.761719 1.043183
625600 299.658813 -65.241920 -20779.507812 3352.366943 54686.761719 1.043183
625700 299.658813 -65.241356 -20779.507812 3352.366943 54686.761719 1.043183
625800 299.658813 -65.242088 -20779.509766 3352.366943 54686.753906 1.043183
625900 299.658813 -65.242775 -20779.509766 3352.366943 54686.753906 1.043183
626000 299.658813 -65.243546 -20779.511719 3352.366943 54686.753906 1.043183
626100 299.658813 -65.243706 -20779.511719 3352.366943 54686.753906 1.043183
626200 299.658813 -65.244804 -20779.511719 3352.366943 54686.750000 1.043183
626300 299.658813 -65.245697 -20779.513672 3352.366943 54686.750000 1.043183
626400 299.658844 -65.246635 -20779.513672 3352.367188 54686.750000 1.043183
626500 299.658844 -65.247299 -20779.513672 3352.367188 54686.750000 1.043183
626600 299.658844 -65.248169 -20779.515625 3352.367188 54686.738281 1.043183
626700 299.658844 -65.248398 -20779.515625 3352.367188 54686.734375 1.043183
626800 299.658844 -65.248878 -20779.515625 3352.367188 54686.734375 1.043183
626900 299.658844 -65.252953 -20779.519531 3352.367188 54686.734375 1.043183
627000 299.658844 -65.255516 -20779.523438 3352.367188 54686.730469 1.043183
627100 299.658844 -65.256874 -20779.527344 3352.367188 54686.730469 1.043183
627200 299.658875 -65.257988 -20779.527344 3352.367432 54686.722656 1.043184
627300 299.658875 -65.258018 -20779.527344 3352.367432 54686.722656 1.043184
627400 299.658875 -65.257820 -20779.527344 3352.367432 54686.718750 1.043184
627500 299.658875 -65.258286 -20779.529297 3352.367432 54686.718750 1.043184
627600 299.658875 -65.259163 -20779.529297 3352.367432 54686.718750 1.043184
627700 299.658875 -65.259880 -20779.529297 3352.367432 54686.718750 1.043184
627800 299.658875 -65.260735 -20779.527344 3352.367432 54686.718750 1.043184
627900 299.658875 -65.262360 -20779.529297 3352.367432 54686.718750 1.043184
628000 299.658875 -65.262955 -20779.531250 3352.367432 54686.718750 1.043184
628100 299.658875 -65.262978 -20779.531250 3352.367432 54686.718750 1.043184
628200 299.658875 -65.262886 -20779.531250 3352.367432 54686.718750 1.043184
628300 299.658875 -65.263344 -20779.533203 3352.367432 54686.707031 1.043184
628400 299.658875 -65.263802 -20779.535156 3352.367432 54686.707031 1.043184
628500 299.658875 -65.265221 -20779.537109 3352.367432 54686.703125 1.043184
628600 299.658875 -65.265388 -20779.539062 3352.367432 54686.703125 1.043184
628700 299.658875 -65.266029 -20779.539062 3352.367432 54686.703125 1.043184
628800 299.658875 -65.265686 -20779.541016 3352.367432 54686.699219 1.043184
628900 299.658905 -65.265297 -20779.542969 3352.367920 54686.699219 1.043184
629000 299.658905 -65.264473 -20779.542969 3352.367920 54686.699219 1.043184
629100 299.658905 -65.264633 -20779.544922 3352.367920 54686.699219 1.043184
629200 299.658905 -65.265228 -20779.544922 3352.367920 54686.691406 1.043184
629300 299.658905 -65.265480 -20779.546875 3352.367920 54686.691406 1.043184
629400 299.658905 -65.265816 -20779.548828 3352.367920 54686.687500 1.043184
629500 299.658905 -65.265976 -20779.548828 3352.367920 54686.687500 1.043184
629600 299.658905 -65.265678 -20779.548828 3352.367920 54686.687500 1.043184
629700 299.658905 -65.264992 -20779.548828 3352.367920 54686.687500 1.043184
629800 299.658905 -65.263855 -20779.548828 3352.367920 54686.687500 1.043184
629900 299.658936 -65.263298 -20779.548828 3352.368164 54686.687500 1.043184
630000 299.658936 -65.263855 -20779.550781 3352.368164 54686.687500 1.043184
630100 299.658936 -65.264572 -20779.550781 3352.368164 54686.675781 1.043184
630200 299.658936 -65.266808 -20779.552734 3352.368164 54686.675781 1.043184
630300 299.658936 -65.267738 -20779.554688 3352.368164 54686.675781 1.043184
630400 299.658936 -65.268311 -20779.556641 3352.368164 54686.675781 1.043184
630500 299.658966 -65.268143 -20779.560547 3352.368408 54686.671875 1.043185
630600 299.658966 -65.268837 -20779.562500 3352.368408 54686.671875 1.043185
630700 299.658966 -65.269806 -20779.564453 3352.368408 54686.667969 1.043185
630800 299.658966 -65.270660 -20779.564453 3352.368408 54686.667969 1.043185
630900 299.658966 -65.270309 -20779.564453 3352.368408 54686.667969 1.043185
631000 299.658966 -65.270805 -20779.566406 3352.368408 54686.667969 1.043185
631100 299.658966 -65.271790 -20779.566406 3352.368408 54686.660156 1.043185
631200 299.658966 -65.272385 -20779.568359 3352.368408 54686.660156 1.043185
631300 299.658997 -65.271843 -20779.568359 3352.368896 54686.656250 1.043185
631400 299.658997 -65.271362 -20779.568359 3352.368896 54686.656250 1.043185
631500 299.658997 -65.272125 -20779.568359 3352.368896 54686.644531 1.043185
631600 299.658997 -65.273117 -20779.570312 3352.368896 54686.644531 1.043185
631700 299.658997 -65.274864 -20779.570312 3352.368896 54686.644531 1.043185
631800 299.659027 -65.277466 -20779.572266 3352.369141 54686.644531 1.043185
631900 299.659027 -65.279144 -20779.574219 3352.369141 54686.644531 1.043185
632000 299.659027 -65.279381 -20779.576172 3352.369141 54686.644531 1.043185
632100 299.659027 -65.280052 -20779.578125 3352.369141 54686.644531 1.043185
632200 299.659027 -65.280472 -20779.578125 3352.369141 54686.640625 1.043185
632300 299.659027 -65.280693 -20779.580078 3352.369141 54686.640625 1.043185
632400 299.659027 -65.280785 -20779.580078 3352.369141 54686.636719 1.043185
632500 299.659027 -65.280869 -20779.580078 3352.369141 54686.636719 1.043185
632600 299.659027 -65.280426 -20779.580078 3352.369141 54686.628906 1.043185
632700 299.659027 -65.280128 -20779.580078 3352.369141 54686.628906 1.043185
632800 299.659027 -65.279686 -20779.580078 3352.369141 54686.628906 1.043185
632900 299.659058 -65.279366 -20779.582031 3352.369629 54686.628906 1.043185
633000 299.659058 -65.279800 -20779.582031 3352.369629 54686.628906 1.043185
633100 299.659058 -65.279480 -20779.582031 3352.369629 54686.628906 1.043185
633200 299.659058 -65.278252 -20779.583984 3352.369629 54686.625000 1.043185
633300 299.659058 -65.277878 -20779.583984 3352.369629 54686.625000 1.043185
633400 299.659058 -65.277397 -20779.583984 3352.369629 54686.625000 1.043185
633500 299.659058 -65.277916 -20779.583984 3352.369629 54686.613281 1.043186
633600 299.659058 -65.278290 -20779.583984 3352.369629 54686.613281 1.043186
633700 299.659058 -65.278931 -20779.583984 3352.369629 54686.613281 1.043186
633800 299.659058 -65.279213 -20779.583984 3352.369629 54686.613281 1.043186
633900 299.659058 -65.279076 -20779.583984 3352.369629 54686.613281 1.043186
634000 299.659058 -65.278931 -20779.585938 3352.369629 54686.613281 1.043186
634100 299.659058 -65.279182 -20779.585938 3352.369629 54686.613281 1.043186
634200 299.659058 -65.280121 -20779.589844 3352.369629 54686.613281 1.043186
634300 299.659058 -65.280739 -20779.591797 3352.369629 54686.613281 1.043186
634400 299.659058 -65.281197 -20779.591797 3352.369629 54686.613281 1.043186
634500 299.659058 -65.281235 -20779.593750 3352.369629 54686.613281 1.043186
634600 299.659058 -65.281250 -20779.593750 3352.369629 54686.613281 1.043186
634700 299.659058 -65.281036 -20779.593750 3352.369629 54686.609375 1.043186
634800 299.659058 -65.280838 -20779.595703 3352.369629 54686.609375 1.043186
634900 299.659058 -65.282043 -20779.597656 3352.369629 54686.609375 1.043186
635000 299.659058 -65.282036 -20779.597656 3352.369629 54686.609375 1.043186
635100 299.659058 -65.281700 -20779.597656 3352.369629 54686.613281 1.043186
635200 299.659058 -65.281548 -20779.597656 3352.369629 54686.613281 1.043186
635300 299.659058 -65.282822 -20779.597656 3352.369629 54686.613281 1.043186
635400 299.659058 -65.283142 -20779.597656 3352.369629 54686.609375 1.043186
635500 299.659088 -65.283669 -20779.597656 3352.369873 54686.609375 1.043186
635600 299.659088 -65.283943 -20779.597656 3352.369873 54686.605469 1.043186
635700 299.659088 -65.284271 -20779.595703 3352.369873 54686.605469 1.043186
635800 299.659088 -65.285034 -20779.595703 3352.369873 54686.605469 1.043186
635900 299.659088 -65.285698 -20779.595703 3352.369873 54686.597656 1.043186
636000 299.659088 -65.286522 -20779.595703 3352.369873 54686.597656 1.043186
636100 299.659088 -65.287140 -20779.595703 3352.369873 54686.597656 1.043186
636200 299.659088 -65.287529 -20779.595703 3352.369873 54686.597656 1.043186
636300 299.659088 -65.287964 -20779.595703 3352.369873 54686.597656 1.043186
636400 299.659088 -65.287598 -20779.597656 3352.369873 54686.597656 1.043186
636500 299.659088 -65.287209 -20779.597656 3352.369873 54686.593750 1.043186
636600 299.659088 -65.287003 -20779.597656 3352.369873 54686.593750 1.043186
636700 299.659088 -65.285980 -20779.599609 3352.369873 54686.582031 1.043186
636800 299.659088 -65.285851 -20779.599609 3352.369873 54686.582031 1.043186
636900 299.659088 -65.285706 -20779.599609 3352.369873 54686.582031 1.043186
637000 299.659088 -65.287041 -20779.599609 3352.369873 54686.582031 1.043186
637100 299.659119 -65.288773 -20779.599609 3352.370117 54686.582031 1.043186
637200 299.659119 -65.290421 -20779.599609 3352.370117 54686.582031 1.043186
637300 299.659088 -65.290688 -20779.601562 3352.369873 54686.582031 1.043186
637400 299.659088 -65.290871 -20779.603516 3352.369873 54686.582031 1.043186
637500 299.659088 -65.291374 -20779.603516 3352.369873 54686.578125 1.043186
637600 299.659088 -65.291336 -20779.603516 3352.369873 54686.578125 1.043186
637700 299.659119 -65.291595 -20779.603516 3352.370117 54686.578125 1.043186
637800 299.659119 -65.291962 -20779.603516 3352.370117 54686.578125 1.043186
637900 299.659119 -65.292244 -20779.603516 3352.370117 54686.578125 1.043186
638000 299.659088 -65.293228 -20779.605469 3352.369873 54686.574219 1.043186
638100 299.659119 -65.294144 -20779.607422 3352.370117 54686.574219 1.043186
638200 299.659119 -65.295807 -20779.609375 3352.370117 54686.574219 1.043186
638300 299.659119 -65.296387 -20779.609375 3352.370117 54686.574219 1.043186
638400 299.659119 -65.295967 -20779.611328 3352.370117 54686.566406 1.043187
638500 299.659119 -65.296906 -20779.613281 3352.370117 54686.566406 1.043187
638600 299.659119 -65.297920 -20779.613281 3352.370117 54686.566406 1.043187
638700 299.659149 -65.297508 -20779.613281 3352.370605 54686.566406 1.043187
638800 299.659149 -65.297844 -20779.613281 3352.370605 54686.562500 1.043187
638900 299.659149 -65.298141 -20779.613281 3352.370605 54686.562500 1.043187
639000 299.659149 -65.298012 -20779.613281 3352.370605 54686.562500 1.043187
639100 299.659149 -65.297943 -20779.615234 3352.370605 54686.562500 1.043187
639200 299.659149 -65.298393 -20779.617188 3352.370605 54686.562500 1.043187
639300 299.659149 -65.299057 -20779.617188 3352.370605 54686.562500 1.043187
639400 299.659149 -65.299744 -20779.619141 3352.370605 54686.554688 1.043187
639500 299.659149 -65.299820 -20779.623047 3352.370605 54686.546875 1.043187
639600 299.659149 -65.300156 -20779.623047 3352.370605 54686.546875 1.043187
639700 299.659149 -65.300499 -20779.625000 3352.370605 54686.546875 1.043187
639800 299.659149 -65.300095 -20779.625000 3352.370605 54686.546875 1.043187
639900 299.659149 -65.299446 -20779.626953 3352.370605 54686.542969 1.043187
640000 299.659149 -65.298882 -20779.626953 3352.370605 54686.542969 1.043187
640100 299.659149 -65.298866 -20779.626953 3352.370605 54686.542969 1.043187
640200 299.659149 -65.298813 -20779.626953 3352.370605 54686.542969 1.043187
640300 299.659149 -65.299194 -20779.626953 3352.370605 54686.542969 1.043187
640400 299.659149 -65.300117 -20779.628906 3352.370605 54686.542969 1.043187
640500 299.659149 -65.301033 -20779.628906 3352.370605 54686.542969 1.043187
640600 299.659149 -65.300751 -20779.628906 3352.370605 54686.542969 1.043187
640700 299.659149 -65.300392 -20779.628906 3352.370605 54686.542969 1.043187
640800 299.659149 -65.300346 -20779.630859 3352.370605 54686.542969 1.043187
640900 299.659149 -65.300362 -20779.630859 3352.370605 54686.542969 1.043187
641000 299.659149 -65.301720 -20779.630859 3352.370605 54686.542969 1.043187
641100 299.659149 -65.303459 -20779.632812 3352.370605 54686.542969 1.043187
641200 299.659149 -65.304588 -20779.634766 3352.370605 54686.542969 1.043187
641300 299.659149 -65.305206 -20779.634766 3352.370605 54686.542969 1.043187
641400 299.659180 -65.305840 -20779.634766 3352.370850 54686.539062 1.043187
641500 299.659180 -65.306953 -20779.634766 3352.370850 54686.531250 1.043187
641600 299.659180 -65.307434 -20779.636719 3352.370850 54686.531250 1.043187
641700 299.659180 -65.307480 -20779.636719 3352.370850 54686.531250 1.043187
641800 299.659180 -65.307587 -20779.636719 3352.370850 54686.531250 1.043187
641900 299.659180 -65.307503 -20779.638672 3352.370850 54686.531250 1.043187
642000 299.659180 -65.307831 -20779.640625 3352.370850 54686.531250 1.043187
642100 299.659180 -65.307480 -20779.640625 3352.370850 54686.523438 1.043187
642200 299.659180 -65.307114 -20779.640625 3352.370850 54686.523438 1.043187
642300 299.659180 -65.306999 -20779.638672 3352.370850 54686.523438 1.043187
642400 299.659180 -65.307281 -20779.638672 3352.370850 54686.523438 1.043187
642500 299.659180 -65.308250 -20779.638672 3352.370850 54686.523438 1.043187
642600 299.659210 -65.309044 -20779.638672 3352.371094 54686.515625 1.043187
642700 299.659210 -65.309761 -20779.640625 3352.371094 54686.515625 1.043187
642800 299.659210 -65.310844 -20779.642578 3352.371094 54686.515625 1.043187
642900 299.659210 -65.311325 -20779.644531 3352.371094 54686.515625 1.043187
643000 299.659210 -65.311012 -20779.646484 3352.371094 54686.515625 1.043187
643100 299.659210 -65.311882 -20779.646484 3352.371094 54686.515625 1.043187
643200 299.659180 -65.311043 -20779.646484 3352.370850 54686.511719 1.043188
643300 299.659180 -65.310631 -20779.644531 3352.370850 54686.511719 1.043188
643400 299.659180 -65.310562 -20779.646484 3352.370850 54686.511719 1.043188
643500 299.659180 -65.310936 -20779.644531 3352.370850 54686.507812 1.043188
643600 299.659210 -65.311035 -20779.646484 3352.371094 54686.507812 1.043188
643700 299.659210 -65.311630 -20779.648438 3352.371094 54686.500000 1.043188
643800 299.659210 -65.311394 -20779.648438 3352.371094 54686.500000 1.043188
643900 299.659210 -65.311615 -20779.648438 3352.371094 54686.500000 1.043188
644000 299.659210 -65.312202 -20779.648438 3352.371094 54686.500000 1.043188
644100 299.659210 -65.311478 -20779.648438 3352.371094 54686.492188 1.043188
644200 299.659210 -65.310722 -20779.648438 3352.371094 54686.492188 1.043188
644300 299.659210 -65.311111 -20779.648438 3352.371094 54686.492188 1.043188
644400 299.659210 -65.311813 -20779.648438 3352.371094 54686.492188 1.043188
644500 299.659210 -65.311905 -20779.648438 3352.371094 54686.492188 1.043188
644600 299.659210 -65.311722 -20779.648438 3352.371094 54686.492188 1.043188
644700 299.659210 -65.311806 -20779.650391 3352.371094 54686.492188 1.043188
644800 299.659210 -65.311722 -20779.650391 3352.371094 54686.492188 1.043188
644900 299.659210 -65.311653 -20779.650391 3352.371094 54686.492188 1.043188
645000 299.659210 -65.311600 -20779.650391 3352.371094 54686.492188 1.043188
645100 299.659210 -65.311516 -20779.652344 3352.371094 54686.484375 1.043188
645200 299.659210 -65.310768 -20779.652344 3352.371094 54686.484375 1.043188
645300 299.659241 -65.310738 -20779.652344 3352.371582 54686.484375 1.043188
645400 299.659210 -65.310539 -20779.654297 3352.371094 54686.480469 1.043188
645500 299.659210 -65.311562 -20779.656250 3352.371094 54686.480469 1.043188
645600 299.659210 -65.311768 -20779.656250 3352.371094 54686.480469 1.043188
645700 299.659210 -65.311859 -20779.656250 3352.371094 54686.480469 1.043188
645800 299.659210 -65.313789 -20779.656250 3352.371094 54686.480469 1.043188
645900 299.659180 -65.315224 -20779.656250 3352.370850 54686.480469 1.043188
646000 299.659180 -65.316139 -20779.656250 3352.370850 54686.480469 1.043188
646100 299.659180 -65.316681 -20779.656250 3352.370850 54686.476562 1.043188
646200 299.659210 -65.317055 -20779.656250 3352.371094 54686.476562 1.043188
646300 299.659180 -65.319450 -20779.658203 3352.370850 54686.476562 1.043188
646400 299.659180 -65.320129 -20779.658203 3352.370850 54686.476562 1.043188
646500 299.659180 -65.318871 -20779.658203 3352.370850 54686.476562 1.043188
646600 299.659180 -65.318970 -20779.658203 3352.370850 54686.476562 1.043188
646700 299.659149 -65.318649 -20779.658203 3352.370605 54686.480469 1.043188
646800 299.659149 -65.318268 -20779.658203 3352.370605 54686.480469 1.043188
646900 299.659149 -65.318092 -20779.658203 3352.370605 54686.476562 1.043188
647000 299.659149 -65.318405 -20779.660156 3352.370605 54686.476562 1.043188
647100 299.659149 -65.318771 -20779.662109 3352.370605 54686.476562 1.043188
647200 299.659149 -65.319405 -20779.664062 3352.370605 54686.468750 1.043188
647300 299.659180 -65.319527 -20779.664062 3352.370850 54686.468750 1.043188
647400 299.659180 -65.320663 -20779.666016 3352.370850 54686.460938 1.043189
647500 299.659180 -65.321396 -20779.667969 3352.370850 54686.460938 1.043189
647600 299.659180 -65.320900 -20779.667969 3352.370850 54686.460938 1.043189
647700 299.659180 -65.320686 -20779.667969 3352.370850 54686.453125 1.043189
647800 299.659180 -65.320351 -20779.666016 3352.370850 54686.460938 1.043189
647900 299.659180 -65.320450 -20779.666016 3352.370850 54686.460938 1.043189
648000 299.659180 -65.322029 -20779.666016 3352.370850 54686.460938 1.043189
648100 299.659180 -65.322205 -20779.664062 3352.370850 54686.460938 1.043189
648200 299.659210 -65.322708 -20779.666016 3352.371094 54686.460938 1.043189
648300 299.659210 -65.323181 -20779.666016 3352.371094 54686.460938 1.043189
648400 299.659210 -65.323006 -20779.664062 3352.371094 54686.460938 1.043189
648500 299.659210 -65.323112 -20779.664062 3352.371094 54686.460938 1.043189
648600 299.659210 -65.322891 -20779.664062 3352.371094 54686.460938 1.043189
648700 299.659210 -65.323067 -20779.664062 3352.371094 54686.460938 1.043189
648800 299.659210 -65.323463 -20779.664062 3352.371094 54686.460938 1.043189
648900 299.659210 -65.324150 -20779.666016 3352.371094 54686.460938 1.043189
649000 299.659210 -65.324379 -20779.667969 3352.371094 54686.453125 1.043189
649100 299.659241 -65.325478 -20779.667969 3352.371582 54686.453125 1.043189
649200 299.659241 -65.325554 -20779.669922 3352.371582 54686.453125 1.043189
649300 299.659241 -65.325478 -20779.669922 3352.371582 54686.449219 1.043189
649400 299.659241 -65.325386 -20779.669922 3352.371582 54686.449219 1.043189
649500 299.659241 -65.325432 -20779.669922 3352.371582 54686.445312 1.043189
649600 299.659241 -65.324753 -20779.671875 3352.371582 54686.445312 1.043189
649700 299.659241 -65.324165 -20779.671875 3352.371582 54686.445312 1.043189
649800 299.659241 -65.323120 -20779.673828 3352.371582 54686.445312 1.043189
649900 299.659241 -65.324013 -20779.675781 3352.371582 54686.445312 1.043189
650000 299.659241 -65.323616 -20779.675781 3352.371582 54686.433594 1.043189
650100 299.659241 -65.324028 -20779.675781 3352.371582 54686.433594 1.043189
650200 299.659241 -65.324486 -20779.675781 3352.371582 54686.433594 1.043189
650300 299.659241 -65.326286 -20779.675781 3352.371582 54686.445312 1.043189
650400 299.659241 -65.328041 -20779.675781 3352.371582 54686.445312 1.043189
650500 299.659241 -65.328827 -20779.675781 3352.371582 54686.445312 1.043189
650600 299.659241 -65.328819 -20779.677734 3352.371582 54686.445312 1.043189
650700 299.659241 -65.329185 -20779.677734 3352.371582 54686.445312 1.043189
650800 299.659241 -65.328735 -20779.679688 3352.371582 54686.433594 1.043189
650900 299.659241 -65.329124 -20779.679688 3352.371582 54686.433594 1.043189
651000 299.659241 -65.329445 -20779.681641 3352.371582 54686.433594 1.043189
651100 299.659271 -65.328964 -20779.681641 3352.371826 54686.433594 1.043189
651200 299.659271 -65.328957 -20779.681641 3352.371826 54686.433594 1.043189
651300 299.659271 -65.329124 -20779.679688 3352.371826 54686.429688 1.043189
651400 299.659271 -65.328812 -20779.681641 3352.371826 54686.429688 1.043189
651500 299.659271 -65.328743 -20779.681641 3352.371826 54686.429688 1.043189
651600 299.659271 -65.329109 -20779.681641 3352.371826 54686.429688 1.043189
651700 299.659241 -65.329475 -20779.683594 3352.371582 54686.429688 1.043189
651800 299.659271 -65.330658 -20779.683594 3352.371826 54686.421875 1.043189
651900 299.659271 -65.331581 -20779.685547 3352.371826 54686.421875 1.043189
652000 299.659271 -65.331955 -20779.685547 3352.371826 54686.421875 1.043189
652100 299.659271 -65.331917 -20779.687500 3352.371826 54686.421875 1.043189
652200 299.659271 -65.332626 -20779.689453 3352.371826 54686.421875 1.043189
652300 299.659271 -65.333122 -20779.689453 3352.371826 54686.421875 1.043189
652400 299.659271 -65.333099 -20779.689453 3352.371826 54686.421875 1.043189
652500 299.659271 -65.333015 -20779.689453 3352.371826 54686.421875 1.043189
652600 299.659271 -65.333839 -20779.687500 3352.371826 54686.421875 1.043189
652700 299.659271 -65.334518 -20779.687500 3352.371826 54686.421875 1.043189
652800 299.659271 -65.333916 -20779.689453 3352.371826 54686.417969 1.043189
652900 299.659271 -65.334892 -20779.691406 3352.371826 54686.417969 1.043189
653000 299.659302 -65.335068 -20779.693359 3352.372070 54686.417969 1.043189
653100 299.659302 -65.335381 -20779.693359 3352.372070 54686.417969 1.043189
653200 299.659302 -65.335670 -20779.695312 3352.372070 54686.417969 1.043189
653300 299.659302 -65.335976 -20779.695312 3352.372070 54686.414062 1.043190
653400 299.659271 -65.335854 -20779.695312 3352.371826 54686.402344 1.043190
653500 299.659271 -65.336212 -20779.697266 3352.371826 54686.402344 1.043190
653600 299.659271 -65.336479 -20779.697266 3352.371826 54686.402344 1.043190
653700 299.659271 -65.336327 -20779.697266 3352.371826 54686.398438 1.043190
653800 299.659271 -65.336761 -20779.697266 3352.371826 54686.398438 1.043190
653900 299.659271 -65.336670 -20779.699219 3352.371826 54686.398438 1.043190
654000 299.659271 -65.336143 -20779.701172 3352.371826 54686.398438 1.043190
654100 299.659271 -65.336555 -20779.701172 3352.371826 54686.390625 1.043190
654200 299.659271 -65.337379 -20779.703125 3352.371826 54686.390625 1.043190
654300 299.659271 -65.338562 -20779.703125 3352.371826 54686.390625 1.043190
654400 299.659271 -65.338913 -20779.705078 3352.371826 54686.390625 1.043190
654500 299.659271 -65.339478 -20779.703125 3352.371826 54686.390625 1.043190
654600 299.659271 -65.339783 -20779.705078 3352.371826 54686.390625 1.043190
654700 299.659271 -65.339989 -20779.703125 3352.371826 54686.390625 1.043190
654800 299.659271 -65.340996 -20779.703125 3352.371826 54686.390625 1.043190
654900 299.659302 -65.341988 -20779.705078 3352.372070 54686.390625 1.043190
655000 299.659302 -65.342201 -20779.705078 3352.372070 54686.390625 1.043190
655100 299.659302 -65.342506 -20779.705078 3352.372070 54686.390625 1.043190
655200 299.659302 -65.342590 -20779.705078 3352.372070 54686.386719 1.043190
655300 299.659271 -65.341888 -20779.705078 3352.371826 54686.386719 1.043190
655400 299.659271 -65.342613 -20779.705078 3352.371826 54686.386719 1.043190
655500 299.659271 -65.343277 -20779.705078 3352.371826 54686.382812 1.043190
655600 299.659271 -65.343552 -20779.705078 3352.371826 54686.382812 1.043190
655700 299.659271 -65.344383 -20779.705078 3352.371826 54686.382812 1.043190
655800 299.659271 -65.344612 -20779.705078 3352.371826 54686.382812 1.043190
655900 299.659271 -65.344315 -20779.705078 3352.371826 54686.382812 1.043190
656000 299.659271 -65.344307 -20779.707031 3352.371826 54686.382812 1.043190
656100 299.659271 -65.344772 -20779.708984 3352.371826 54686.371094 1.043190
656200 299.659302 -65.344994 -20779.710938 3352.372070 54686.371094 1.043190
656300 299.659302 -65.344910 -20779.710938 3352.372070 54686.371094 1.043190
656400 299.659302 -65.344810 -20779.710938 3352.372070 54686.371094 1.043190
656500 299.659302 -65.344559 -20779.710938 3352.372070 54686.371094 1.043190
656600 299.659302 -65.344513 -20779.710938 3352.372070 54686.371094 1.043190
656700 299.659302 -65.344292 -20779.712891 3352.372070 54686.371094 1.043190
656800 299.659302 -65.343437 -20779.712891 3352.372070 54686.367188 1.043190
656900 299.659302 -65.343773 -20779.714844 3352.372070 54686.367188 1.043190
657000 299.659271 -65.344421 -20779.714844 3352.371826 54686.367188 1.043190
657100 299.659271 -65.345230 -20779.714844 3352.371826 54686.367188 1.043190
657200 299.659271 -65.345505 -20779.714844 3352.371826 54686.367188 1.043190
657300 299.659271 -65.345383 -20779.714844 3352.371826 54686.359375 1.043190
657400 299.659302 -65.345650 -20779.716797 3352.372070 54686.355469 1.043191
657500 299.659302 -65.345558 -20779.716797 3352.372070 54686.355469 1.043191
657600 299.659302 -65.345253 -20779.716797 3352.372070 54686.355469 1.043191
657700 299.659302 -65.344833 -20779.714844 3352.372070 54686.351562 1.043191
657800 299.659302 -65.344345 -20779.712891 3352.372070 54686.355469 1.043191
657900 299.659302 -65.344666 -20779.712891 3352.372070 54686.355469 1.043191
658000 299.659302 -65.345619 -20779.712891 3352.372070 54686.355469 1.043191
658100 299.659332 -65.347435 -20779.710938 3352.372559 54686.355469 1.043191
658200 299.659332 -65.348297 -20779.710938 3352.372559 54686.355469 1.043191
658300 299.659332 -65.349091 -20779.712891 3352.372559 54686.355469 1.043191
658400 299.659332 -65.350052 -20779.714844 3352.372559 54686.351562 1.043191
658500 299.659332 -65.351341 -20779.716797 3352.372559 54686.351562 1.043191
658600 299.659363 -65.352074 -20779.716797 3352.372803 54686.351562 1.043191
658700 299.659363 -65.352890 -20779.718750 3352.372803 54686.351562 1.043191
658800 299.659363 -65.353325 -20779.720703 3352.372803 54686.351562 1.043191
658900 299.659363 -65.353172 -20779.720703 3352.372803 54686.351562 1.043191
659000 299.659363 -65.353287 -20779.720703 3352.372803 54686.351562 1.043191
659100 299.659363 -65.352440 -20779.720703 3352.372803 54686.351562 1.043191
659200 299.659363 -65.351822 -20779.722656 3352.372803 54686.351562 1.043191
659300 299.659393 -65.352028 -20779.722656 3352.373047 54686.339844 1.043191
659400 299.659393 -65.352646 -20779.722656 3352.373047 54686.339844 1.043191
659500 299.659393 -65.353508 -20779.720703 3352.373047 54686.339844 1.043191
659600 299.659393 -65.353928 -20779.720703 3352.373047 54686.339844 1.043191
659700 299.659393 -65.354134 -20779.722656 3352.373047 54686.339844 1.043191
659800 299.659363 -65.354080 -20779.722656 3352.372803 54686.339844 1.043191
659900 299.659363 -65.354256 -20779.722656 3352.372803 54686.339844 1.043191
660000 299.659363 -65.354866 -20779.722656 3352.372803 54686.335938 1.043191
660100 299.659363 -65.355453 -20779.722656 3352.372803 54686.335938 1.043191
660200 299.659363 -65.355827 -20779.720703 3352.372803 54686.335938 1.043191
660300 299.659363 -65.354797 -20779.720703 3352.372803 54686.335938 1.043191
660400 299.659363 -65.353966 -20779.720703 3352.372803 54686.328125 1.043191
660500 299.659363 -65.353729 -20779.718750 3352.372803 54686.328125 1.043191
660600 299.659363 -65.353470 -20779.718750 3352.372803 54686.328125 1.043191
660700 299.659363 -65.353867 -20779.718750 3352.372803 54686.328125 1.043191
660800 299.659363 -65.354752 -20779.720703 3352.372803 54686.328125 1.043191
660900 299.659363 -65.354485 -20779.722656 3352.372803 54686.328125 1.043191
661000 299.659363 -65.354454 -20779.724609 3352.372803 54686.328125 1.043191
661100 299.659332 -65.354149 -20779.724609 3352.372559 54686.328125 1.043191
661200 299.659363 -65.354935 -20779.726562 3352.372803 54686.328125 1.043191
661300 299.659363 -65.354958 -20779.726562 3352.372803 54686.324219 1.043191
661400 299.659363 -65.355270 -20779.728516 3352.372803 54686.324219 1.043191
661500 299.659363 -65.355362 -20779.728516 3352.372803 54686.324219 1.043191
661600 299.659363 -65.357010 -20779.728516 3352.372803 54686.320312 1.043191
661700 299.659363 -65.357613 -20779.728516 3352.372803 54686.320312 1.043191
661800 299.659363 -65.358170 -20779.730469 3352.372803 54686.320312 1.043191
661900 299.659363 -65.358253 -20779.732422 3352.372803 54686.320312 1.043191
662000 299.659393 -65.359718 -20779.734375 3352.373047 54686.320312 1.043191
662100 299.659393 -65.360176 -20779.734375 3352.373047 54686.320312 1.043191
662200 299.659393 -65.360237 -20779.736328 3352.373047 54686.320312 1.043191
662300 299.659393 -65.359413 -20779.736328 3352.373047 54686.308594 1.043191
662400 299.659363 -65.359848 -20779.740234 3352.372803 54686.308594 1.043191
662500 299.659363 -65.360443 -20779.742188 3352.372803 54686.304688 1.043192
662600 299.659363 -65.360527 -20779.744141 3352.372803 54686.304688 1.043192
662700 299.659363 -65.360672 -20779.746094 3352.372803 54686.296875 1.043192
662800 299.659363 -65.360771 -20779.746094 3352.372803 54686.296875 1.043192
662900 299.659363 -65.361320 -20779.748047 3352.372803 54686.296875 1.043192
663000 299.659363 -65.361679 -20779.748047 3352.372803 54686.296875 1.043192
663100 299.659363 -65.362831 -20779.748047 3352.372803 54686.304688 1.043192
663200 299.659363 -65.363495 -20779.748047 3352.372803 54686.296875 1.043192
663300 299.659332 -65.364281 -20779.750000 3352.372559 54686.296875 1.043192
663400 299.659332 -65.364975 -20779.750000 3352.372559 54686.296875 1.043192
663500 299.659332 -65.365570 -20779.750000 3352.372559 54686.296875 1.043192
663600 299.659332 -65.365845 -20779.751953 3352.372559 54686.296875 1.043192
663700 299.659332 -65.365356 -20779.750000 3352.372559 54686.292969 1.043192
663800 299.659332 -65.365814 -20779.748047 3352.372559 54686.292969 1.043192
663900 299.659332 -65.366417 -20779.748047 3352.372559 54686.292969 1.043192
664000 299.659332 -65.366165 -20779.748047 3352.372559 54686.289062 1.043192
664100 299.659332 -65.366074 -20779.748047 3352.372559 54686.289062 1.043192
664200 299.659332 -65.365791 -20779.750000 3352.372559 54686.277344 1.043192
664300 299.659332 -65.364723 -20779.748047 3352.372559 54686.277344 1.043192
664400 299.659332 -65.364059 -20779.748047 3352.372559 54686.277344 1.043192
664500 299.659332 -65.364113 -20779.748047 3352.372559 54686.273438 1.043192
664600 299.659332 -65.363632 -20779.748047 3352.372559 54686.273438 1.043192
664700 299.659332 -65.363220 -20779.748047 3352.372559 54686.273438 1.043192
664800 299.659332 -65.363045 -20779.748047 3352.372559 54686.265625 1.043192
664900 299.659332 -65.362915 -20779.750000 3352.372559 54686.265625 1.043192
665000 299.659332 -65.363686 -20779.750000 3352.372559 54686.265625 1.043192
665100 299.659363 -65.363266 -20779.751953 3352.372803 54686.273438 1.043192
665200 299.659363 -65.364082 -20779.751953 3352.372803 54686.273438 1.043192
665300 299.659363 -65.364532 -20779.753906 3352.372803 54686.273438 1.043192
665400 299.659363 -65.363808 -20779.753906 3352.372803 54686.273438 1.043192
665500 299.659363 -65.363823 -20779.753906 3352.372803 54686.265625 1.043192
665600 299.659363 -65.362762 -20779.753906 3352.372803 54686.265625 1.043192
665700 299.659363 -65.362167 -20779.753906 3352.372803 54686.261719 1.043192
665800 299.659393 -65.363243 -20779.755859 3352.373047 54686.261719 1.043192
665900 299.659393 -65.363602 -20779.755859 3352.373047 54686.261719 1.043192
666000 299.659393 -65.364548 -20779.757812 3352.373047 54686.261719 1.043192
666100 299.659393 -65.365204 -20779.759766 3352.373047 54686.261719 1.043192
666200 299.659393 -65.366051 -20779.759766 3352.373047 54686.257812 1.043193
666300 299.659393 -65.366280 -20779.759766 3352.373047 54686.257812 1.043193
666400 299.659393 -65.366272 -20779.759766 3352.373047 54686.257812 1.043193
666500 299.659393 -65.366676 -20779.759766 3352.373047 54686.257812 1.043193
666600 299.659393 -65.367424 -20779.759766 3352.373047 54686.257812 1.043193
666700 299.659393 -65.367882 -20779.761719 3352.373047 54686.257812 1.043193
666800 299.659393 -65.368675 -20779.763672 3352.373047 54686.257812 1.043193
666900 299.659393 -65.369553 -20779.765625 3352.373047 54686.246094 1.043193
667000 299.659393 -65.370354 -20779.765625 3352.373047 54686.246094 1.043193
667100 299.659393 -65.370911 -20779.767578 3352.373047 54686.246094 1.043193
667200 299.659393 -65.370155 -20779.767578 3352.373047 54686.246094 1.043193
667300 299.659424 -65.369370 -20779.767578 3352.373535 54686.242188 1.043193
667400 299.659424 -65.368935 -20779.765625 3352.373535 54686.242188 1.043193
667500 299.659424 -65.368973 -20779.765625 3352.373535 54686.242188 1.043193
667600 299.659424 -65.368637 -20779.765625 3352.373535 54686.234375 1.043193
667700 299.659424 -65.368935 -20779.765625 3352.373535 54686.234375 1.043193
667800 299.659424 -65.369041 -20779.765625 3352.373535 54686.242188 1.043193
667900 299.659424 -65.369232 -20779.767578 3352.373535 54686.242188 1.043193
668000 299.659424 -65.369301 -20779.765625 3352.373535 54686.234375 1.043193
668100 299.659424 -65.369820 -20779.765625 3352.373535 54686.234375 1.043193
668200 299.659424 -65.370010 -20779.767578 3352.373535 54686.234375 1.043193
668300 299.659424 -65.370155 -20779.767578 3352.373535 54686.230469 1.043193
668400 299.659424 -65.370033 -20779.769531 3352.373535 54686.230469 1.043193
668500 299.659424 -65.370193 -20779.771484 3352.373535 54686.230469 1.043193
668600 299.659424 -65.371040 -20779.771484 3352.373535 54686.230469 1.043193
668700 299.659424 -65.370857 -20779.771484 3352.373535 54686.230469 1.043193
668800 299.659424 -65.370819 -20779.773438 3352.373535 54686.230469 1.043193
668900 299.659424 -65.370819 -20779.773438 3352.373535 54686.230469 1.043193
669000 299.659393 -65.370720 -20779.773438 3352.373047 54686.230469 1.043193
669100 299.659393 -65.370674 -20779.773438 3352.373047 54686.230469 1.043193
669200 299.659424 -65.370544 -20779.773438 3352.373535 54686.226562 1.043193
669300 299.659424 -65.370155 -20779.773438 3352.373535 54686.226562 1.043193
669400 299.659424 -65.369446 -20779.773438 3352.373535 54686.214844 1.043193
669500 299.659424 -65.369850 -20779.773438 3352.373535 54686.214844 1.043193
669600 299.659424 -65.371216 -20779.775391 3352.373535 54686.214844 1.043193
669700 299.659454 -65.371849 -20779.775391 3352.373779 54686.214844 1.043193
669800 299.659454 -65.372803 -20779.777344 3352.373779 54686.214844 1.043193
669900 299.659454 -65.373604 -20779.779297 3352.373779 54686.214844 1.043193
670000 299.659454 -65.372948 -20779.779297 3352.373779 54686.214844 1.043193
670100 299.659454 -65.373466 -20779.777344 3352.373779 54686.214844 1.043193
670200 299.659454 -65.372299 -20779.777344 3352.373779 54686.214844 1.043193
670300 299.659454 -65.372505 -20779.775391 3352.373779 54686.226562 1.043193
670400 299.659485 -65.372589 -20779.775391 3352.374023 54686.226562 1.043193
670500 299.659485 -65.372826 -20779.775391 3352.374023 54686.226562 1.043193
670600 299.659485 -65.374397 -20779.773438 3352.374023 54686.226562 1.043193
670700 299.659485 -65.375420 -20779.773438 3352.374023 54686.214844 1.043193
670800 299.659485 -65.375938 -20779.773438 3352.374023 54686.214844 1.043193
670900 299.659485 -65.376274 -20779.773438 3352.374023 54686.214844 1.043193
671000 299.659485 -65.376816 -20779.775391 3352.374023 54686.214844 1.043193
671100 299.659485 -65.377724 -20779.777344 3352.374023 54686.214844 1.043193
671200 299.659485 -65.377480 -20779.777344 3352.374023 54686.214844 1.043193
671300 299.659485 -65.378006 -20779.777344 3352.374023 54686.214844 1.043193
671400 299.659454 -65.378059 -20779.779297 3352.373779 54686.210938 1.043193
671500 299.659454 -65.378052 -20779.779297 3352.373779 54686.210938 1.043193
671600 299.659454 -65.378777 -20779.781250 3352.373779 54686.210938 1.043193
671700 299.659454 -65.379326 -20779.781250 3352.373779 54686.210938 1.043193
671800 299.659454 -65.379272 -20779.783203 3352.373779 54686.210938 1.043193
671900 299.659454 -65.379608 -20779.785156 3352.373779 54686.210938 1.043193
672000 299.659454 -65.379410 -20779.785156 3352.373779 54686.207031 1.043193
672100 299.659454 -65.379250 -20779.785156 3352.373779 54686.207031 1.043193
672200 299.659454 -65.379059 -20779.785156 3352.373779 54686.207031 1.043193
672300 299.659454 -65.378654 -20779.785156 3352.373779 54686.207031 1.043193
672400 299.659454 -65.378433 -20779.787109 3352.373779 54686.199219 1.043194
672500 299.659454 -65.378731 -20779.787109 3352.373779 54686.199219 1.043194
672600 299.659454 -65.379372 -20779.789062 3352.373779 54686.199219 1.043194
672700 299.659454 -65.379707 -20779.789062 3352.373779 54686.199219 1.043194
672800 299.659454 -65.379921 -20779.791016 3352.373779 54686.195312 1.043194
672900 299.659454 -65.380486 -20779.792969 3352.373779 54686.195312 1.043194
673000 299.659454 -65.382088 -20779.792969 3352.373779 54686.195312 1.043194
673100 299.659485 -65.383400 -20779.794922 3352.374023 54686.183594 1.043194
673200 299.659485 -65.383835 -20779.794922 3352.374023 54686.183594 1.043194
673300 299.659485 -65.383980 -20779.794922 3352.374023 54686.195312 1.043194
673400 299.659485 -65.386192 -20779.796875 3352.374023 54686.195312 1.043194
673500 299.659454 -65.387543 -20779.796875 3352.373779 54686.195312 1.043194
673600 299.659454 -65.388512 -20779.798828 3352.373779 54686.195312 1.043194
673700 299.659485 -65.390015 -20779.798828 3352.374023 54686.195312 1.043194
673800 299.659485 -65.390770 -20779.800781 3352.374023 54686.195312 1.043194
673900 299.659485 -65.391327 -20779.800781 3352.374023 54686.195312 1.043194
674000 299.659485 -65.391571 -20779.800781 3352.374023 54686.195312 1.043194
674100 299.659485 -65.391365 -20779.800781 3352.374023 54686.183594 1.043194
674200 299.659485 -65.390907 -20779.800781 3352.374023 54686.183594 1.043194
674300 299.659485 -65.390167 -20779.800781 3352.374023 54686.179688 1.043194
674400 299.659485 -65.389397 -20779.800781 3352.374023 54686.179688 1.043194
674500 299.659485 -65.389969 -20779.800781 3352.374023 54686.179688 1.043194
674600 299.659485 -65.389389 -20779.802734 3352.374023 54686.179688 1.043194
674700 299.659485 -65.389511 -20779.802734 3352.374023 54686.179688 1.043194
674800 299.659485 -65.389221 -20779.804688 3352.374023 54686.175781 1.043194
674900 299.659485 -65.389236 -20779.804688 3352.374023 54686.175781 1.043194
675000 299.659485 -65.388596 -20779.804688 3352.374023 54686.175781 1.043194
675100 299.659485 -65.388489 -20779.804688 3352.374023 54686.167969 1.043194
675200 299.659485 -65.388672 -20779.802734 3352.374023 54686.167969 1.043194
675300 299.659485 -65.388847 -20779.802734 3352.374023 54686.167969 1.043194
675400 299.659485 -65.388458 -20779.802734 3352.374023 54686.167969 1.043194
675500 299.659485 -65.388817 -20779.804688 3352.374023 54686.160156 1.043194
675600 299.659485 -65.390480 -20779.804688 3352.374023 54686.167969 1.043194
675700 299.659485 -65.391541 -20779.804688 3352.374023 54686.167969 1.043194
675800 299.659454 -65.391571 -20779.804688 3352.373779 54686.167969 1.043194
675900 299.659454 -65.390999 -20779.804688 3352.373779 54686.167969 1.043194
676000 299.659454 -65.390411 -20779.804688 3352.373779 54686.167969 1.043194
676100 299.659454 -65.390610 -20779.804688 3352.373779 54686.160156 1.043194
676200 299.659454 -65.390907 -20779.806641 3352.373779 54686.160156 1.043194
676300 299.659454 -65.391685 -20779.806641 3352.373779 54686.160156 1.043194
676400 299.659454 -65.392448 -20779.810547 3352.373779 54686.160156 1.043194
676500 299.659454 -65.393219 -20779.812500 3352.373779 54686.160156 1.043194
676600 299.659454 -65.393211 -20779.812500 3352.373779 54686.152344 1.043194
676700 299.659454 -65.392853 -20779.814453 3352.373779 54686.152344 1.043194
676800 299.659454 -65.393188 -20779.816406 3352.373779 54686.152344 1.043194
676900 299.659485 -65.394203 -20779.816406 3352.374023 54686.152344 1.043194
677000 299.659485 -65.394386 -20779.818359 3352.374023 54686.152344 1.043194
677100 299.659485 -65.394943 -20779.818359 3352.374023 54686.152344 1.043194
677200 299.659485 -65.395042 -20779.818359 3352.374023 54686.152344 1.043194
677300 299.659485 -65.395233 -20779.816406 3352.374023 54686.152344 1.043194
677400 299.659485 -65.395004 -20779.818359 3352.374023 54686.148438 1.043195
677500 299.659485 -65.393845 -20779.820312 3352.374023 54686.148438 1.043195
677600 299.659485 -65.393196 -20779.820312 3352.374023 54686.148438 1.043195
677700 299.659515 -65.395149 -20779.820312 3352.374512 54686.148438 1.043195
677800 299.659515 -65.396164 -20779.822266 3352.374512 54686.148438 1.043195
677900 299.659515 -65.396515 -20779.822266 3352.374512 54686.148438 1.043195
678000 299.659515 -65.395325 -20779.822266 3352.374512 54686.144531 1.043195
678100 299.659515 -65.394753 -20779.820312 3352.374512 54686.136719 1.043195
678200 299.659515 -65.395531 -20779.820312 3352.374512 54686.136719 1.043195
678300 299.659546 -65.395576 -20779.820312 3352.374756 54686.136719 1.043195
678400 299.659546 -65.395721 -20779.820312 3352.374756 54686.128906 1.043195
678500 299.659546 -65.396103 -20779.820312 3352.374756 54686.128906 1.043195
678600 299.659546 -65.396675 -20779.820312 3352.374756 54686.128906 1.043195
678700 299.659546 -65.396515 -20779.820312 3352.374756 54686.128906 1.043195
678800 299.659546 -65.396263 -20779.820312 3352.374756 54686.128906 1.043195
678900 299.659515 -65.396286 -20779.820312 3352.374512 54686.128906 1.043195
679000 299.659515 -65.396324 -20779.822266 3352.374512 54686.128906 1.043195
679100 299.659515 -65.395973 -20779.822266 3352.374512 54686.128906 1.043195
679200 299.659515 -65.395782 -20779.824219 3352.374512 54686.128906 1.043195
679300 299.659515 -65.395180 -20779.824219 3352.374512 54686.121094 1.043195
679400 299.659515 -65.395477 -20779.826172 3352.374512 54686.121094 1.043195
679500 299.659515 -65.395737 -20779.826172 3352.374512 54686.121094 1.043195
679600 299.659515 -65.396294 -20779.826172 3352.374512 54686.117188 1.043195
679700 299.659515 -65.396492 -20779.826172 3352.374512 54686.117188 1.043195
679800 299.659515 -65.396210 -20779.828125 3352.374512 54686.117188 1.043195
679900 299.659515 -65.395943 -20779.828125 3352.374512 54686.121094 1.043195
680000 299.659515 -65.394905 -20779.828125 3352.374512 54686.117188 1.043195
680100 299.659515 -65.394913 -20779.828125 3352.374512 54686.117188 1.043195
680200 299.659515 -65.395203 -20779.826172 3352.374512 54686.117188 1.043195
680300 299.659515 -65.394722 -20779.826172 3352.374512 54686.117188 1.043195
680400 299.659515 -65.394936 -20779.826172 3352.374512 54686.113281 1.043195
680500 299.659515 -65.394875 -20779.826172 3352.374512 54686.113281 1.043195
680600 299.659546 -65.394867 -20779.824219 3352.374756 54686.113281 1.043195
680700 299.659546 -65.394920 -20779.822266 3352.374756 54686.113281 1.043195
680800 299.659546 -65.395447 -20779.822266 3352.374756 54686.113281 1.043195
680900 299.659546 -65.395966 -20779.824219 3352.374756 54686.113281 1.043195
681000 299.659515 -65.396652 -20779.824219 3352.374512 54686.113281 1.043195
681100 299.659515 -65.396507 -20779.826172 3352.374512 54686.113281 1.043195
681200 299.659515 -65.397209 -20779.824219 3352.374512 54686.113281 1.043195
681300 299.659515 -65.396797 -20779.822266 3352.374512 54686.105469 1.043195
681400 299.659515 -65.396362 -20779.822266 3352.374512 54686.105469 1.043195
681500 299.659515 -65.395805 -20779.820312 3352.374512 54686.105469 1.043195
681600 299.659515 -65.396179 -20779.822266 3352.374512 54686.105469 1.043195
681700 299.659546 -65.397568 -20779.822266 3352.374756 54686.105469 1.043195
681800 299.659546 -65.398598 -20779.820312 3352.374756 54686.105469 1.043195
681900 299.659546 -65.399063 -20779.820312 3352.374756 54686.105469 1.043195
682000 299.659546 -65.399673 -20779.820312 3352.374756 54686.105469 1.043195
682100 299.659546 -65.399834 -20779.822266 3352.374756 54686.105469 1.043195
682200 299.659546 -65.400993 -20779.824219 3352.374756 54686.105469 1.043195
682300 299.659546 -65.401649 -20779.826172 3352.374756 54686.105469 1.043195
682400 299.659546 -65.402542 -20779.824219 3352.374756 54686.097656 1.043195
682500 299.659546 -65.400833 -20779.824219 3352.374756 54686.097656 1.043195
682600 299.659546 -65.400558 -20779.824219 3352.374756 54686.097656 1.043195
682700 299.659546 -65.400230 -20779.824219 3352.374756 54686.089844 1.043196
682800 299.659546 -65.400208 -20779.824219 3352.374756 54686.089844 1.043196
682900 299.659546 -65.400360 -20779.826172 3352.374756 54686.089844 1.043196
683000 299.659546 -65.400520 -20779.826172 3352.374756 54686.089844 1.043196
683100 299.659546 -65.400085 -20779.826172 3352.374756 54686.089844 1.043196
683200 299.659546 -65.400482 -20779.826172 3352.374756 54686.089844 1.043196
683300 299.659546 -65.400772 -20779.828125 3352.374756 54686.085938 1.043196
683400 299.659546 -65.401283 -20779.830078 3352.374756 54686.085938 1.043196
683500 299.659546 -65.402298 -20779.832031 3352.374756 54686.085938 1.043196
683600 299.659546 -65.402885 -20779.832031 3352.374756 54686.082031 1.043196
683700 299.659546 -65.401466 -20779.832031 3352.374756 54686.082031 1.043196
683800 299.659546 -65.400520 -20779.832031 3352.374756 54686.082031 1.043196
683900 299.659546 -65.400604 -20779.832031 3352.374756 54686.082031 1.043196
684000 299.659546 -65.401611 -20779.832031 3352.374756 54686.082031 1.043196
684100 299.659546 -65.402382 -20779.835938 3352.374756 54686.082031 1.043196
684200 299.659576 -65.402489 -20779.837891 3352.375488 54686.082031 1.043196
684300 299.659576 -65.402649 -20779.839844 3352.375488 54686.074219 1.043196
684400 299.659576 -65.402725 -20779.841797 3352.375488 54686.074219 1.043196
684500 299.659576 -65.403046 -20779.841797 3352.375488 54686.074219 1.043196
684600 299.659576 -65.403366 -20779.841797 3352.375488 54686.074219 1.043196
684700 299.659576 -65.404045 -20779.839844 3352.375488 54686.074219 1.043196
684800 299.659576 -65.404579 -20779.841797 3352.375488 54686.074219 1.043196
684900 299.659576 -65.404373 -20779.841797 3352.375488 54686.074219 1.043196
685000 299.659576 -65.404411 -20779.841797 3352.375488 54686.074219 1.043196
685100 299.659576 -65.404274 -20779.841797 3352.375488 54686.074219 1.043196
685200 299.659576 -65.404671 -20779.843750 3352.375488 54686.074219 1.043196
685300 299.659576 -65.404808 -20779.843750 3352.375488 54686.074219 1.043196
685400 299.659576 -65.403328 -20779.843750 3352.375488 54686.066406 1.043196
685500 299.659576 -65.402962 -20779.843750 3352.375488 54686.066406 1.043196
685600 299.659576 -65.402740 -20779.843750 3352.375488 54686.066406 1.043196
685700 299.659576 -65.403114 -20779.843750 3352.375488 54686.066406 1.043196
685800 299.659576 -65.404144 -20779.843750 3352.375488 54686.066406 1.043196
685900 299.659576 -65.405212 -20779.845703 3352.375488 54686.066406 1.043196
686000 299.659576 -65.405975 -20779.845703 3352.375488 54686.058594 1.043196
686100 299.659576 -65.406693 -20779.845703 3352.375488 54686.058594 1.043196
686200 299.659576 -65.407402 -20779.845703 3352.375488 54686.058594 1.043196
686300 299.659607 -65.407784 -20779.847656 3352.375732 54686.058594 1.043196
686400 299.659607 -65.408134 -20779.847656 3352.375732 54686.054688 1.043196
686500 299.659607 -65.407928 -20779.847656 3352.375732 54686.054688 1.043196
686600 299.659576 -65.408218 -20779.849609 3352.375488 54686.054688 1.043196
686700 299.659576 -65.408272 -20779.849609 3352.375488 54686.054688 1.043196
686800 299.659576 -65.409203 -20779.849609 3352.375488 54686.054688 1.043196
686900 299.659576 -65.410378 -20779.851562 3352.375488 54686.054688 1.043196
687000 299.659576 -65.410889 -20779.851562 3352.375488 54686.054688 1.043196
687100 299.659576 -65.410965 -20779.853516 3352.375488 54686.054688 1.043196
687200 299.659576 -65.410477 -20779.853516 3352.375488 54686.050781 1.043196
687300 299.659576 -65.410042 -20779.853516 3352.375488 54686.050781 1.043196
687400 299.659576 -65.409981 -20779.853516 3352.375488 54686.050781 1.043196
687500 299.659576 -65.409637 -20779.855469 3352.375488 54686.042969 1.043197
687600 299.659576 -65.409569 -20779.855469 3352.375488 54686.042969 1.043197
687700 299.659607 -65.410179 -20779.857422 3352.375732 54686.035156 1.043197
687800 299.659607 -65.410065 -20779.857422 3352.375732 54686.035156 1.043197
687900 299.659607 -65.410683 -20779.857422 3352.375732 54686.035156 1.043197
688000 299.659607 -65.411034 -20779.859375 3352.375732 54686.027344 1.043197
688100 299.659607 -65.411118 -20779.859375 3352.375732 54686.023438 1.043197
688200 299.659607 -65.411995 -20779.859375 3352.375732 54686.023438 1.043197
688300 299.659607 -65.412392 -20779.861328 3352.375732 54686.023438 1.043197
688400 299.659607 -65.412537 -20779.861328 3352.375732 54686.023438 1.043197
688500 299.659607 -65.412910 -20779.861328 3352.375732 54686.023438 1.043197
688600 299.659607 -65.414139 -20779.863281 3352.375732 54686.023438 1.043197
688700 299.659607 -65.414536 -20779.863281 3352.375732 54686.023438 1.043197
688800 299.659607 -65.414330 -20779.863281 3352.375732 54686.023438 1.043197
688900 299.659607 -65.414444 -20779.861328 3352.375732 54686.023438 1.043197
689000 299.659607 -65.414696 -20779.863281 3352.375732 54686.019531 1.043197
689100 299.659607 -65.414886 -20779.863281 3352.375732 54686.019531 1.043197
689200 299.659607 -65.415543 -20779.863281 3352.375732 54686.019531 1.043197
689300 299.659607 -65.415588 -20779.863281 3352.375732 54686.019531 1.043197
689400 299.659607 -65.416245 -20779.865234 3352.375732 54686.019531 1.043197
689500 299.659607 -65.416534 -20779.865234 3352.375732 54686.019531 1.043197
689600 299.659607 -65.416374 -20779.867188 3352.375732 54686.019531 1.043197
689700 299.659607 -65.416054 -20779.867188 3352.375732 54686.019531 1.043197
689800 299.659607 -65.415901 -20779.867188 3352.375732 54686.019531 1.043197
689900 299.659607 -65.417366 -20779.869141 3352.375732 54686.011719 1.043197
690000 299.659607 -65.417717 -20779.871094 3352.375732 54686.011719 1.043197
690100 299.659607 -65.417992 -20779.871094 3352.375732 54686.011719 1.043197
690200 299.659607 -65.417908 -20779.871094 3352.375732 54686.011719 1.043197
690300 299.659637 -65.418053 -20779.871094 3352.376221 54686.011719 1.043197
690400 299.659637 -65.419319 -20779.873047 3352.376221 54686.003906 1.043197
690500 299.659637 -65.420067 -20779.873047 3352.376221 54686.003906 1.043197
690600 299.659637 -65.420090 -20779.873047 3352.376221 54686.003906 1.043197
690700 299.659637 -65.419662 -20779.871094 3352.376221 54686.003906 1.043197
690800 299.659637 -65.419846 -20779.873047 3352.376221 54686.003906 1.043197
690900 299.659637 -65.418678 -20779.873047 3352.376221 54686.003906 1.043197
691000 299.659637 -65.418701 -20779.871094 3352.376221 54686.003906 1.043197
691100 299.659637 -65.418907 -20779.873047 3352.376221 54686.003906 1.043197
691200 299.659637 -65.419983 -20779.875000 3352.376221 54686.003906 1.043197
691300 299.659637 -65.421143 -20779.875000 3352.376221 54685.996094 1.043197
691400 299.659637 -65.422035 -20779.875000 3352.376221 54685.996094 1.043197
691500 299.659637 -65.423523 -20779.875000 3352.376221 54685.996094 1.043197
691600 299.659607 -65.423988 -20779.875000 3352.375732 54685.996094 1.043197
691700 299.659637 -65.423897 -20779.876953 3352.376221 54685.996094 1.043197
691800 299.659637 -65.425224 -20779.878906 3352.376221 54685.992188 1.043198
691900 299.659637 -65.425888 -20779.880859 3352.376221 54685.992188 1.043198
692000 299.659637 -65.425957 -20779.882812 3352.376221 54685.992188 1.043198
692100 299.659607 -65.425583 -20779.882812 3352.375732 54685.988281 1.043198
692200 299.659607 -65.424988 -20779.882812 3352.375732 54685.988281 1.043198
692300 299.659637 -65.424896 -20779.882812 3352.376221 54685.988281 1.043198
692400 299.659637 -65.425369 -20779.882812 3352.376221 54685.988281 1.043198
692500 299.659637 -65.425652 -20779.880859 3352.376221 54685.988281 1.043198
692600 299.659637 -65.425697 -20779.880859 3352.376221 54685.988281 1.043198
692700 299.659637 -65.425232 -20779.878906 3352.376221 54685.980469 1.043198
692800 299.659637 -65.424919 -20779.880859 3352.376221 54685.980469 1.043198
692900 299.659637 -65.425201 -20779.880859 3352.376221 54685.980469 1.043198
693000 299.659637 -65.425049 -20779.880859 3352.376221 54685.980469 1.043198
693100 299.659637 -65.424873 -20779.880859 3352.376221 54685.980469 1.043198
693200 299.659668 -65.425743 -20779.880859 3352.376465 54685.980469 1.043198
693300 299.659668 -65.426514 -20779.880859 3352.376465 54685.980469 1.043198
693400 299.659668 -65.427231 -20779.880859 3352.376465 54685.980469 1.043198
693500 299.659668 -65.427841 -20779.882812 3352.376465 54685.980469 1.043198
693600 299.659668 -65.429260 -20779.884766 3352.376465 54685.980469 1.043198
693700 299.659668 -65.430099 -20779.884766 3352.376465 54685.972656 1.043198
693800 299.659668 -65.430885 -20779.886719 3352.376465 54685.972656 1.043198
693900 299.659698 -65.430962 -20779.884766 3352.376709 54685.972656 1.043198
694000 299.659698 -65.431351 -20779.886719 3352.376709 54685.972656 1.043198
694100 299.659698 -65.431473 -20779.886719 3352.376709 54685.972656 1.043198
694200 299.659698 -65.431297 -20779.886719 3352.376709 54685.964844 1.043198
694300 299.659698 -65.430779 -20779.886719 3352.376709 54685.964844 1.043198
694400 299.659698 -65.431244 -20779.886719 3352.376709 54685.964844 1.043198
694500 299.659698 -65.431183 -20779.888672 3352.376709 54685.964844 1.043198
694600 299.659698 -65.431206 -20779.888672 3352.376709 54685.964844 1.043198
694700 299.659698 -65.430748 -20779.890625 3352.376709 54685.964844 1.043198
694800 299.659698 -65.430405 -20779.892578 3352.376709 54685.964844 1.043198
694900 299.659698 -65.430305 -20779.892578 3352.376709 54685.964844 1.043198
695000 299.659698 -65.430786 -20779.894531 3352.376709 54685.964844 1.043198
695100 299.659698 -65.430634 -20779.894531 3352.376709 54685.964844 1.043198
695200 299.659698 -65.431152 -20779.896484 3352.376709 54685.964844 1.043198
695300 299.659698 -65.432190 -20779.896484 3352.376709 54685.960938 1.043198
695400 299.659698 -65.433220 -20779.896484 3352.376709 54685.960938 1.043198
695500 299.659698 -65.432648 -20779.896484 3352.376709 54685.960938 1.043198
695600 299.659698 -65.432533 -20779.894531 3352.376709 54685.957031 1.043198
695700 299.659668 -65.433006 -20779.894531 3352.376465 54685.957031 1.043198
695800 299.659668 -65.433159 -20779.892578 3352.376465 54685.957031 1.043198
695900 299.659668 -65.432732 -20779.892578 3352.376465 54685.957031 1.043198
696000 299.659668 -65.432449 -20779.892578 3352.376465 54685.957031 1.043198
696100 299.659668 -65.432175 -20779.892578 3352.376465 54685.957031 1.043198
696200 299.659698 -65.431938 -20779.892578 3352.376709 54685.957031 1.043198
696300 299.659698 -65.431580 -20779.892578 3352.376709 54685.949219 1.043198
696400 299.659698 -65.431572 -20779.890625 3352.376709 54685.949219 1.043198
696500 299.659668 -65.432579 -20779.890625 3352.376465 54685.957031 1.043198
696600 299.659668 -65.432800 -20779.890625 3352.376465 54685.957031 1.043198
696700 299.659668 -65.432510 -20779.890625 3352.376465 54685.949219 1.043198
696800 299.659668 -65.432343 -20779.892578 3352.376465 54685.949219 1.043198
696900 299.659668 -65.432396 -20779.892578 3352.376465 54685.949219 1.043198
697000 299.659668 -65.432549 -20779.894531 3352.376465 54685.949219 1.043198
697100 299.659668 -65.431503 -20779.894531 3352.376465 54685.941406 1.043198
697200 299.659668 -65.430611 -20779.896484 3352.376465 54685.941406 1.043198
697300 299.659668 -65.430565 -20779.896484 3352.376465 54685.941406 1.043198
697400 299.659668 -65.430252 -20779.896484 3352.376465 54685.941406 1.043198
697500 299.659668 -65.429855 -20779.896484 3352.376465 54685.941406 1.043198
697600 299.659668 -65.430428 -20779.898438 3352.376465 54685.933594 1.043199
697700 299.659668 -65.431229 -20779.898438 3352.376465 54685.929688 1.043199
697800 299.659668 -65.432976 -20779.902344 3352.376465 54685.929688 1.043199
697900 299.659668 -65.434326 -20779.904297 3352.376465 54685.929688 1.043199
698000 299.659668 -65.435478 -20779.906250 3352.376465 54685.925781 1.043199
698100 299.659668 -65.436096 -20779.908203 3352.376465 54685.925781 1.043199
698200 299.659668 -65.436714 -20779.908203 3352.376465 54685.925781 1.043199
698300 299.659668 -65.437225 -20779.908203 3352.376465 54685.925781 1.043199
698400 299.659668 -65.437675 -20779.908203 3352.376465 54685.929688 1.043199
698500 299.659668 -65.438461 -20779.910156 3352.376465 54685.929688 1.043199
698600 299.659668 -65.439629 -20779.912109 3352.376465 54685.929688 1.043199
698700 299.659668 -65.440781 -20779.914062 3352.376465 54685.929688 1.043199
698800 299.659668 -65.440659 -20779.912109 3352.376465 54685.929688 1.043199
698900 299.659668 -65.440636 -20779.912109 3352.376465 54685.929688 1.043199
699000 299.659668 -65.441185 -20779.912109 3352.376465 54685.925781 1.043199
699100 299.659637 -65.441063 -20779.914062 3352.376221 54685.925781 1.043199
699200 299.659637 -65.441551 -20779.914062 3352.376221 54685.925781 1.043199
699300 299.659637 -65.441895 -20779.916016 3352.376221 54685.925781 1.043199
699400 299.659637 -65.442879 -20779.914062 3352.376221 54685.925781 1.043199
699500 299.659637 -65.443634 -20779.914062 3352.376221 54685.925781 1.043199
699600 299.659637 -65.445206 -20779.914062 3352.376221 54685.917969 1.043199
699700 299.659637 -65.446030 -20779.916016 3352.376221 54685.917969 1.043199
699800 299.659637 -65.446152 -20779.917969 3352.376221 54685.910156 1.043199
699900 299.659637 -65.446449 -20779.917969 3352.376221 54685.910156 1.043199
700000 299.659668 -65.447357 -20779.917969 3352.376465 54685.910156 1.043199
