# Time-averaged data for fix thermo_detailed
# TimeStep v_temp v_press v_pe v_ke v_vol v_dens
600100 298.319702 -29.196232 -21040.527344 3337.385742 54512.636719 1.046515
600200 298.690460 -48.514645 -20950.869141 3341.533447 54511.109375 1.046544
600300 298.968689 -65.360474 -20912.884766 3344.646240 54559.390625 1.045618
600400 299.162598 -73.654167 -20877.400391 3346.815430 54593.292969 1.044969
600500 299.301605 -75.387726 -20847.324219 3348.370605 54621.941406 1.044421
600600 299.397034 -73.992104 -20823.646484 3349.437988 54644.003906 1.043999
600700 299.459839 -71.481880 -20805.841797 3350.140869 54660.175781 1.043690
600800 299.499847 -68.879585 -20792.833984 3350.588379 54671.726562 1.043470
600900 299.524750 -66.605804 -20783.523438 3350.867188 54679.855469 1.043315
601000 299.540039 -64.783264 -20776.953125 3351.037842 54685.531250 1.043206
601100 299.549377 -63.401825 -20772.392578 3351.142578 54689.457031 1.043131
601200 299.555145 -62.390732 -20769.265625 3351.207031 54692.167969 1.043080
601300 299.558746 -61.672112 -20767.156250 3351.247314 54694.015625 1.043044
601400 299.561096 -61.169769 -20765.763672 3351.273682 54695.277344 1.043020
601500 299.562714 -60.825897 -20764.865234 3351.291504 54696.117188 1.043004
601600 299.563873 -60.592888 -20764.308594 3351.304688 54696.671875 1.042994
601700 299.564819 -60.439468 -20763.984375 3351.315186 54697.031250 1.042987
601800 299.565613 -60.340431 -20763.820312 3351.324219 54697.265625 1.042983
601900 299.566315 -60.282112 -20763.759766 3351.331787 54697.398438 1.042980
602000 299.566956 -60.250519 -20763.773438 3351.339111 54697.464844 1.042979
602100 299.567535 -60.234749 -20763.830078 3351.345703 54697.492188 1.042978
602200 299.568146 -60.235550 -20763.916016 3351.352295 54697.496094 1.042978
602300 299.568695 -60.243355 -20764.019531 3351.358643 54697.476562 1.042979
602400 299.569244 -60.254784 -20764.134766 3351.364746 54697.449219 1.042979
602500 299.569794 -60.270576 -20764.253906 3351.370850 54697.410156 1.042980
602600 299.570343 -60.293274 -20764.378906 3351.376953 54697.367188 1.042981
602700 299.570862 -60.316399 -20764.505859 3351.382568 54697.328125 1.042981
602800 299.571350 -60.338974 -20764.625000 3351.388184 54697.273438 1.042982
602900 299.571838 -60.361115 -20764.744141 3351.393799 54697.222656 1.042983
603000 299.572296 -60.389130 -20764.861328 3351.398926 54697.179688 1.042984
603100 299.572754 -60.414543 -20764.970703 3351.404053 54697.128906 1.042985
603200 299.573212 -60.440804 -20765.082031 3351.409180 54697.085938 1.042986
603300 299.573639 -60.468346 -20765.189453 3351.414062 54697.035156 1.042987
603400 299.574066 -60.495720 -20765.291016 3351.418701 54696.996094 1.042988
603500 299.574493 -60.524620 -20765.388672 3351.423340 54696.949219 1.042989
603600 299.574890 -60.554054 -20765.480469 3351.427979 54696.906250 1.042989
603700 299.575287 -60.580101 -20765.572266 3351.432129 54696.859375 1.042990
603800 299.575653 -60.606407 -20765.662109 3351.436523 54696.816406 1.042991
603900 299.576050 -60.631294 -20765.744141 3351.440674 54696.781250 1.042992
604000 299.576385 -60.662117 -20765.826172 3351.444824 54696.746094 1.042992
604100 299.576752 -60.686562 -20765.902344 3351.448730 54696.699219 1.042993
604200 299.577087 -60.712997 -20765.978516 3351.452393 54696.660156 1.042994
604300 299.577393 -60.741348 -20766.048828 3351.456055 54696.625000 1.042995
604400 299.577728 -60.766754 -20766.113281 3351.459717 54696.585938 1.042995
604500 299.578033 -60.791901 -20766.181641 3351.462891 54696.546875 1.042996
604600 299.578369 -60.816711 -20766.246094 3351.466797 54696.507812 1.042997
604700 299.578674 -60.843742 -20766.306641 3351.470215 54696.476562 1.042998
604800 299.578979 -60.870689 -20766.363281 3351.473389 54696.437500 1.042998
604900 299.579285 -60.896210 -20766.421875 3351.477051 54696.406250 1.042999
605000 299.579559 -60.920029 -20766.476562 3351.479980 54696.375000 1.043000
605100 299.579803 -60.947449 -20766.529297 3351.482666 54696.335938 1.043000
605200 299.580078 -60.971878 -20766.580078 3351.486084 54696.296875 1.043001
605300 299.580353 -60.998199 -20766.630859 3351.489014 54696.265625 1.043002
605400 299.580597 -61.020393 -20766.673828 3351.491699 54696.230469 1.043002
605500 299.580841 -61.046440 -20766.720703 3351.494629 54696.199219 1.043003
605600 299.581085 -61.069672 -20766.763672 3351.497314 54696.167969 1.043003
605700 299.581360 -61.092644 -20766.806641 3351.500244 54696.136719 1.043004
605800 299.581604 -61.118874 -20766.847656 3351.502930 54696.105469 1.043005
605900 299.581848 -61.142792 -20766.890625 3351.505859 54696.070312 1.043005
606000 299.582092 -61.165611 -20766.923828 3351.508545 54696.042969 1.043006
606100 299.582306 -61.188576 -20766.960938 3351.510742 54696.011719 1.043006
606200 299.582550 -61.213417 -20766.996094 3351.513428 54695.980469 1.043007
606300 299.582764 -61.234604 -20767.031250 3351.516113 54695.957031 1.043007
606400 299.582977 -61.257835 -20767.066406 3351.518311 54695.925781 1.043008
606500 299.583191 -61.280273 -20767.093750 3351.520752 54695.898438 1.043009
606600 299.583405 -61.299591 -20767.126953 3351.522949 54695.859375 1.043009
606700 299.583618 -61.320930 -20767.152344 3351.525635 54695.832031 1.043010
606800 299.583832 -61.342041 -20767.179688 3351.528076 54695.800781 1.043010
606900 299.584015 -61.366112 -20767.208984 3351.530029 54695.773438 1.043011
607000 299.584198 -61.385262 -20767.240234 3351.531982 54695.750000 1.043011
607100 299.584412 -61.408592 -20767.265625 3351.534180 54695.722656 1.043012
607200 299.584595 -61.427536 -20767.292969 3351.536621 54695.691406 1.043012
607300 299.584808 -61.449493 -20767.320312 3351.538818 54695.664062 1.043013
607400 299.584991 -61.470238 -20767.343750 3351.540771 54695.632812 1.043014
607500 299.585175 -61.492233 -20767.371094 3351.542725 54695.601562 1.043014
607600 299.585358 -61.514084 -20767.392578 3351.545166 54695.582031 1.043015
607700 299.585541 -61.530594 -20767.412109 3351.547119 54695.550781 1.043015
607800 299.585724 -61.552078 -20767.437500 3351.549072 54695.523438 1.043016
607900 299.585876 -61.571098 -20767.460938 3351.550781 54695.503906 1.043016
608000 299.586060 -61.593330 -20767.482422 3351.552734 54695.480469 1.043017
608100 299.586243 -61.610893 -20767.501953 3351.554688 54695.453125 1.043017
608200 299.586426 -61.628746 -20767.519531 3351.557129 54695.421875 1.043018
608300 299.586578 -61.648727 -20767.541016 3351.558594 54695.406250 1.043018
608400 299.586792 -61.667938 -20767.560547 3351.561035 54695.378906 1.043018
608500 299.586975 -61.688713 -20767.578125 3351.562988 54695.355469 1.043019
608600 299.587128 -61.705101 -20767.599609 3351.564697 54695.328125 1.043019
608700 299.587280 -61.722031 -20767.615234 3351.566650 54695.308594 1.043020
608800 299.587463 -61.738258 -20767.628906 3351.568604 54695.285156 1.043020
608900 299.587646 -61.758118 -20767.648438 3351.570557 54695.261719 1.043021
609000 299.587799 -61.776268 -20767.666016 3351.572266 54695.234375 1.043021
609100 299.587952 -61.794479 -20767.685547 3351.573975 54695.218750 1.043022
609200 299.588135 -61.813454 -20767.705078 3351.576172 54695.187500 1.043022
609300 299.588257 -61.832848 -20767.720703 3351.577637 54695.171875 1.043022
609400 299.588409 -61.850517 -20767.734375 3351.579102 54695.144531 1.043023
609500 299.588562 -61.867043 -20767.751953 3351.580811 54695.125000 1.043023
609600 299.588715 -61.884148 -20767.765625 3351.582520 54695.105469 1.043024
609700 299.588867 -61.900536 -20767.783203 3351.584229 54695.074219 1.043024
609800 299.589020 -61.920265 -20767.800781 3351.586182 54695.054688 1.043025
609900 299.589142 -61.934593 -20767.812500 3351.587402 54695.039062 1.043025
610000 299.589294 -61.950912 -20767.826172 3351.589111 54695.015625 1.043025
610100 299.589447 -61.968094 -20767.839844 3351.590820 54695.000000 1.043026
610200 299.589569 -61.982964 -20767.851562 3351.592041 54694.980469 1.043026
610300 299.589722 -62.002106 -20767.865234 3351.593750 54694.960938 1.043026
610400 299.589905 -62.018707 -20767.878906 3351.595947 54694.945312 1.043027
610500 299.590027 -62.032394 -20767.892578 3351.597412 54694.921875 1.043027
610600 299.590149 -62.044899 -20767.902344 3351.598633 54694.902344 1.043028
610700 299.590302 -62.060852 -20767.914062 3351.600342 54694.886719 1.043028
610800 299.590454 -62.077881 -20767.929688 3351.602051 54694.867188 1.043028
610900 299.590576 -62.092537 -20767.941406 3351.603271 54694.851562 1.043029
611000 299.590698 -62.109230 -20767.955078 3351.604492 54694.828125 1.043029
611100 299.590820 -62.124123 -20767.970703 3351.606201 54694.804688 1.043029
611200 299.590942 -62.138184 -20767.980469 3351.607666 54694.792969 1.043030
611300 299.591095 -62.153229 -20767.990234 3351.609131 54694.773438 1.043030
611400 299.591217 -62.168846 -20768.003906 3351.610596 54694.757812 1.043030
611500 299.591339 -62.184906 -20768.017578 3351.611816 54694.738281 1.043031
611600 299.591461 -62.198097 -20768.027344 3351.613281 54694.714844 1.043031
611700 299.591583 -62.211800 -20768.037109 3351.614502 54694.699219 1.043031
611800 299.591705 -62.228508 -20768.050781 3351.616211 54694.679688 1.043032
611900 299.591797 -62.240067 -20768.060547 3351.617188 54694.667969 1.043032
612000 299.591949 -62.254715 -20768.068359 3351.618896 54694.652344 1.043032
612100 299.592072 -62.269081 -20768.078125 3351.620117 54694.636719 1.043033
612200 299.592194 -62.282501 -20768.089844 3351.621338 54694.621094 1.043033
612300 299.592316 -62.296021 -20768.097656 3351.622803 54694.613281 1.043033
612400 299.592438 -62.307625 -20768.103516 3351.624023 54694.589844 1.043033
612500 299.592560 -62.322990 -20768.115234 3351.625488 54694.582031 1.043034
612600 299.592682 -62.337440 -20768.126953 3351.626953 54694.558594 1.043034
612700 299.592773 -62.349121 -20768.134766 3351.628174 54694.550781 1.043034
612800 299.592896 -62.360214 -20768.140625 3351.629395 54694.535156 1.043035
612900 299.592987 -62.373398 -20768.152344 3351.630371 54694.519531 1.043035
613000 299.593109 -62.386658 -20768.162109 3351.631592 54694.503906 1.043035
613100 299.593201 -62.398949 -20768.169922 3351.632568 54694.492188 1.043035
613200 299.593292 -62.412560 -20768.179688 3351.633789 54694.480469 1.043036
613300 299.593414 -62.425354 -20768.187500 3351.635010 54694.464844 1.043036
613400 299.593536 -62.438164 -20768.197266 3351.636719 54694.449219 1.043036
613500 299.593628 -62.450714 -20768.205078 3351.637695 54694.433594 1.043036
613600 299.593750 -62.463684 -20768.212891 3351.638916 54694.425781 1.043037
613700 299.593842 -62.475426 -20768.222656 3351.639893 54694.410156 1.043037
613800 299.593964 -62.489540 -20768.230469 3351.641357 54694.402344 1.043037
613900 299.594055 -62.502251 -20768.242188 3351.642334 54694.386719 1.043037
614000 299.594147 -62.512947 -20768.244141 3351.643311 54694.378906 1.043038
614100 299.594269 -62.522240 -20768.250000 3351.644531 54694.363281 1.043038
614200 299.594360 -62.534149 -20768.257812 3351.645508 54694.347656 1.043038
614300 299.594452 -62.542938 -20768.263672 3351.646973 54694.335938 1.043038
614400 299.594543 -62.552826 -20768.271484 3351.647949 54694.332031 1.043038
614500 299.594635 -62.562790 -20768.279297 3351.648926 54694.312500 1.043039
614600 299.594757 -62.576080 -20768.287109 3351.650146 54694.304688 1.043039
614700 299.594818 -62.589066 -20768.291016 3351.650879 54694.285156 1.043039
614800 299.594940 -62.597862 -20768.294922 3351.652100 54694.281250 1.043039
614900 299.595032 -62.608574 -20768.306641 3351.653076 54694.269531 1.043040
615000 299.595123 -62.619232 -20768.314453 3351.654053 54694.253906 1.043040
615100 299.595215 -62.631317 -20768.320312 3351.655029 54694.242188 1.043040
615200 299.595306 -62.640709 -20768.326172 3351.656006 54694.226562 1.043040
615300 299.595398 -62.653427 -20768.330078 3351.657471 54694.222656 1.043041
615400 299.595459 -62.663452 -20768.333984 3351.658203 54694.218750 1.043041
615500 299.595551 -62.672859 -20768.337891 3351.659180 54694.210938 1.043041
615600 299.595642 -62.682274 -20768.343750 3351.660156 54694.195312 1.043041
615700 299.595703 -62.689163 -20768.347656 3351.660645 54694.187500 1.043041
615800 299.595795 -62.699394 -20768.355469 3351.661621 54694.179688 1.043041
615900 299.595886 -62.708565 -20768.359375 3351.662842 54694.175781 1.043041
616000 299.595947 -62.718178 -20768.365234 3351.663330 54694.164062 1.043042
616100 299.596039 -62.727119 -20768.365234 3351.664307 54694.160156 1.043042
616200 299.596130 -62.736160 -20768.373047 3351.665283 54694.148438 1.043042
616300 299.596191 -62.744675 -20768.376953 3351.666016 54694.132812 1.043042
616400 299.596283 -62.755424 -20768.382812 3351.667236 54694.125000 1.043042
616500 299.596375 -62.764793 -20768.384766 3351.668457 54694.125000 1.043042
616600 299.596436 -62.774361 -20768.390625 3351.668945 54694.117188 1.043043
616700 299.596527 -62.783585 -20768.396484 3351.669922 54694.097656 1.043043
616800 299.596619 -62.794228 -20768.402344 3351.670898 54694.097656 1.043043
616900 299.596680 -62.803635 -20768.412109 3351.671631 54694.085938 1.043043
617000 299.596771 -62.813736 -20768.417969 3351.672607 54694.078125 1.043043
617100 299.596832 -62.823654 -20768.419922 3351.673340 54694.066406 1.043043
617200 299.596893 -62.831596 -20768.423828 3351.674072 54694.062500 1.043044
617300 299.596954 -62.840706 -20768.429688 3351.674561 54694.062500 1.043044
617400 299.597046 -62.850372 -20768.433594 3351.675537 54694.046875 1.043044
617500 299.597107 -62.856728 -20768.433594 3351.676270 54694.039062 1.043044
617600 299.597198 -62.863342 -20768.439453 3351.677490 54694.035156 1.043044
617700 299.597290 -62.871170 -20768.439453 3351.678467 54694.031250 1.043044
617800 299.597351 -62.879646 -20768.447266 3351.679199 54694.015625 1.043044
617900 299.597412 -62.888756 -20768.453125 3351.679932 54694.007812 1.043045
618000 299.597473 -62.897324 -20768.457031 3351.680664 54694.003906 1.043045
618100 299.597565 -62.904671 -20768.460938 3351.681641 54694.000000 1.043045
618200 299.597626 -62.913910 -20768.464844 3351.682129 54694.000000 1.043045
618300 299.597687 -62.922043 -20768.464844 3351.682861 54693.996094 1.043045
618400 299.597778 -62.929047 -20768.468750 3351.683838 54693.980469 1.043045
618500 299.597809 -62.937263 -20768.472656 3351.684082 54693.972656 1.043045
618600 299.597900 -62.945457 -20768.476562 3351.685303 54693.968750 1.043045
618700 299.597961 -62.953651 -20768.480469 3351.685791 54693.964844 1.043046
618800 299.598022 -62.959503 -20768.484375 3351.686768 54693.964844 1.043046
618900 299.598083 -62.964966 -20768.486328 3351.687500 54693.953125 1.043046
619000 299.598145 -62.973190 -20768.486328 3351.688232 54693.949219 1.043046
619100 299.598206 -62.979416 -20768.490234 3351.688721 54693.941406 1.043046
619200 299.598267 -62.987221 -20768.496094 3351.689453 54693.937500 1.043046
619300 299.598297 -62.996925 -20768.498047 3351.689697 54693.933594 1.043046
619400 299.598358 -63.004776 -20768.500000 3351.690430 54693.921875 1.043046
619500 299.598419 -63.011330 -20768.503906 3351.691162 54693.917969 1.043046
619600 299.598480 -63.017944 -20768.505859 3351.691895 54693.910156 1.043046
619700 299.598572 -63.023743 -20768.505859 3351.692871 54693.910156 1.043046
619800 299.598633 -63.028999 -20768.507812 3351.693359 54693.906250 1.043047
619900 299.598663 -63.036400 -20768.511719 3351.693848 54693.906250 1.043047
620000 299.598724 -63.043991 -20768.515625 3351.694336 54693.902344 1.043047
620100 299.598785 -63.050598 -20768.517578 3351.695068 54693.890625 1.043047
620200 299.598816 -63.057114 -20768.519531 3351.695312 54693.886719 1.043047
620300 299.598846 -63.064476 -20768.521484 3351.695801 54693.886719 1.043047
620400 299.598907 -63.069839 -20768.521484 3351.696533 54693.878906 1.043047
620500 299.598969 -63.076477 -20768.523438 3351.697510 54693.878906 1.043047
620600 299.599030 -63.081993 -20768.525391 3351.697998 54693.875000 1.043047
620700 299.599091 -63.089417 -20768.531250 3351.698730 54693.871094 1.043047
620800 299.599152 -63.095657 -20768.531250 3351.699463 54693.859375 1.043047
620900 299.599213 -63.101440 -20768.535156 3351.699951 54693.859375 1.043047
621000 299.599274 -63.107780 -20768.539062 3351.700684 54693.855469 1.043048
621100 299.599304 -63.115746 -20768.541016 3351.700928 54693.847656 1.043048
621200 299.599335 -63.121170 -20768.542969 3351.701416 54693.843750 1.043048
621300 299.599396 -63.126160 -20768.544922 3351.702148 54693.843750 1.043048
621400 299.599457 -63.133492 -20768.544922 3351.702637 54693.839844 1.043048
621500 299.599487 -63.139366 -20768.546875 3351.703125 54693.839844 1.043048
621600 299.599548 -63.144600 -20768.546875 3351.703613 54693.828125 1.043048
621700 299.599579 -63.152565 -20768.548828 3351.704102 54693.828125 1.043048
621800 299.599640 -63.160019 -20768.550781 3351.704590 54693.828125 1.043048
621900 299.599701 -63.164124 -20768.550781 3351.705322 54693.824219 1.043048
622000 299.599762 -63.166252 -20768.552734 3351.706055 54693.824219 1.043048
622100 299.599792 -63.172043 -20768.554688 3351.706299 54693.816406 1.043048
622200 299.599854 -63.178535 -20768.554688 3351.707275 54693.816406 1.043048
622300 299.599884 -63.184326 -20768.558594 3351.707764 54693.816406 1.043048
622400 299.599945 -63.191399 -20768.558594 3351.708252 54693.812500 1.043048
622500 299.599976 -63.196075 -20768.562500 3351.708740 54693.808594 1.043049
622600 299.600006 -63.202286 -20768.564453 3351.708984 54693.808594 1.043049
622700 299.600037 -63.208275 -20768.564453 3351.709229 54693.808594 1.043049
622800 299.600098 -63.215759 -20768.566406 3351.709961 54693.796875 1.043049
622900 299.600159 -63.220901 -20768.568359 3351.710693 54693.792969 1.043049
623000 299.600189 -63.224510 -20768.568359 3351.710938 54693.792969 1.043049
623100 299.600220 -63.231010 -20768.572266 3351.711182 54693.792969 1.043049
623200 299.600250 -63.236168 -20768.572266 3351.711670 54693.792969 1.043049
623300 299.600311 -63.239662 -20768.574219 3351.712158 54693.785156 1.043049
623400 299.600342 -63.244667 -20768.576172 3351.712646 54693.781250 1.043049
623500 299.600403 -63.248848 -20768.578125 3351.713379 54693.769531 1.043049
623600 299.600433 -63.252441 -20768.576172 3351.713623 54693.769531 1.043049
623700 299.600464 -63.256958 -20768.578125 3351.713867 54693.765625 1.043049
623800 299.600525 -63.262039 -20768.580078 3351.714600 54693.765625 1.043049
623900 299.600555 -63.269234 -20768.582031 3351.714844 54693.765625 1.043049
624000 299.600586 -63.276955 -20768.587891 3351.715332 54693.765625 1.043049
624100 299.600647 -63.280548 -20768.585938 3351.715820 54693.765625 1.043049
624200 299.600677 -63.286133 -20768.585938 3351.716309 54693.761719 1.043049
624300 299.600708 -63.287697 -20768.582031 3351.716553 54693.761719 1.043049
624400 299.600739 -63.289673 -20768.582031 3351.717285 54693.761719 1.043049
624500 299.600769 -63.294548 -20768.582031 3351.717529 54693.761719 1.043049
624600 299.600800 -63.298141 -20768.582031 3351.717773 54693.761719 1.043049
624700 299.600830 -63.303108 -20768.583984 3351.718262 54693.753906 1.043049
624800 299.600861 -63.306404 -20768.582031 3351.718506 54693.753906 1.043049
624900 299.600891 -63.310585 -20768.582031 3351.718994 54693.753906 1.043049
625000 299.600952 -63.314064 -20768.583984 3351.719482 54693.750000 1.043050
625100 299.600983 -63.318436 -20768.583984 3351.719971 54693.750000 1.043050
625200 299.601044 -63.324348 -20768.587891 3351.720459 54693.738281 1.043050
625300 299.601074 -63.328957 -20768.591797 3351.720947 54693.734375 1.043050
625400 299.601105 -63.334892 -20768.593750 3351.721191 54693.734375 1.043050
625500 299.601135 -63.340019 -20768.593750 3351.721436 54693.734375 1.043050
625600 299.601166 -63.342979 -20768.589844 3351.721924 54693.734375 1.043050
625700 299.601196 -63.346573 -20768.589844 3351.722168 54693.738281 1.043050
625800 299.601227 -63.350639 -20768.589844 3351.722412 54693.738281 1.043050
625900 299.601257 -63.354988 -20768.589844 3351.722900 54693.738281 1.043050
626000 299.601288 -63.357925 -20768.587891 3351.723145 54693.734375 1.043050
626100 299.601318 -63.362770 -20768.587891 3351.723389 54693.734375 1.043050
626200 299.601379 -63.366554 -20768.589844 3351.724121 54693.734375 1.043050
626300 299.601440 -63.371040 -20768.589844 3351.724854 54693.734375 1.043050
626400 299.601471 -63.374924 -20768.591797 3351.725098 54693.730469 1.043050
626500 299.601501 -63.377838 -20768.589844 3351.725586 54693.730469 1.043050
626600 299.601532 -63.382118 -20768.587891 3351.725830 54693.730469 1.043050
626700 299.601562 -63.385010 -20768.587891 3351.726074 54693.730469 1.043050
626800 299.601562 -63.390610 -20768.589844 3351.726074 54693.730469 1.043050
626900 299.601593 -63.396667 -20768.589844 3351.726562 54693.730469 1.043050
627000 299.601624 -63.399673 -20768.589844 3351.726807 54693.730469 1.043050
627100 299.601654 -63.401741 -20768.589844 3351.727539 54693.722656 1.043050
627200 299.601685 -63.404152 -20768.589844 3351.727783 54693.722656 1.043050
627300 299.601715 -63.406441 -20768.589844 3351.728027 54693.722656 1.043050
627400 299.601746 -63.409691 -20768.591797 3351.728516 54693.718750 1.043050
627500 299.601776 -63.413841 -20768.591797 3351.728760 54693.718750 1.043050
627600 299.601807 -63.417915 -20768.589844 3351.729004 54693.718750 1.043050
627700 299.601837 -63.422691 -20768.589844 3351.729492 54693.718750 1.043050
627800 299.601868 -63.427078 -20768.589844 3351.729736 54693.718750 1.043050
627900 299.601898 -63.432671 -20768.591797 3351.730225 54693.718750 1.043050
628000 299.601929 -63.436188 -20768.593750 3351.730469 54693.718750 1.043050
628100 299.601959 -63.439110 -20768.595703 3351.730713 54693.718750 1.043050
628200 299.601990 -63.444969 -20768.595703 3351.731201 54693.718750 1.043050
628300 299.602020 -63.448524 -20768.597656 3351.731445 54693.707031 1.043050
628400 299.602020 -63.450890 -20768.593750 3351.731445 54693.707031 1.043050
628500 299.602051 -63.453377 -20768.593750 3351.731689 54693.707031 1.043050
628600 299.602081 -63.454201 -20768.591797 3351.732178 54693.703125 1.043050
628700 299.602112 -63.457855 -20768.591797 3351.732422 54693.703125 1.043050
628800 299.602142 -63.462807 -20768.591797 3351.732666 54693.707031 1.043050
628900 299.602173 -63.466782 -20768.593750 3351.733154 54693.707031 1.043050
629000 299.602203 -63.469879 -20768.593750 3351.733398 54693.707031 1.043050
629100 299.602203 -63.474068 -20768.595703 3351.733398 54693.703125 1.043050
629200 299.602234 -63.477951 -20768.595703 3351.733643 54693.703125 1.043050
629300 299.602264 -63.481102 -20768.597656 3351.734131 54693.703125 1.043050
629400 299.602295 -63.483917 -20768.595703 3351.734375 54693.703125 1.043050
629500 299.602295 -63.486755 -20768.591797 3351.734375 54693.707031 1.043050
629600 299.602325 -63.490265 -20768.589844 3351.734619 54693.707031 1.043050
629700 299.602356 -63.492554 -20768.589844 3351.735107 54693.707031 1.043050
629800 299.602386 -63.494507 -20768.591797 3351.735352 54693.707031 1.043050
629900 299.602386 -63.497116 -20768.591797 3351.735352 54693.707031 1.043050
630000 299.602386 -63.503090 -20768.591797 3351.735352 54693.707031 1.043050
630100 299.602448 -63.508232 -20768.589844 3351.736084 54693.707031 1.043050
630200 299.602448 -63.512337 -20768.591797 3351.736084 54693.703125 1.043050
630300 299.602448 -63.515251 -20768.593750 3351.736084 54693.703125 1.043050
630400 299.602478 -63.515953 -20768.595703 3351.736328 54693.703125 1.043050
630500 299.602509 -63.519218 -20768.597656 3351.736816 54693.703125 1.043050
630600 299.602539 -63.519852 -20768.593750 3351.737061 54693.703125 1.043050
630700 299.602570 -63.522408 -20768.591797 3351.737793 54693.703125 1.043050
630800 299.602600 -63.525497 -20768.591797 3351.738037 54693.699219 1.043051
630900 299.602631 -63.528740 -20768.593750 3351.738281 54693.699219 1.043051
631000 299.602661 -63.531929 -20768.595703 3351.738770 54693.699219 1.043051
631100 299.602661 -63.534866 -20768.595703 3351.738770 54693.699219 1.043051
631200 299.602692 -63.537369 -20768.595703 3351.739014 54693.699219 1.043051
631300 299.602722 -63.539429 -20768.595703 3351.739258 54693.699219 1.043051
631400 299.602722 -63.542664 -20768.597656 3351.739258 54693.699219 1.043051
631500 299.602753 -63.546913 -20768.597656 3351.739746 54693.699219 1.043051
631600 299.602753 -63.550743 -20768.595703 3351.739746 54693.699219 1.043051
631700 299.602783 -63.553413 -20768.597656 3351.739990 54693.703125 1.043050
631800 299.602783 -63.556183 -20768.597656 3351.739990 54693.703125 1.043050
631900 299.602814 -63.557564 -20768.595703 3351.740234 54693.707031 1.043050
632000 299.602844 -63.557693 -20768.595703 3351.740723 54693.707031 1.043050
632100 299.602844 -63.560936 -20768.595703 3351.740723 54693.707031 1.043050
632200 299.602875 -63.564842 -20768.595703 3351.740967 54693.703125 1.043050
632300 299.602905 -63.568474 -20768.595703 3351.741455 54693.703125 1.043050
632400 299.602905 -63.571609 -20768.595703 3351.741455 54693.703125 1.043050
632500 299.602936 -63.573509 -20768.595703 3351.741699 54693.703125 1.043050
632600 299.602936 -63.577148 -20768.593750 3351.741699 54693.703125 1.043050
632700 299.602966 -63.582169 -20768.595703 3351.741943 54693.703125 1.043050
632800 299.602997 -63.585136 -20768.595703 3351.742432 54693.703125 1.043050
632900 299.602997 -63.587173 -20768.595703 3351.742432 54693.707031 1.043050
633000 299.603027 -63.588860 -20768.593750 3351.742676 54693.707031 1.043050
633100 299.603058 -63.589638 -20768.589844 3351.742920 54693.707031 1.043050
633200 299.603058 -63.592278 -20768.587891 3351.742920 54693.707031 1.043050
633300 299.603088 -63.592834 -20768.585938 3351.743408 54693.707031 1.043050
633400 299.603088 -63.593781 -20768.585938 3351.743408 54693.707031 1.043050
633500 299.603119 -63.595238 -20768.587891 3351.743652 54693.707031 1.043050
633600 299.603149 -63.596817 -20768.587891 3351.743896 54693.703125 1.043050
633700 299.603180 -63.601212 -20768.587891 3351.744385 54693.703125 1.043050
633800 299.603180 -63.603752 -20768.585938 3351.744385 54693.703125 1.043050
633900 299.603210 -63.607285 -20768.583984 3351.744629 54693.699219 1.043051
634000 299.603210 -63.610046 -20768.585938 3351.744629 54693.699219 1.043051
634100 299.603241 -63.611862 -20768.585938 3351.744873 54693.699219 1.043051
634200 299.603271 -63.613480 -20768.583984 3351.745361 54693.703125 1.043050
634300 299.603271 -63.613579 -20768.583984 3351.745361 54693.703125 1.043050
634400 299.603271 -63.615326 -20768.582031 3351.745361 54693.703125 1.043050
634500 299.603302 -63.618111 -20768.583984 3351.745605 54693.703125 1.043050
634600 299.603302 -63.620041 -20768.585938 3351.745605 54693.703125 1.043050
634700 299.603333 -63.622849 -20768.585938 3351.745850 54693.703125 1.043050
634800 299.603363 -63.624771 -20768.585938 3351.746338 54693.703125 1.043050
634900 299.603363 -63.627197 -20768.587891 3351.746338 54693.699219 1.043051
635000 299.603363 -63.630096 -20768.587891 3351.746338 54693.699219 1.043051
635100 299.603394 -63.635384 -20768.585938 3351.746582 54693.699219 1.043051
635200 299.603424 -63.638084 -20768.585938 3351.747070 54693.699219 1.043051
635300 299.603455 -63.641197 -20768.585938 3351.747559 54693.703125 1.043050
635400 299.603455 -63.644241 -20768.587891 3351.747559 54693.703125 1.043050
635500 299.603485 -63.646278 -20768.587891 3351.748047 54693.703125 1.043050
635600 299.603485 -63.648415 -20768.587891 3351.748047 54693.707031 1.043050
635700 299.603516 -63.650612 -20768.587891 3351.748291 54693.707031 1.043050
635800 299.603516 -63.653282 -20768.587891 3351.748291 54693.707031 1.043050
635900 299.603516 -63.655663 -20768.587891 3351.748291 54693.707031 1.043050
636000 299.603546 -63.656792 -20768.585938 3351.748535 54693.707031 1.043050
636100 299.603546 -63.658638 -20768.585938 3351.748535 54693.707031 1.043050
636200 299.603577 -63.659492 -20768.583984 3351.749023 54693.718750 1.043050
636300 299.603577 -63.660309 -20768.582031 3351.749023 54693.718750 1.043050
636400 299.603607 -63.660721 -20768.580078 3351.749268 54693.718750 1.043050
636500 299.603607 -63.662964 -20768.580078 3351.749268 54693.707031 1.043050
636600 299.603607 -63.665504 -20768.582031 3351.749268 54693.707031 1.043050
636700 299.603638 -63.667519 -20768.582031 3351.749512 54693.707031 1.043050
636800 299.603668 -63.670242 -20768.582031 3351.750000 54693.707031 1.043050
636900 299.603668 -63.672066 -20768.582031 3351.750000 54693.707031 1.043050
637000 299.603699 -63.674332 -20768.580078 3351.750244 54693.707031 1.043050
637100 299.603699 -63.675804 -20768.580078 3351.750244 54693.707031 1.043050
637200 299.603699 -63.677429 -20768.582031 3351.750244 54693.707031 1.043050
637300 299.603729 -63.679283 -20768.580078 3351.750488 54693.707031 1.043050
637400 299.603729 -63.681328 -20768.580078 3351.750488 54693.718750 1.043050
637500 299.603760 -63.683174 -20768.578125 3351.750977 54693.718750 1.043050
637600 299.603760 -63.685410 -20768.578125 3351.750977 54693.718750 1.043050
637700 299.603790 -63.686111 -20768.578125 3351.751221 54693.718750 1.043050
637800 299.603790 -63.688026 -20768.576172 3351.751221 54693.718750 1.043050
637900 299.603821 -63.690544 -20768.576172 3351.751465 54693.722656 1.043050
638000 299.603821 -63.692398 -20768.576172 3351.751465 54693.722656 1.043050
638100 299.603851 -63.693932 -20768.576172 3351.751953 54693.722656 1.043050
638200 299.603851 -63.696358 -20768.576172 3351.751953 54693.722656 1.043050
638300 299.603851 -63.699753 -20768.578125 3351.751953 54693.722656 1.043050
638400 299.603851 -63.703773 -20768.578125 3351.751953 54693.722656 1.043050
638500 299.603851 -63.706436 -20768.576172 3351.751953 54693.722656 1.043050
638600 299.603882 -63.708351 -20768.574219 3351.752197 54693.722656 1.043050
638700 299.603882 -63.709824 -20768.574219 3351.752197 54693.722656 1.043050
638800 299.603882 -63.709129 -20768.572266 3351.752197 54693.722656 1.043050
638900 299.603912 -63.709297 -20768.572266 3351.752686 54693.718750 1.043050
639000 299.603912 -63.711548 -20768.570312 3351.752686 54693.718750 1.043050
639100 299.603943 -63.714104 -20768.570312 3351.752930 54693.718750 1.043050
639200 299.603943 -63.715721 -20768.570312 3351.752930 54693.722656 1.043050
639300 299.603973 -63.716774 -20768.568359 3351.753174 54693.722656 1.043050
639400 299.603973 -63.717438 -20768.566406 3351.753174 54693.722656 1.043050
639500 299.603973 -63.718147 -20768.566406 3351.753174 54693.722656 1.043050
639600 299.603973 -63.719536 -20768.568359 3351.753174 54693.722656 1.043050
639700 299.604004 -63.721542 -20768.568359 3351.753662 54693.730469 1.043050
639800 299.604004 -63.723328 -20768.566406 3351.753662 54693.730469 1.043050
639900 299.604034 -63.724953 -20768.564453 3351.753906 54693.730469 1.043050
640000 299.604065 -63.726189 -20768.562500 3351.754150 54693.730469 1.043050
640100 299.604065 -63.726860 -20768.564453 3351.754150 54693.730469 1.043050
640200 299.604095 -63.728989 -20768.564453 3351.754639 54693.730469 1.043050
640300 299.604095 -63.731827 -20768.564453 3351.754639 54693.730469 1.043050
640400 299.604095 -63.733376 -20768.562500 3351.754639 54693.730469 1.043050
640500 299.604126 -63.735672 -20768.562500 3351.754883 54693.730469 1.043050
640600 299.604126 -63.738663 -20768.562500 3351.754883 54693.730469 1.043050
640700 299.604126 -63.741272 -20768.562500 3351.754883 54693.730469 1.043050
640800 299.604126 -63.742828 -20768.562500 3351.754883 54693.730469 1.043050
640900 299.604156 -63.743538 -20768.564453 3351.755127 54693.730469 1.043050
641000 299.604156 -63.745651 -20768.562500 3351.755127 54693.730469 1.043050
641100 299.604187 -63.747223 -20768.562500 3351.755615 54693.734375 1.043050
641200 299.604218 -63.747215 -20768.564453 3351.755859 54693.734375 1.043050
641300 299.604218 -63.745949 -20768.562500 3351.755859 54693.734375 1.043050
641400 299.604248 -63.746353 -20768.562500 3351.756104 54693.730469 1.043050
641500 299.604248 -63.747734 -20768.562500 3351.756104 54693.730469 1.043050
641600 299.604279 -63.750610 -20768.562500 3351.756592 54693.734375 1.043050
641700 299.604279 -63.752563 -20768.564453 3351.756592 54693.734375 1.043050
641800 299.604279 -63.755173 -20768.564453 3351.756592 54693.738281 1.043050
641900 299.604309 -63.757530 -20768.564453 3351.756836 54693.738281 1.043050
642000 299.604309 -63.759956 -20768.562500 3351.756836 54693.734375 1.043050
642100 299.604340 -63.761879 -20768.562500 3351.757080 54693.734375 1.043050
642200 299.604340 -63.762993 -20768.564453 3351.757080 54693.734375 1.043050
642300 299.604370 -63.764633 -20768.562500 3351.757812 54693.738281 1.043050
642400 299.604370 -63.765808 -20768.560547 3351.757812 54693.738281 1.043050
642500 299.604370 -63.766502 -20768.558594 3351.757812 54693.738281 1.043050
642600 299.604370 -63.766182 -20768.556641 3351.757812 54693.738281 1.043050
642700 299.604401 -63.767143 -20768.556641 3351.758301 54693.738281 1.043050
642800 299.604401 -63.769585 -20768.554688 3351.758301 54693.738281 1.043050
642900 299.604401 -63.771126 -20768.552734 3351.758301 54693.738281 1.043050
643000 299.604401 -63.772629 -20768.552734 3351.758301 54693.750000 1.043050
643100 299.604401 -63.773575 -20768.550781 3351.758301 54693.738281 1.043050
643200 299.604431 -63.774376 -20768.550781 3351.758545 54693.738281 1.043050
643300 299.604431 -63.774147 -20768.548828 3351.758545 54693.738281 1.043050
643400 299.604431 -63.774567 -20768.550781 3351.758545 54693.738281 1.043050
643500 299.604431 -63.776474 -20768.548828 3351.758545 54693.738281 1.043050
643600 299.604462 -63.777672 -20768.548828 3351.758789 54693.738281 1.043050
643700 299.604462 -63.779312 -20768.548828 3351.758789 54693.738281 1.043050
643800 299.604462 -63.780609 -20768.546875 3351.758789 54693.738281 1.043050
643900 299.604462 -63.781097 -20768.544922 3351.758789 54693.750000 1.043050
644000 299.604462 -63.783699 -20768.544922 3351.758789 54693.750000 1.043050
644100 299.604462 -63.785538 -20768.544922 3351.758789 54693.750000 1.043050
644200 299.604492 -63.787697 -20768.544922 3351.759277 54693.750000 1.043050
644300 299.604492 -63.791283 -20768.544922 3351.759277 54693.750000 1.043050
644400 299.604492 -63.791901 -20768.544922 3351.759277 54693.750000 1.043050
644500 299.604523 -63.791687 -20768.542969 3351.759521 54693.750000 1.043050
644600 299.604523 -63.791763 -20768.541016 3351.759521 54693.750000 1.043050
644700 299.604553 -63.792198 -20768.542969 3351.759766 54693.753906 1.043049
644800 299.604553 -63.793419 -20768.542969 3351.759766 54693.753906 1.043049
644900 299.604553 -63.795982 -20768.541016 3351.759766 54693.753906 1.043049
645000 299.604584 -63.797928 -20768.539062 3351.760254 54693.753906 1.043049
645100 299.604614 -63.800186 -20768.539062 3351.760498 54693.761719 1.043049
645200 299.604614 -63.802086 -20768.539062 3351.760498 54693.761719 1.043049
645300 299.604614 -63.802979 -20768.537109 3351.760498 54693.761719 1.043049
645400 299.604645 -63.803726 -20768.537109 3351.760742 54693.761719 1.043049
645500 299.604645 -63.805222 -20768.537109 3351.760742 54693.761719 1.043049
645600 299.604645 -63.805893 -20768.539062 3351.760742 54693.761719 1.043049
645700 299.604645 -63.807808 -20768.539062 3351.760742 54693.761719 1.043049
645800 299.604645 -63.808975 -20768.539062 3351.760742 54693.761719 1.043049
645900 299.604645 -63.809738 -20768.539062 3351.760742 54693.761719 1.043049
646000 299.604645 -63.809875 -20768.539062 3351.760742 54693.761719 1.043049
646100 299.604645 -63.810738 -20768.539062 3351.760742 54693.761719 1.043049
646200 299.604645 -63.811089 -20768.537109 3351.760742 54693.761719 1.043049
646300 299.604675 -63.812225 -20768.537109 3351.761230 54693.765625 1.043049
646400 299.604675 -63.813538 -20768.537109 3351.761230 54693.761719 1.043049
646500 299.604706 -63.816437 -20768.537109 3351.761475 54693.761719 1.043049
646600 299.604706 -63.816528 -20768.535156 3351.761475 54693.761719 1.043049
646700 299.604706 -63.817589 -20768.535156 3351.761475 54693.761719 1.043049
646800 299.604706 -63.818802 -20768.535156 3351.761475 54693.761719 1.043049
646900 299.604736 -63.818451 -20768.535156 3351.761719 54693.761719 1.043049
647000 299.604736 -63.817986 -20768.535156 3351.761719 54693.761719 1.043049
647100 299.604767 -63.819054 -20768.533203 3351.762207 54693.753906 1.043049
647200 299.604736 -63.820259 -20768.533203 3351.761719 54693.753906 1.043049
647300 299.604736 -63.823303 -20768.531250 3351.761719 54693.753906 1.043049
647400 299.604736 -63.824516 -20768.531250 3351.761719 54693.753906 1.043049
647500 299.604736 -63.825073 -20768.531250 3351.761719 54693.753906 1.043049
647600 299.604767 -63.825249 -20768.531250 3351.762207 54693.753906 1.043049
647700 299.604767 -63.827309 -20768.533203 3351.762207 54693.753906 1.043049
647800 299.604767 -63.829124 -20768.533203 3351.762207 54693.753906 1.043049
647900 299.604767 -63.830566 -20768.533203 3351.762207 54693.761719 1.043049
648000 299.604767 -63.832550 -20768.535156 3351.762207 54693.753906 1.043049
648100 299.604767 -63.834114 -20768.535156 3351.762207 54693.753906 1.043049
648200 299.604797 -63.836197 -20768.535156 3351.762451 54693.761719 1.043049
648300 299.604797 -63.838295 -20768.535156 3351.762451 54693.761719 1.043049
648400 299.604797 -63.838638 -20768.535156 3351.762451 54693.761719 1.043049
648500 299.604828 -63.838509 -20768.535156 3351.762695 54693.761719 1.043049
648600 299.604828 -63.838722 -20768.535156 3351.762695 54693.753906 1.043049
648700 299.604828 -63.838814 -20768.535156 3351.762695 54693.753906 1.043049
648800 299.604828 -63.839348 -20768.537109 3351.762695 54693.753906 1.043049
648900 299.604828 -63.840813 -20768.537109 3351.762695 54693.761719 1.043049
649000 299.604858 -63.842186 -20768.537109 3351.763184 54693.761719 1.043049
649100 299.604858 -63.843498 -20768.537109 3351.763184 54693.761719 1.043049
649200 299.604889 -63.846191 -20768.537109 3351.763428 54693.761719 1.043049
649300 299.604889 -63.848892 -20768.535156 3351.763428 54693.761719 1.043049
649400 299.604889 -63.850311 -20768.535156 3351.763428 54693.761719 1.043049
649500 299.604889 -63.853134 -20768.533203 3351.763428 54693.761719 1.043049
649600 299.604919 -63.855003 -20768.533203 3351.763916 54693.765625 1.043049
649700 299.604919 -63.856277 -20768.531250 3351.763916 54693.765625 1.043049
649800 299.604919 -63.857132 -20768.531250 3351.763916 54693.765625 1.043049
649900 299.604919 -63.857948 -20768.529297 3351.763916 54693.765625 1.043049
650000 299.604919 -63.858849 -20768.529297 3351.763916 54693.769531 1.043049
650100 299.604950 -63.859604 -20768.529297 3351.764160 54693.769531 1.043049
650200 299.604950 -63.859444 -20768.529297 3351.764160 54693.769531 1.043049
650300 299.604919 -63.860176 -20768.529297 3351.763916 54693.769531 1.043049
650400 299.604950 -63.859818 -20768.529297 3351.764160 54693.765625 1.043049
650500 299.604950 -63.860680 -20768.531250 3351.764160 54693.765625 1.043049
650600 299.604950 -63.861366 -20768.529297 3351.764160 54693.765625 1.043049
650700 299.604950 -63.860382 -20768.525391 3351.764160 54693.765625 1.043049
650800 299.604980 -63.859589 -20768.525391 3351.764404 54693.765625 1.043049
650900 299.604980 -63.860870 -20768.525391 3351.764404 54693.769531 1.043049
651000 299.605011 -63.861488 -20768.525391 3351.764893 54693.769531 1.043049
651100 299.605011 -63.862755 -20768.525391 3351.764893 54693.769531 1.043049
651200 299.605042 -63.863762 -20768.523438 3351.765137 54693.781250 1.043049
651300 299.605042 -63.864243 -20768.523438 3351.765137 54693.769531 1.043049
651400 299.605042 -63.865295 -20768.523438 3351.765137 54693.781250 1.043049
651500 299.605042 -63.865875 -20768.523438 3351.765137 54693.781250 1.043049
651600 299.605042 -63.866661 -20768.523438 3351.765137 54693.781250 1.043049
651700 299.605042 -63.868111 -20768.521484 3351.765137 54693.781250 1.043049
651800 299.605042 -63.868225 -20768.521484 3351.765137 54693.781250 1.043049
651900 299.605042 -63.869072 -20768.519531 3351.765137 54693.781250 1.043049
652000 299.605042 -63.870193 -20768.519531 3351.765137 54693.781250 1.043049
652100 299.605042 -63.871223 -20768.517578 3351.765137 54693.781250 1.043049
652200 299.605072 -63.872894 -20768.519531 3351.765381 54693.781250 1.043049
652300 299.605072 -63.874863 -20768.521484 3351.765381 54693.781250 1.043049
652400 299.605072 -63.876282 -20768.521484 3351.765381 54693.781250 1.043049
652500 299.605072 -63.877518 -20768.519531 3351.765381 54693.781250 1.043049
652600 299.605072 -63.880333 -20768.519531 3351.765381 54693.781250 1.043049
652700 299.605072 -63.881401 -20768.519531 3351.765381 54693.785156 1.043049
652800 299.605103 -63.881958 -20768.519531 3351.765869 54693.785156 1.043049
652900 299.605103 -63.883507 -20768.519531 3351.765869 54693.785156 1.043049
653000 299.605103 -63.884613 -20768.519531 3351.765869 54693.792969 1.043049
653100 299.605103 -63.886757 -20768.517578 3351.765869 54693.792969 1.043049
653200 299.605133 -63.888336 -20768.517578 3351.766113 54693.792969 1.043049
653300 299.605133 -63.889420 -20768.517578 3351.766113 54693.785156 1.043049
653400 299.605133 -63.889885 -20768.517578 3351.766113 54693.785156 1.043049
653500 299.605133 -63.889793 -20768.517578 3351.766113 54693.785156 1.043049
653600 299.605133 -63.890266 -20768.517578 3351.766113 54693.785156 1.043049
653700 299.605133 -63.890877 -20768.517578 3351.766113 54693.785156 1.043049
653800 299.605133 -63.890991 -20768.519531 3351.766113 54693.785156 1.043049
653900 299.605133 -63.891594 -20768.519531 3351.766113 54693.785156 1.043049
654000 299.605133 -63.893555 -20768.519531 3351.766113 54693.785156 1.043049
654100 299.605133 -63.894592 -20768.519531 3351.766113 54693.792969 1.043049
654200 299.605133 -63.895828 -20768.519531 3351.766113 54693.792969 1.043049
654300 299.605164 -63.898438 -20768.519531 3351.766357 54693.792969 1.043049
654400 299.605164 -63.899902 -20768.519531 3351.766357 54693.792969 1.043049
654500 299.605164 -63.900330 -20768.517578 3351.766357 54693.792969 1.043049
654600 299.605164 -63.900452 -20768.515625 3351.766357 54693.792969 1.043049
654700 299.605194 -63.901665 -20768.513672 3351.766846 54693.792969 1.043049
654800 299.605194 -63.902458 -20768.513672 3351.766846 54693.792969 1.043049
654900 299.605194 -63.903946 -20768.513672 3351.766846 54693.792969 1.043049
655000 299.605194 -63.905075 -20768.513672 3351.766846 54693.792969 1.043049
655100 299.605194 -63.906380 -20768.515625 3351.766846 54693.792969 1.043049
655200 299.605194 -63.907364 -20768.515625 3351.766846 54693.792969 1.043049
655300 299.605194 -63.908127 -20768.515625 3351.766846 54693.792969 1.043049
655400 299.605225 -63.908409 -20768.515625 3351.767090 54693.792969 1.043049
655500 299.605225 -63.908485 -20768.517578 3351.767090 54693.792969 1.043049
655600 299.605225 -63.908875 -20768.517578 3351.767090 54693.792969 1.043049
655700 299.605225 -63.909035 -20768.519531 3351.767090 54693.792969 1.043049
655800 299.605255 -63.908394 -20768.521484 3351.767334 54693.792969 1.043049
655900 299.605255 -63.907974 -20768.523438 3351.767334 54693.792969 1.043049
656000 299.605255 -63.908531 -20768.523438 3351.767334 54693.792969 1.043049
656100 299.605255 -63.909882 -20768.523438 3351.767334 54693.792969 1.043049
656200 299.605255 -63.910545 -20768.521484 3351.767334 54693.792969 1.043049
656300 299.605286 -63.911316 -20768.521484 3351.768066 54693.792969 1.043049
656400 299.605286 -63.912163 -20768.521484 3351.768066 54693.792969 1.043049
656500 299.605286 -63.912697 -20768.519531 3351.768066 54693.792969 1.043049
656600 299.605286 -63.913307 -20768.519531 3351.768066 54693.792969 1.043049
656700 299.605286 -63.913971 -20768.517578 3351.768066 54693.792969 1.043049
656800 299.605316 -63.916008 -20768.517578 3351.768311 54693.792969 1.043049
656900 299.605316 -63.917068 -20768.517578 3351.768311 54693.792969 1.043049
657000 299.605316 -63.918022 -20768.517578 3351.768311 54693.792969 1.043049
657100 299.605316 -63.918869 -20768.517578 3351.768311 54693.792969 1.043049
657200 299.605316 -63.919342 -20768.517578 3351.768311 54693.792969 1.043049
657300 299.605347 -63.919891 -20768.517578 3351.768799 54693.792969 1.043049
657400 299.605347 -63.921440 -20768.519531 3351.768799 54693.792969 1.043049
657500 299.605347 -63.922974 -20768.517578 3351.768799 54693.792969 1.043049
657600 299.605347 -63.924171 -20768.517578 3351.768799 54693.792969 1.043049
657700 299.605347 -63.924316 -20768.515625 3351.768799 54693.792969 1.043049
657800 299.605347 -63.925217 -20768.517578 3351.768799 54693.792969 1.043049
657900 299.605347 -63.925774 -20768.515625 3351.768799 54693.792969 1.043049
658000 299.605347 -63.926498 -20768.513672 3351.768799 54693.792969 1.043049
658100 299.605347 -63.927574 -20768.511719 3351.768799 54693.796875 1.043049
658200 299.605347 -63.927246 -20768.511719 3351.768799 54693.796875 1.043049
658300 299.605347 -63.927261 -20768.511719 3351.768799 54693.808594 1.043049
658400 299.605377 -63.928238 -20768.511719 3351.769043 54693.808594 1.043049
658500 299.605377 -63.928734 -20768.509766 3351.769043 54693.808594 1.043049
658600 299.605377 -63.929497 -20768.507812 3351.769043 54693.812500 1.043048
658700 299.605377 -63.929909 -20768.507812 3351.769043 54693.812500 1.043048
658800 299.605377 -63.931541 -20768.507812 3351.769043 54693.812500 1.043048
658900 299.605377 -63.934273 -20768.507812 3351.769043 54693.812500 1.043048
659000 299.605377 -63.935738 -20768.507812 3351.769043 54693.812500 1.043048
659100 299.605377 -63.936241 -20768.507812 3351.769043 54693.812500 1.043048
659200 299.605377 -63.937279 -20768.507812 3351.769043 54693.812500 1.043048
659300 299.605408 -63.937706 -20768.507812 3351.769287 54693.812500 1.043048
659400 299.605408 -63.938515 -20768.509766 3351.769287 54693.812500 1.043048
659500 299.605438 -63.939934 -20768.509766 3351.769775 54693.808594 1.043049
659600 299.605438 -63.940208 -20768.511719 3351.769775 54693.808594 1.043049
659700 299.605438 -63.939537 -20768.511719 3351.769775 54693.808594 1.043049
659800 299.605438 -63.939537 -20768.511719 3351.769775 54693.808594 1.043049
659900 299.605438 -63.942352 -20768.515625 3351.769775 54693.808594 1.043049
660000 299.605438 -63.944458 -20768.515625 3351.769775 54693.808594 1.043049
660100 299.605438 -63.945877 -20768.517578 3351.769775 54693.808594 1.043049
660200 299.605438 -63.946907 -20768.517578 3351.769775 54693.808594 1.043049
660300 299.605438 -63.947433 -20768.517578 3351.769775 54693.808594 1.043049
660400 299.605438 -63.947525 -20768.517578 3351.769775 54693.808594 1.043049
660500 299.605438 -63.948357 -20768.517578 3351.769775 54693.808594 1.043049
660600 299.605438 -63.948738 -20768.517578 3351.769775 54693.808594 1.043049
660700 299.605438 -63.949615 -20768.515625 3351.769775 54693.812500 1.043048
660800 299.605469 -63.949722 -20768.513672 3351.770020 54693.812500 1.043048
660900 299.605469 -63.949768 -20768.513672 3351.770020 54693.812500 1.043048
661000 299.605469 -63.949310 -20768.513672 3351.770020 54693.812500 1.043048
661100 299.605469 -63.950409 -20768.511719 3351.770020 54693.812500 1.043048
661200 299.605469 -63.950111 -20768.511719 3351.770020 54693.812500 1.043048
661300 299.605469 -63.950302 -20768.511719 3351.770020 54693.812500 1.043048
661400 299.605469 -63.950294 -20768.511719 3351.770020 54693.812500 1.043048
661500 299.605469 -63.949982 -20768.509766 3351.770020 54693.812500 1.043048
661600 299.605469 -63.950203 -20768.509766 3351.770020 54693.812500 1.043048
661700 299.605469 -63.951744 -20768.509766 3351.770020 54693.812500 1.043048
661800 299.605469 -63.952927 -20768.511719 3351.770020 54693.816406 1.043048
661900 299.605499 -63.953300 -20768.511719 3351.770508 54693.816406 1.043048
662000 299.605499 -63.953583 -20768.511719 3351.770508 54693.816406 1.043048
662100 299.605499 -63.953423 -20768.509766 3351.770508 54693.816406 1.043048
662200 299.605499 -63.954033 -20768.509766 3351.770508 54693.816406 1.043048
662300 299.605499 -63.954872 -20768.509766 3351.770508 54693.816406 1.043048
662400 299.605499 -63.955238 -20768.509766 3351.770508 54693.816406 1.043048
662500 299.605530 -63.955650 -20768.507812 3351.770752 54693.816406 1.043048
662600 299.605530 -63.957008 -20768.507812 3351.770752 54693.816406 1.043048
662700 299.605530 -63.958969 -20768.505859 3351.770752 54693.812500 1.043048
662800 299.605560 -63.960579 -20768.505859 3351.770996 54693.812500 1.043048
662900 299.605560 -63.961212 -20768.505859 3351.770996 54693.812500 1.043048
663000 299.605560 -63.961861 -20768.503906 3351.770996 54693.812500 1.043048
663100 299.605560 -63.962997 -20768.503906 3351.770996 54693.812500 1.043048
663200 299.605560 -63.963760 -20768.503906 3351.770996 54693.812500 1.043048
663300 299.605560 -63.963966 -20768.503906 3351.770996 54693.812500 1.043048
663400 299.605560 -63.964050 -20768.501953 3351.770996 54693.816406 1.043048
663500 299.605560 -63.964172 -20768.503906 3351.770996 54693.812500 1.043048
663600 299.605560 -63.964294 -20768.501953 3351.770996 54693.816406 1.043048
663700 299.605560 -63.964714 -20768.503906 3351.770996 54693.816406 1.043048
663800 299.605560 -63.966476 -20768.503906 3351.770996 54693.812500 1.043048
663900 299.605560 -63.967751 -20768.503906 3351.770996 54693.816406 1.043048
664000 299.605560 -63.968605 -20768.503906 3351.770996 54693.816406 1.043048
664100 299.605560 -63.968178 -20768.505859 3351.770996 54693.816406 1.043048
664200 299.605591 -63.969231 -20768.505859 3351.771484 54693.816406 1.043048
664300 299.605591 -63.969620 -20768.505859 3351.771484 54693.816406 1.043048
664400 299.605591 -63.969688 -20768.505859 3351.771484 54693.816406 1.043048
664500 299.605591 -63.970390 -20768.505859 3351.771484 54693.816406 1.043048
664600 299.605591 -63.970802 -20768.505859 3351.771484 54693.816406 1.043048
664700 299.605621 -63.973160 -20768.505859 3351.771729 54693.816406 1.043048
664800 299.605621 -63.975662 -20768.507812 3351.771729 54693.816406 1.043048
664900 299.605621 -63.976822 -20768.509766 3351.771729 54693.816406 1.043048
665000 299.605621 -63.976685 -20768.511719 3351.771729 54693.816406 1.043048
665100 299.605621 -63.976509 -20768.513672 3351.771729 54693.816406 1.043048
665200 299.605621 -63.976624 -20768.513672 3351.771729 54693.816406 1.043048
665300 299.605621 -63.977928 -20768.513672 3351.771729 54693.816406 1.043048
665400 299.605621 -63.979065 -20768.511719 3351.771729 54693.816406 1.043048
665500 299.605621 -63.980286 -20768.511719 3351.771729 54693.816406 1.043048
665600 299.605621 -63.981628 -20768.511719 3351.771729 54693.816406 1.043048
665700 299.605652 -63.982391 -20768.509766 3351.771973 54693.816406 1.043048
665800 299.605652 -63.983398 -20768.509766 3351.771973 54693.816406 1.043048
665900 299.605652 -63.982529 -20768.509766 3351.771973 54693.816406 1.043048
666000 299.605682 -63.982391 -20768.507812 3351.772461 54693.816406 1.043048
666100 299.605682 -63.982452 -20768.507812 3351.772461 54693.824219 1.043048
666200 299.605682 -63.982567 -20768.505859 3351.772461 54693.824219 1.043048
666300 299.605682 -63.982727 -20768.505859 3351.772461 54693.828125 1.043048
666400 299.605713 -63.983620 -20768.505859 3351.772705 54693.828125 1.043048
666500 299.605713 -63.984245 -20768.505859 3351.772705 54693.828125 1.043048
666600 299.605713 -63.985252 -20768.505859 3351.772705 54693.828125 1.043048
666700 299.605713 -63.985710 -20768.505859 3351.772705 54693.828125 1.043048
666800 299.605713 -63.986252 -20768.503906 3351.772705 54693.828125 1.043048
666900 299.605713 -63.986160 -20768.503906 3351.772705 54693.828125 1.043048
667000 299.605713 -63.986938 -20768.505859 3351.772705 54693.828125 1.043048
667100 299.605713 -63.987801 -20768.503906 3351.772705 54693.828125 1.043048
667200 299.605713 -63.989235 -20768.503906 3351.772705 54693.828125 1.043048
667300 299.605713 -63.990654 -20768.503906 3351.772705 54693.828125 1.043048
667400 299.605713 -63.991669 -20768.503906 3351.772705 54693.839844 1.043048
667500 299.605713 -63.992065 -20768.503906 3351.772705 54693.839844 1.043048
667600 299.605713 -63.992439 -20768.503906 3351.772705 54693.839844 1.043048
667700 299.605713 -63.992203 -20768.503906 3351.772705 54693.839844 1.043048
667800 299.605713 -63.992470 -20768.503906 3351.772705 54693.839844 1.043048
667900 299.605713 -63.992508 -20768.503906 3351.772705 54693.839844 1.043048
668000 299.605713 -63.992943 -20768.503906 3351.772705 54693.839844 1.043048
668100 299.605713 -63.993439 -20768.505859 3351.772705 54693.839844 1.043048
668200 299.605713 -63.994293 -20768.503906 3351.772705 54693.839844 1.043048
668300 299.605713 -63.994011 -20768.503906 3351.772705 54693.839844 1.043048
668400 299.605713 -63.993927 -20768.503906 3351.772705 54693.839844 1.043048
668500 299.605713 -63.995163 -20768.503906 3351.772705 54693.839844 1.043048
668600 299.605713 -63.996735 -20768.501953 3351.772705 54693.839844 1.043048
668700 299.605713 -63.997009 -20768.501953 3351.772705 54693.839844 1.043048
668800 299.605743 -63.997192 -20768.501953 3351.772949 54693.839844 1.043048
668900 299.605743 -63.997795 -20768.500000 3351.772949 54693.839844 1.043048
669000 299.605743 -63.998634 -20768.500000 3351.772949 54693.839844 1.043048
669100 299.605743 -63.999420 -20768.500000 3351.772949 54693.839844 1.043048
669200 299.605743 -64.000069 -20768.500000 3351.772949 54693.828125 1.043048
669300 299.605743 -64.000938 -20768.500000 3351.772949 54693.839844 1.043048
669400 299.605743 -64.001114 -20768.500000 3351.772949 54693.839844 1.043048
669500 299.605774 -64.001472 -20768.498047 3351.773438 54693.839844 1.043048
669600 299.605774 -64.001823 -20768.498047 3351.773438 54693.839844 1.043048
669700 299.605774 -64.001984 -20768.498047 3351.773438 54693.839844 1.043048
669800 299.605774 -64.002457 -20768.496094 3351.773438 54693.839844 1.043048
669900 299.605774 -64.002937 -20768.496094 3351.773438 54693.843750 1.043048
670000 299.605774 -64.003326 -20768.494141 3351.773438 54693.843750 1.043048
670100 299.605774 -64.003510 -20768.494141 3351.773438 54693.843750 1.043048
670200 299.605774 -64.004280 -20768.494141 3351.773438 54693.843750 1.043048
670300 299.605774 -64.004700 -20768.496094 3351.773438 54693.839844 1.043048
670400 299.605774 -64.005104 -20768.496094 3351.773438 54693.839844 1.043048
670500 299.605774 -64.005402 -20768.494141 3351.773438 54693.839844 1.043048
670600 299.605774 -64.005814 -20768.494141 3351.773438 54693.843750 1.043048
670700 299.605804 -64.006477 -20768.494141 3351.773682 54693.843750 1.043048
670800 299.605804 -64.006996 -20768.494141 3351.773682 54693.847656 1.043048
670900 299.605774 -64.008148 -20768.494141 3351.773438 54693.847656 1.043048
671000 299.605774 -64.009888 -20768.494141 3351.773438 54693.847656 1.043048
671100 299.605774 -64.009697 -20768.492188 3351.773438 54693.855469 1.043048
671200 299.605774 -64.009155 -20768.492188 3351.773438 54693.847656 1.043048
671300 299.605774 -64.008484 -20768.492188 3351.773438 54693.847656 1.043048
671400 299.605804 -64.008194 -20768.492188 3351.773682 54693.843750 1.043048
671500 299.605804 -64.008057 -20768.492188 3351.773682 54693.843750 1.043048
671600 299.605804 -64.007935 -20768.492188 3351.773682 54693.839844 1.043048
671700 299.605804 -64.008690 -20768.492188 3351.773682 54693.839844 1.043048
671800 299.605804 -64.010040 -20768.494141 3351.773682 54693.839844 1.043048
671900 299.605804 -64.010780 -20768.494141 3351.773682 54693.839844 1.043048
672000 299.605804 -64.011993 -20768.494141 3351.773682 54693.839844 1.043048
672100 299.605835 -64.013000 -20768.494141 3351.773926 54693.839844 1.043048
672200 299.605835 -64.013939 -20768.494141 3351.773926 54693.839844 1.043048
672300 299.605835 -64.014198 -20768.494141 3351.773926 54693.839844 1.043048
672400 299.605835 -64.015038 -20768.492188 3351.773926 54693.839844 1.043048
672500 299.605835 -64.015450 -20768.492188 3351.773926 54693.839844 1.043048
672600 299.605835 -64.015541 -20768.490234 3351.773926 54693.839844 1.043048
672700 299.605835 -64.016411 -20768.490234 3351.773926 54693.843750 1.043048
672800 299.605835 -64.017464 -20768.490234 3351.773926 54693.843750 1.043048
672900 299.605865 -64.017204 -20768.488281 3351.774414 54693.843750 1.043048
673000 299.605865 -64.017159 -20768.486328 3351.774414 54693.843750 1.043048
673100 299.605865 -64.017647 -20768.486328 3351.774414 54693.843750 1.043048
673200 299.605865 -64.017876 -20768.486328 3351.774414 54693.843750 1.043048
673300 299.605865 -64.018341 -20768.486328 3351.774414 54693.843750 1.043048
673400 299.605865 -64.018532 -20768.486328 3351.774414 54693.843750 1.043048
673500 299.605865 -64.018829 -20768.486328 3351.774414 54693.843750 1.043048
673600 299.605865 -64.018829 -20768.486328 3351.774414 54693.843750 1.043048
673700 299.605865 -64.018234 -20768.486328 3351.774414 54693.843750 1.043048
673800 299.605865 -64.018234 -20768.486328 3351.774414 54693.843750 1.043048
673900 299.605865 -64.018234 -20768.486328 3351.774414 54693.847656 1.043048
674000 299.605896 -64.018440 -20768.486328 3351.774658 54693.847656 1.043048
674100 299.605865 -64.018265 -20768.486328 3351.774414 54693.847656 1.043048
674200 299.605865 -64.018646 -20768.486328 3351.774414 54693.843750 1.043048
674300 299.605865 -64.018600 -20768.486328 3351.774414 54693.843750 1.043048
674400 299.605865 -64.019249 -20768.486328 3351.774414 54693.843750 1.043048
674500 299.605865 -64.019142 -20768.486328 3351.774414 54693.843750 1.043048
674600 299.605865 -64.019135 -20768.486328 3351.774414 54693.843750 1.043048
674700 299.605865 -64.019142 -20768.486328 3351.774414 54693.847656 1.043048
674800 299.605865 -64.019058 -20768.486328 3351.774414 54693.847656 1.043048
674900 299.605865 -64.019196 -20768.486328 3351.774414 54693.847656 1.043048
675000 299.605865 -64.019287 -20768.486328 3351.774414 54693.847656 1.043048
675100 299.605865 -64.019638 -20768.486328 3351.774414 54693.847656 1.043048
675200 299.605896 -64.020920 -20768.486328 3351.774658 54693.847656 1.043048
675300 299.605896 -64.022018 -20768.486328 3351.774658 54693.843750 1.043048
675400 299.605896 -64.023232 -20768.486328 3351.774658 54693.843750 1.043048
675500 299.605896 -64.024330 -20768.486328 3351.774658 54693.847656 1.043048
675600 299.605896 -64.025589 -20768.484375 3351.774658 54693.847656 1.043048
675700 299.605896 -64.026230 -20768.484375 3351.774658 54693.847656 1.043048
675800 299.605865 -64.027458 -20768.486328 3351.774414 54693.847656 1.043048
675900 299.605865 -64.028130 -20768.486328 3351.774414 54693.847656 1.043048
676000 299.605865 -64.028816 -20768.486328 3351.774414 54693.847656 1.043048
676100 299.605865 -64.029663 -20768.486328 3351.774414 54693.847656 1.043048
676200 299.605865 -64.029572 -20768.486328 3351.774414 54693.847656 1.043048
676300 299.605835 -64.029892 -20768.486328 3351.773926 54693.847656 1.043048
676400 299.605865 -64.030396 -20768.486328 3351.774414 54693.847656 1.043048
676500 299.605865 -64.030739 -20768.486328 3351.774414 54693.847656 1.043048
676600 299.605835 -64.030617 -20768.486328 3351.773926 54693.847656 1.043048
676700 299.605835 -64.030540 -20768.486328 3351.773926 54693.847656 1.043048
676800 299.605865 -64.030418 -20768.486328 3351.774414 54693.847656 1.043048
676900 299.605865 -64.032021 -20768.488281 3351.774414 54693.847656 1.043048
677000 299.605865 -64.032471 -20768.488281 3351.774414 54693.847656 1.043048
677100 299.605865 -64.032608 -20768.488281 3351.774414 54693.847656 1.043048
677200 299.605865 -64.033669 -20768.490234 3351.774414 54693.847656 1.043048
677300 299.605865 -64.034988 -20768.488281 3351.774414 54693.847656 1.043048
677400 299.605865 -64.035583 -20768.488281 3351.774414 54693.847656 1.043048
677500 299.605865 -64.035652 -20768.488281 3351.774414 54693.847656 1.043048
677600 299.605865 -64.035721 -20768.486328 3351.774414 54693.847656 1.043048
677700 299.605865 -64.035889 -20768.486328 3351.774414 54693.843750 1.043048
677800 299.605865 -64.036064 -20768.486328 3351.774414 54693.843750 1.043048
677900 299.605865 -64.036659 -20768.486328 3351.774414 54693.843750 1.043048
678000 299.605865 -64.036980 -20768.484375 3351.774414 54693.843750 1.043048
678100 299.605865 -64.037239 -20768.484375 3351.774414 54693.843750 1.043048
678200 299.605865 -64.037422 -20768.484375 3351.774414 54693.843750 1.043048
678300 299.605865 -64.037712 -20768.484375 3351.774414 54693.843750 1.043048
678400 299.605896 -64.038658 -20768.486328 3351.774658 54693.843750 1.043048
678500 299.605896 -64.040733 -20768.486328 3351.774658 54693.843750 1.043048
678600 299.605896 -64.042076 -20768.488281 3351.774658 54693.843750 1.043048
678700 299.605896 -64.043755 -20768.488281 3351.774658 54693.843750 1.043048
678800 299.605896 -64.044769 -20768.488281 3351.774658 54693.843750 1.043048
678900 299.605896 -64.045517 -20768.488281 3351.774658 54693.843750 1.043048
679000 299.605896 -64.045860 -20768.488281 3351.774658 54693.843750 1.043048
679100 299.605896 -64.046257 -20768.488281 3351.774658 54693.847656 1.043048
679200 299.605896 -64.047592 -20768.488281 3351.774658 54693.847656 1.043048
679300 299.605896 -64.048027 -20768.488281 3351.774658 54693.847656 1.043048
679400 299.605896 -64.048080 -20768.488281 3351.774658 54693.847656 1.043048
679500 299.605896 -64.048111 -20768.488281 3351.774658 54693.847656 1.043048
679600 299.605896 -64.047844 -20768.488281 3351.774658 54693.847656 1.043048
679700 299.605896 -64.048164 -20768.488281 3351.774658 54693.847656 1.043048
679800 299.605896 -64.048378 -20768.488281 3351.774658 54693.847656 1.043048
679900 299.605896 -64.048615 -20768.488281 3351.774658 54693.847656 1.043048
680000 299.605896 -64.048767 -20768.488281 3351.774658 54693.847656 1.043048
680100 299.605896 -64.049141 -20768.490234 3351.774658 54693.847656 1.043048
680200 299.605896 -64.049294 -20768.490234 3351.774658 54693.847656 1.043048
680300 299.605896 -64.049934 -20768.490234 3351.774658 54693.847656 1.043048
680400 299.605927 -64.050690 -20768.488281 3351.774902 54693.847656 1.043048
680500 299.605927 -64.051315 -20768.488281 3351.774902 54693.847656 1.043048
680600 299.605927 -64.051682 -20768.488281 3351.774902 54693.847656 1.043048
680700 299.605896 -64.052277 -20768.488281 3351.774658 54693.847656 1.043048
680800 299.605896 -64.053055 -20768.488281 3351.774658 54693.847656 1.043048
680900 299.605896 -64.053604 -20768.488281 3351.774658 54693.847656 1.043048
681000 299.605896 -64.053963 -20768.488281 3351.774658 54693.847656 1.043048
681100 299.605927 -64.054764 -20768.488281 3351.774902 54693.847656 1.043048
681200 299.605927 -64.055672 -20768.490234 3351.774902 54693.847656 1.043048
681300 299.605927 -64.056244 -20768.492188 3351.774902 54693.847656 1.043048
681400 299.605927 -64.056442 -20768.492188 3351.774902 54693.847656 1.043048
681500 299.605927 -64.056572 -20768.492188 3351.774902 54693.855469 1.043048
681600 299.605927 -64.056450 -20768.492188 3351.774902 54693.855469 1.043048
681700 299.605927 -64.056641 -20768.494141 3351.774902 54693.855469 1.043048
681800 299.605927 -64.057014 -20768.494141 3351.774902 54693.855469 1.043048
681900 299.605927 -64.057076 -20768.494141 3351.774902 54693.855469 1.043048
682000 299.605927 -64.056747 -20768.494141 3351.774902 54693.855469 1.043048
682100 299.605957 -64.056534 -20768.494141 3351.775391 54693.855469 1.043048
682200 299.605957 -64.056419 -20768.494141 3351.775391 54693.855469 1.043048
682300 299.605957 -64.056320 -20768.494141 3351.775391 54693.847656 1.043048
682400 299.605957 -64.056854 -20768.494141 3351.775391 54693.847656 1.043048
682500 299.605957 -64.057220 -20768.494141 3351.775391 54693.847656 1.043048
682600 299.605957 -64.057419 -20768.494141 3351.775391 54693.847656 1.043048
682700 299.605957 -64.057762 -20768.494141 3351.775391 54693.847656 1.043048
682800 299.605957 -64.059242 -20768.494141 3351.775391 54693.847656 1.043048
682900 299.605957 -64.060417 -20768.494141 3351.775391 54693.847656 1.043048
683000 299.605957 -64.061020 -20768.492188 3351.775391 54693.847656 1.043048
683100 299.605957 -64.061378 -20768.492188 3351.775391 54693.847656 1.043048
683200 299.605957 -64.061821 -20768.492188 3351.775391 54693.847656 1.043048
683300 299.605957 -64.061890 -20768.492188 3351.775391 54693.847656 1.043048
683400 299.605957 -64.061935 -20768.492188 3351.775391 54693.847656 1.043048
683500 299.605957 -64.063911 -20768.492188 3351.775391 54693.855469 1.043048
683600 299.605957 -64.064468 -20768.490234 3351.775391 54693.855469 1.043048
683700 299.605957 -64.064796 -20768.490234 3351.775391 54693.855469 1.043048
683800 299.605988 -64.065109 -20768.490234 3351.775635 54693.855469 1.043048
683900 299.605988 -64.064995 -20768.490234 3351.775635 54693.847656 1.043048
684000 299.605988 -64.065025 -20768.490234 3351.775635 54693.847656 1.043048
684100 299.605988 -64.065605 -20768.490234 3351.775635 54693.847656 1.043048
684200 299.605988 -64.065865 -20768.490234 3351.775635 54693.847656 1.043048
684300 299.605988 -64.066238 -20768.490234 3351.775635 54693.847656 1.043048
684400 299.605988 -64.066322 -20768.490234 3351.775635 54693.847656 1.043048
684500 299.605988 -64.066704 -20768.492188 3351.775635 54693.847656 1.043048
684600 299.605988 -64.066933 -20768.492188 3351.775635 54693.847656 1.043048
684700 299.605988 -64.067612 -20768.490234 3351.775635 54693.847656 1.043048
684800 299.605988 -64.067856 -20768.490234 3351.775635 54693.855469 1.043048
684900 299.605988 -64.068062 -20768.490234 3351.775635 54693.855469 1.043048
685000 299.605988 -64.068138 -20768.490234 3351.775635 54693.855469 1.043048
685100 299.605988 -64.068253 -20768.490234 3351.775635 54693.855469 1.043048
685200 299.605988 -64.068573 -20768.488281 3351.775635 54693.855469 1.043048
685300 299.605988 -64.068588 -20768.488281 3351.775635 54693.855469 1.043048
685400 299.605988 -64.068756 -20768.488281 3351.775635 54693.855469 1.043048
685500 299.605988 -64.068794 -20768.488281 3351.775635 54693.855469 1.043048
685600 299.605988 -64.068779 -20768.490234 3351.775635 54693.847656 1.043048
685700 299.605988 -64.069717 -20768.490234 3351.775635 54693.847656 1.043048
685800 299.605988 -64.070168 -20768.490234 3351.775635 54693.847656 1.043048
685900 299.605988 -64.070488 -20768.492188 3351.775635 54693.847656 1.043048
686000 299.605988 -64.072067 -20768.492188 3351.775635 54693.847656 1.043048
686100 299.605988 -64.074509 -20768.492188 3351.775635 54693.847656 1.043048
686200 299.605988 -64.075851 -20768.492188 3351.775635 54693.855469 1.043048
686300 299.606018 -64.075706 -20768.490234 3351.776123 54693.855469 1.043048
686400 299.606018 -64.075462 -20768.490234 3351.776123 54693.855469 1.043048
686500 299.606018 -64.075890 -20768.490234 3351.776123 54693.859375 1.043047
686600 299.606018 -64.075905 -20768.490234 3351.776123 54693.859375 1.043047
686700 299.606018 -64.076355 -20768.490234 3351.776123 54693.859375 1.043047
686800 299.606018 -64.076385 -20768.492188 3351.776123 54693.859375 1.043047
686900 299.606018 -64.076530 -20768.492188 3351.776123 54693.859375 1.043047
687000 299.606018 -64.076851 -20768.492188 3351.776123 54693.859375 1.043047
687100 299.606018 -64.076744 -20768.492188 3351.776123 54693.859375 1.043047
687200 299.606018 -64.077019 -20768.492188 3351.776123 54693.859375 1.043047
687300 299.606018 -64.077873 -20768.494141 3351.776123 54693.859375 1.043047
687400 299.606018 -64.078407 -20768.494141 3351.776123 54693.859375 1.043047
687500 299.606018 -64.078522 -20768.494141 3351.776123 54693.871094 1.043047
687600 299.606018 -64.078659 -20768.494141 3351.776123 54693.871094 1.043047
687700 299.606018 -64.078636 -20768.494141 3351.776123 54693.871094 1.043047
687800 299.606018 -64.079033 -20768.494141 3351.776123 54693.871094 1.043047
687900 299.606018 -64.079735 -20768.492188 3351.776123 54693.871094 1.043047
688000 299.606018 -64.079926 -20768.492188 3351.776123 54693.871094 1.043047
688100 299.606018 -64.079208 -20768.492188 3351.776123 54693.871094 1.043047
688200 299.606049 -64.079185 -20768.490234 3351.776367 54693.871094 1.043047
688300 299.606018 -64.079353 -20768.490234 3351.776123 54693.871094 1.043047
688400 299.606018 -64.079514 -20768.490234 3351.776123 54693.871094 1.043047
688500 299.606018 -64.078941 -20768.490234 3351.776123 54693.871094 1.043047
688600 299.606018 -64.078835 -20768.488281 3351.776123 54693.871094 1.043047
688700 299.606018 -64.078857 -20768.488281 3351.776123 54693.871094 1.043047
688800 299.606018 -64.079025 -20768.488281 3351.776123 54693.871094 1.043047
688900 299.606018 -64.079529 -20768.488281 3351.776123 54693.871094 1.043047
689000 299.606049 -64.078865 -20768.488281 3351.776367 54693.871094 1.043047
689100 299.606049 -64.078468 -20768.488281 3351.776367 54693.871094 1.043047
689200 299.606049 -64.078331 -20768.490234 3351.776367 54693.871094 1.043047
689300 299.606049 -64.079056 -20768.490234 3351.776367 54693.871094 1.043047
689400 299.606049 -64.079552 -20768.488281 3351.776367 54693.871094 1.043047
689500 299.606049 -64.079987 -20768.488281 3351.776367 54693.871094 1.043047
689600 299.606049 -64.079384 -20768.488281 3351.776367 54693.871094 1.043047
689700 299.606049 -64.079163 -20768.488281 3351.776367 54693.871094 1.043047
689800 299.606049 -64.079163 -20768.488281 3351.776367 54693.871094 1.043047
689900 299.606049 -64.079185 -20768.486328 3351.776367 54693.871094 1.043047
690000 299.606049 -64.079140 -20768.486328 3351.776367 54693.875000 1.043047
690100 299.606049 -64.080307 -20768.484375 3351.776367 54693.875000 1.043047
690200 299.606049 -64.081520 -20768.484375 3351.776367 54693.875000 1.043047
690300 299.606049 -64.082306 -20768.484375 3351.776367 54693.875000 1.043047
690400 299.606049 -64.082581 -20768.482422 3351.776367 54693.875000 1.043047
690500 299.606049 -64.082741 -20768.482422 3351.776367 54693.875000 1.043047
690600 299.606049 -64.082855 -20768.482422 3351.776367 54693.875000 1.043047
690700 299.606049 -64.082848 -20768.480469 3351.776367 54693.875000 1.043047
690800 299.606049 -64.083786 -20768.480469 3351.776367 54693.875000 1.043047
690900 299.606049 -64.084183 -20768.480469 3351.776367 54693.875000 1.043047
691000 299.606049 -64.084290 -20768.480469 3351.776367 54693.875000 1.043047
691100 299.606049 -64.084389 -20768.480469 3351.776367 54693.871094 1.043047
691200 299.606049 -64.084343 -20768.480469 3351.776367 54693.871094 1.043047
691300 299.606049 -64.084702 -20768.480469 3351.776367 54693.871094 1.043047
691400 299.606049 -64.085129 -20768.482422 3351.776367 54693.871094 1.043047
691500 299.606049 -64.085899 -20768.484375 3351.776367 54693.871094 1.043047
691600 299.606049 -64.086945 -20768.484375 3351.776367 54693.871094 1.043047
691700 299.606049 -64.087509 -20768.484375 3351.776367 54693.871094 1.043047
691800 299.606079 -64.087990 -20768.484375 3351.776611 54693.871094 1.043047
691900 299.606079 -64.088326 -20768.484375 3351.776611 54693.871094 1.043047
692000 299.606079 -64.088417 -20768.484375 3351.776611 54693.871094 1.043047
692100 299.606079 -64.088501 -20768.484375 3351.776611 54693.871094 1.043047
692200 299.606079 -64.088974 -20768.484375 3351.776611 54693.871094 1.043047
692300 299.606079 -64.089439 -20768.486328 3351.776611 54693.871094 1.043047
692400 299.606079 -64.090950 -20768.486328 3351.776611 54693.871094 1.043047
692500 299.606079 -64.091888 -20768.486328 3351.776611 54693.871094 1.043047
692600 299.606079 -64.092468 -20768.486328 3351.776611 54693.871094 1.043047
692700 299.606079 -64.092789 -20768.486328 3351.776611 54693.871094 1.043047
692800 299.606079 -64.092834 -20768.486328 3351.776611 54693.871094 1.043047
692900 299.606079 -64.092964 -20768.484375 3351.776611 54693.871094 1.043047
693000 299.606079 -64.093239 -20768.482422 3351.776611 54693.871094 1.043047
693100 299.606110 -64.093269 -20768.482422 3351.777100 54693.871094 1.043047
693200 299.606110 -64.093315 -20768.482422 3351.777100 54693.871094 1.043047
693300 299.606110 -64.093391 -20768.480469 3351.777100 54693.871094 1.043047
693400 299.606110 -64.093491 -20768.478516 3351.777100 54693.871094 1.043047
693500 299.606110 -64.093346 -20768.478516 3351.777100 54693.875000 1.043047
693600 299.606110 -64.093109 -20768.478516 3351.777100 54693.875000 1.043047
693700 299.606110 -64.092827 -20768.478516 3351.777100 54693.875000 1.043047
693800 299.606110 -64.093010 -20768.478516 3351.777100 54693.871094 1.043047
693900 299.606110 -64.093185 -20768.480469 3351.777100 54693.875000 1.043047
694000 299.606110 -64.093269 -20768.480469 3351.777100 54693.875000 1.043047
694100 299.606110 -64.093132 -20768.480469 3351.777100 54693.875000 1.043047
694200 299.606110 -64.093391 -20768.480469 3351.777100 54693.875000 1.043047
694300 299.606110 -64.093567 -20768.480469 3351.777100 54693.875000 1.043047
694400 299.606110 -64.094620 -20768.480469 3351.777100 54693.875000 1.043047
694500 299.606110 -64.095039 -20768.480469 3351.777100 54693.875000 1.043047
694600 299.606110 -64.095291 -20768.482422 3351.777100 54693.875000 1.043047
694700 299.606110 -64.095963 -20768.482422 3351.777100 54693.875000 1.043047
694800 299.606110 -64.096519 -20768.484375 3351.777100 54693.875000 1.043047
694900 299.606110 -64.097412 -20768.484375 3351.777100 54693.875000 1.043047
695000 299.606110 -64.098000 -20768.486328 3351.777100 54693.875000 1.043047
695100 299.606110 -64.098732 -20768.486328 3351.777100 54693.875000 1.043047
695200 299.606079 -64.100044 -20768.488281 3351.776611 54693.878906 1.043047
695300 299.606079 -64.100769 -20768.488281 3351.776611 54693.878906 1.043047
695400 299.606079 -64.100906 -20768.488281 3351.776611 54693.878906 1.043047
695500 299.606079 -64.101097 -20768.488281 3351.776611 54693.878906 1.043047
695600 299.606079 -64.101318 -20768.488281 3351.776611 54693.886719 1.043047
695700 299.606079 -64.102814 -20768.488281 3351.776611 54693.886719 1.043047
695800 299.606079 -64.103561 -20768.488281 3351.776611 54693.886719 1.043047
695900 299.606079 -64.104202 -20768.488281 3351.776611 54693.886719 1.043047
696000 299.606110 -64.104881 -20768.490234 3351.777100 54693.886719 1.043047
696100 299.606110 -64.105331 -20768.490234 3351.777100 54693.886719 1.043047
696200 299.606110 -64.105659 -20768.490234 3351.777100 54693.886719 1.043047
696300 299.606110 -64.105614 -20768.490234 3351.777100 54693.886719 1.043047
696400 299.606079 -64.104713 -20768.490234 3351.776611 54693.886719 1.043047
696500 299.606079 -64.104912 -20768.490234 3351.776611 54693.886719 1.043047
696600 299.606079 -64.105057 -20768.490234 3351.776611 54693.878906 1.043047
696700 299.606079 -64.105103 -20768.490234 3351.776611 54693.878906 1.043047
696800 299.606079 -64.104912 -20768.488281 3351.776611 54693.878906 1.043047
696900 299.606079 -64.105301 -20768.488281 3351.776611 54693.878906 1.043047
697000 299.606079 -64.105553 -20768.488281 3351.776611 54693.878906 1.043047
697100 299.606079 -64.105789 -20768.488281 3351.776611 54693.878906 1.043047
697200 299.606079 -64.106033 -20768.488281 3351.776611 54693.886719 1.043047
697300 299.606079 -64.106163 -20768.488281 3351.776611 54693.878906 1.043047
697400 299.606079 -64.106346 -20768.488281 3351.776611 54693.878906 1.043047
697500 299.606079 -64.106941 -20768.488281 3351.776611 54693.878906 1.043047
697600 299.606079 -64.109108 -20768.488281 3351.776611 54693.878906 1.043047
697700 299.606079 -64.109406 -20768.486328 3351.776611 54693.886719 1.043047
697800 299.606079 -64.110207 -20768.488281 3351.776611 54693.886719 1.043047
697900 299.606079 -64.110725 -20768.488281 3351.776611 54693.886719 1.043047
698000 299.606079 -64.110863 -20768.486328 3351.776611 54693.886719 1.043047
698100 299.606079 -64.110252 -20768.486328 3351.776611 54693.886719 1.043047
698200 299.606079 -64.109947 -20768.484375 3351.776611 54693.886719 1.043047
698300 299.606079 -64.110619 -20768.484375 3351.776611 54693.886719 1.043047
698400 299.606079 -64.112915 -20768.484375 3351.776611 54693.886719 1.043047
698500 299.606079 -64.114250 -20768.484375 3351.776611 54693.886719 1.043047
698600 299.606079 -64.114510 -20768.484375 3351.776611 54693.886719 1.043047
698700 299.606079 -64.115334 -20768.484375 3351.776611 54693.886719 1.043047
698800 299.606110 -64.116066 -20768.484375 3351.777100 54693.886719 1.043047
698900 299.606110 -64.116524 -20768.484375 3351.777100 54693.886719 1.043047
699000 299.606110 -64.116760 -20768.484375 3351.777100 54693.886719 1.043047
699100 299.606110 -64.116852 -20768.484375 3351.777100 54693.886719 1.043047
699200 299.606110 -64.116905 -20768.484375 3351.777100 54693.886719 1.043047
699300 299.606110 -64.116997 -20768.484375 3351.777100 54693.886719 1.043047
699400 299.606110 -64.117340 -20768.484375 3351.777100 54693.878906 1.043047
699500 299.606110 -64.116859 -20768.486328 3351.777100 54693.878906 1.043047
699600 299.606110 -64.116699 -20768.486328 3351.777100 54693.878906 1.043047
699700 299.606110 -64.117088 -20768.486328 3351.777100 54693.878906 1.043047
699800 299.606110 -64.117409 -20768.486328 3351.777100 54693.878906 1.043047
699900 299.606110 -64.117531 -20768.486328 3351.777100 54693.878906 1.043047
700000 299.606110 -64.117706 -20768.486328 3351.777100 54693.878906 1.043047
