# TimeStep Temp Press PotEng KinEng Volume Density
0 297.07 -6.20 -21126.64 3350.00 54000.00 1.0453
100 298.18 -170.85 -21050.09 3350.00 54000.00 1.0456
200 298.62 -208.38 -21029.54 3350.00 54000.00 1.0455
300 298.90 -227.90 -21013.99 3350.00 54000.00 1.0454
400 299.08 -236.69 -21001.38 3350.00 54000.00 1.0454
500 299.21 -240.00 -20991.47 3350.00 54000.00 1.0453
600 299.30 -240.59 -20983.84 3350.00 54000.00 1.0453
700 299.37 -239.86 -20978.02 3350.00 54000.00 1.0454
800 299.42 -238.59 -20973.58 3350.00 54000.00 1.0454
900 299.46 -237.13 -20970.20 3350.00 54000.00 1.0454
1000 299.49 -235.69 -20967.60 3350.00 54000.00 1.0454
1100 299.52 -234.34 -20965.60 3350.00 54000.00 1.0455
1200 299.54 -233.14 -20964.05 3350.00 54000.00 1.0455
1300 299.55 -232.09 -20962.84 3350.00 54000.00 1.0455
1400 299.56 -231.20 -20961.89 3350.00 54000.00 1.0455
1500 299.57 -230.44 -20961.16 3350.00 54000.00 1.0455
1600 299.58 -229.81 -20960.58 3350.00 54000.00 1.0455
1700 299.59 -229.27 -20960.12 3350.00 54000.00 1.0455
1800 299.59 -228.83 -20959.76 3350.00 54000.00 1.0455
1900 299.60 -228.47 -20959.48 3350.00 54000.00 1.0455
2000 299.60 -228.17 -20959.27 3350.00 54000.00 1.0455
2100 299.60 -227.93 -20959.09 3350.00 54000.00 1.0455
2200 299.61 -227.73 -20958.95 3350.00 54000.00 1.0455
2300 299.61 -227.56 -20958.84 3350.00 54000.00 1.0455
2400 299.61 -227.42 -20958.75 3350.00 54000.00 1.0455
2500 299.61 -227.31 -20958.68 3350.00 54000.00 1.0455
2600 299.61 -227.22 -20958.62 3350.00 54000.00 1.0455
2700 299.61 -227.16 -20958.58 3350.00 54000.00 1.0455
2800 299.61 -227.10 -20958.55 3350.00 54000.00 1.0455
2900 299.61 -227.05 -20958.53 3350.00 54000.00 1.0455
3000 299.61 -227.01 -20958.51 3350.00 54000.00 1.0455
3100 299.61 -226.98 -20958.49 3350.00 54000.00 1.0455
3200 299.61 -226.96 -20958.48 3350.00 54000.00 1.0455
3300 299.61 -226.94 -20958.47 3350.00 54000.00 1.0455
3400 299.61 -226.92 -20958.47 3350.00 54000.00 1.0455
3500 299.61 -226.91 -20958.46 3350.00 54000.00 1.0455
3600 299.61 -226.90 -20958.46 3350.00 54000.00 1.0455
3700 299.61 -226.89 -20958.45 3350.00 54000.00 1.0455
3800 299.61 -226.88 -20958.45 3350.00 54000.00 1.0455
3900 299.61 -226.87 -20958.45 3350.00 54000.00 1.0455
4000 299.61 -226.87 -20958.45 3350.00 54000.00 1.0455
4100 299.61 -226.87 -20958.45 3350.00 54000.00 1.0455
4200 299.61 -226.87 -20958.46 3350.00 54000.00 1.0455
4300 299.61 -226.86 -20958.45 3350.00 54000.00 1.0455
4400 299.61 -226.86 -20958.45 3350.00 54000.00 1.0455
4500 299.61 -226.86 -20958.45 3350.00 54000.00 1.0455
4600 299.61 -226.86 -20958.45 3350.00 54000.00 1.0455
4700 299.61 -226.86 -20958.45 3350.00 54000.00 1.0455
4800 299.61 -226.86 -20958.45 3350.00 54000.00 1.0455
4900 299.61 -226.86 -20958.46 3350.00 54000.00 1.0455
5000 299.61 -226.85 -20958.46 3350.00 54000.00 1.0455
5100 299.61 -226.85 -20958.46 3350.00 54000.00 1.0455
5200 299.61 -226.85 -20958.46 3350.00 54000.00 1.0455
5300 299.61 -226.85 -20958.46 3350.00 54000.00 1.0455
5400 299.61 -226.85 -20958.46 3350.00 54000.00 1.0455
5500 299.61 -226.85 -20958.46 3350.00 54000.00 1.0455
5600 299.61 -226.85 -20958.46 3350.00 54000.00 1.0455
5700 299.61 -226.85 -20958.46 3350.00 54000.00 1.0455
5800 299.61 -226.85 -20958.46 3350.00 54000.00 1.0455
5900 299.61 -226.85 -20958.46 3350.00 54000.00 1.0455
6000 299.61 -226.85 -20958.46 3350.00 54000.00 1.0455
6100 299.61 -226.85 -20958.46 3350.00 54000.00 1.0455
6200 299.61 -226.85 -20958.46 3350.00 54000.00 1.0455
6300 299.61 -226.85 -20958.46 3350.00 54000.00 1.0455
6400 299.61 -226.85 -20958.46 3350.00 54000.00 1.0455
6500 299.61 -226.85 -20958.46 3350.00 54000.00 1.0455
6600 299.61 -226.85 -20958.46 3350.00 54000.00 1.0455
6700 299.61 -226.85 -20958.46 3350.00 54000.00 1.0455
6800 299.61 -226.85 -20958.46 3350.00 54000.00 1.0455
6900 299.61 -226.85 -20958.46 3350.00 54000.00 1.0455
7000 299.61 -226.85 -20958.46 3350.00 54000.00 1.0455
7100 299.61 -226.85 -20958.46 3350.00 54000.00 1.0455
7200 299.61 -226.85 -20958.46 3350.00 54000.00 1.0455
7300 299.61 -226.85 -20958.46 3350.00 54000.00 1.0455
7400 299.61 -226.85 -20958.46 3350.00 54000.00 1.0455
7500 299.61 -226.85 -20958.46 3350.00 54000.00 1.0455
7600 299.61 -226.85 -20958.46 3350.00 54000.00 1.0455
7700 299.61 -226.85 -20958.46 3350.00 54000.00 1.0455
7800 299.61 -226.85 -20958.46 3350.00 54000.00 1.0455
7900 299.61 -226.85 -20958.46 3350.00 54000.00 1.0455
8000 299.61 -226.85 -20958.46 3350.00 54000.00 1.0455
8100 299.61 -226.85 -20958.46 3350.00 54000.00 1.0455
8200 299.61 -226.85 -20958.46 3350.00 54000.00 1.0455
8300 299.61 -226.85 -20958.46 3350.00 54000.00 1.0455
8400 299.61 -226.85 -20958.46 3350.00 54000.00 1.0455
8500 299.61 -226.85 -20958.46 3350.00 54000.00 1.0455
8600 299.61 -226.85 -20958.46 3350.00 54000.00 1.0455
8700 299.61 -226.85 -20958.46 3350.00 54000.00 1.0455
8800 299.61 -226.85 -20958.46 3350.00 54000.00 1.0455
8900 299.61 -226.85 -20958.46 3350.00 54000.00 1.0455
9000 299.61 -226.85 -20958.46 3350.00 54000.00 1.0455
9100 299.61 -226.85 -20958.46 3350.00 54000.00 1.0455
9200 299.61 -226.85 -20958.46 3350.00 54000.00 1.0455
9300 299.61 -226.85 -20958.46 3350.00 54000.00 1.0455
9400 299.61 -226.85 -20958.46 3350.00 54000.00 1.0455
9500 299.61 -226.85 -20958.46 3350.00 54000.00 1.0455
9600 299.61 -226.85 -20958.46 3350.00 54000.00 1.0455
9700 299.61 -226.85 -20958.46 3350.00 54000.00 1.0455
9800 299.61 -226.85 -20958.46 3350.00 54000.00 1.0455
9900 299.61 -226.85 -20958.46 3350.00 54000.00 1.0455
10000 299.61 -226.85 -20958.46 3350.00 54000.00 1.0455
10100 299.61 -226.85 -20958.46 3350.00 54000.00 1.0455
10200 299.61 -226.85 -20958.46 3350.00 54000.00 1.0455
10300 299.61 -226.85 -20958.46 3350.00 54000.00 1.0455
10400 299.61 -226.85 -20958.46 3350.00 54000.00 1.0455
10500 299.61 -226.85 -20958.46 3350.00 54000.00 1.0455
10600 299.61 -226.85 -20958.46 3350.00 54000.00 1.0455
10700 299.61 -226.85 -20958.46 3350.00 54000.00 1.0455
10800 299.61 -226.85 -20958.46 3350.00 54000.00 1.0455
10900 299.61 -226.85 -20958.46 3350.00 54000.00 1.0455
11000 299.61 -226.85 -20958.46 3350.00 54000.00 1.0455
11100 299.61 -226.85 -20958.46 3350.00 54000.00 1.0455
11200 299.61 -226.85 -20958.46 3350.00 54000.00 1.0455
11300 299.61 -226.85 -20958.46 3350.00 54000.00 1.0455
11400 299.61 -226.85 -20958.46 3350.00 54000.00 1.0455
11500 299.61 -226.85 -20958.46 3350.00 54000.00 1.0455
11600 299.61 -226.85 -20958.46 3350.00 54000.00 1.0455
11700 299.61 -226.85 -20958.46 3350.00 54000.00 1.0455
11800 299.61 -226.85 -20958.46 3350.00 54000.00 1.0455
11900 299.61 -226.85 -20958.46 3350.00 54000.00 1.0455
12000 299.61 -226.85 -20958.46 3350.00 54000.00 1.0455
12100 299.61 -226.85 -20958.46 3350.00 54000.00 1.0455
12200 299.61 -226.85 -20958.46 3350.00 54000.00 1.0455
12300 299.61 -226.85 -20958.46 3350.00 54000.00 1.0455
12400 299.61 -226.85 -20958.46 3350.00 54000.00 1.0455
12500 299.61 -226.85 -20958.46 3350.00 54000.00 1.0455
12600 299.61 -226.85 -20958.46 3350.00 54000.00 1.0455
12700 299.61 -226.85 -20958.46 3350.00 54000.00 1.0455
12800 299.61 -226.85 -20958.46 3350.00 54000.00 1.0455
12900 299.61 -226.85 -20958.46 3350.00 54000.00 1.0455
13000 299.61 -226.85 -20958.46 3350.00 54000.00 1.0455
13100 299.61 -226.85 -20958.46 3350.00 54000.00 1.0455
13200 299.61 -226.85 -20958.46 3350.00 54000.00 1.0455
13300 299.61 -226.85 -20958.46 3350.00 54000.00 1.0455
13400 299.61 -226.85 -20958.46 3350.00 54000.00 1.0455
13500 299.61 -226.85 -20958.46 3350.00 54000.00 1.0455
13600 299.61 -226.85 -20958.46 3350.00 54000.00 1.0455
13700 299.61 -226.85 -20958.46 3350.00 54000.00 1.0455
13800 299.61 -226.85 -20958.46 3350.00 54000.00 1.0455
13900 299.61 -226.85 -20958.46 3350.00 54000.00 1.0455
14000 299.61 -226.85 -20958.46 3350.00 54000.00 1.0455
14100 299.61 -226.85 -20958.46 3350.00 54000.00 1.0455
14200 299.61 -226.85 -20958.46 3350.00 54000.00 1.0455
14300 299.61 -226.85 -20958.46 3350.00 54000.00 1.0455
14400 299.61 -226.85 -20958.46 3350.00 54000.00 1.0455
14500 299.61 -226.85 -20958.46 3350.00 54000.00 1.0455
14600 299.61 -226.85 -20958.46 3350.00 54000.00 1.0455
14700 299.61 -226.85 -20958.46 3350.00 54000.00 1.0455
14800 299.61 -226.85 -20958.46 3350.00 54000.00 1.0455
14900 299.61 -226.85 -20958.46 3350.00 54000.00 1.0455
15000 299.61 -226.85 -20958.46 3350.00 54000.00 1.0455
15100 299.61 -226.85 -20958.46 3350.00 54000.00 1.0455
15200 299.61 -226.85 -20958.46 3350.00 54000.00 1.0455
15300 299.61 -226.85 -20958.46 3350.00 54000.00 1.0455
15400 299.61 -226.85 -20958.46 3350.00 54000.00 1.0455
15500 299.61 -226.85 -20958.46 3350.00 54000.00 1.0455
15600 299.61 -226.85 -20958.46 3350.00 54000.00 1.0455
15700 299.61 -226.85 -20958.46 3350.00 54000.00 1.0455
15800 299.61 -226.85 -20958.46 3350.00 54000.00 1.0455
15900 299.61 -226.85 -20958.46 3350.00 54000.00 1.0455
16000 299.61 -226.85 -20958.46 3350.00 54000.00 1.0455
16100 299.61 -226.85 -20958.46 3350.00 54000.00 1.0455
16200 299.61 -226.85 -20958.46 3350.00 54000.00 1.0455
16300 299.61 -226.85 -20958.46 3350.00 54000.00 1.0455
16400 299.61 -226.85 -20958.46 3350.00 54000.00 1.0455
16500 299.61 -226.85 -20958.46 3350.00 54000.00 1.0455
16600 299.61 -226.85 -20958.46 3350.00 54000.00 1.0455
16700 299.61 -226.85 -20958.46 3350.00 54000.00 1.0455
16800 299.61 -226.85 -20958.46 3350.00 54000.00 1.0455
16900 299.61 -226.85 -20958.46 3350.00 54000.00 1.0455
17000 299.61 -226.85 -20958.46 3350.00 54000.00 1.0455
17100 299.61 -226.85 -20958.46 3350.00 54000.00 1.0455
17200 299.61 -226.85 -20958.46 3350.00 54000.00 1.0455
17300 299.61 -226.85 -20958.46 3350.00 54000.00 1.0455
17400 299.61 -226.85 -20958.46 3350.00 54000.00 1.0455
17500 299.61 -226.85 -20958.46 3350.00 54000.00 1.0455
17600 299.61 -226.85 -20958.46 3350.00 54000.00 1.0455
17700 299.61 -226.85 -20958.46 3350.00 54000.00 1.0455
17800 299.61 -226.85 -20958.46 3350.00 54000.00 1.0455
17900 299.61 -226.85 -20958.46 3350.00 54000.00 1.0455
18000 299.61 -226.85 -20958.46 3350.00 54000.00 1.0455
18100 299.61 -226.85 -20958.46 3350.00 54000.00 1.0455
18200 299.61 -226.85 -20958.46 3350.00 54000.00 1.0455
18300 299.61 -226.85 -20958.46 3350.00 54000.00 1.0455
18400 299.61 -226.85 -20958.46 3350.00 54000.00 1.0455
18500 299.61 -226.85 -20958.46 3350.00 54000.00 1.0455
18600 299.61 -226.85 -20958.46 3350.00 54000.00 1.0455
18700 299.61 -226.85 -20958.46 3350.00 54000.00 1.0455
18800 299.61 -226.85 -20958.46 3350.00 54000.00 1.0455
18900 299.61 -226.85 -20958.46 3350.00 54000.00 1.0455
19000 299.61 -226.85 -20958.46 3350.00 54000.00 1.0455
19100 299.61 -226.85 -20958.46 3350.00 54000.00 1.0455
19200 299.61 -226.85 -20958.46 3350.00 54000.00 1.0455
19300 299.61 -226.85 -20958.46 3350.00 54000.00 1.0455
19400 299.61 -226.85 -20958.46 3350.00 54000.00 1.0455
19500 299.61 -226.85 -20958.46 3350.00 54000.00 1.0455
19600 299.61 -226.85 -20958.46 3350.00 54000.00 1.0455
19700 299.61 -226.85 -20958.46 3350.00 54000.00 1.0455
19800 299.61 -226.85 -20958.46 3350.00 54000.00 1.0455
19900 299.61 -226.85 -20958.46 3350.00 54000.00 1.0455
20000 299.61 -226.85 -20958.46 3350.00 54000.00 1.0455
20100 299.61 -226.85 -20958.46 3350.00 54000.00 1.0455
20200 299.61 -226.85 -20958.46 3350.00 54000.00 1.0455
20300 299.61 -226.85 -20958.46 3350.00 54000.00 1.0455
20400 299.61 -226.85 -20958.46 3350.00 54000.00 1.0455
20500 299.61 -226.85 -20958.46 3350.00 54000.00 1.0455
20600 299.61 -226.85 -20958.46 3350.00 54000.00 1.0455
20700 299.61 -226.85 -20958.46 3350.00 54000.00 1.0455
20800 299.61 -226.85 -20958.46 3350.00 54000.00 1.0455
20900 299.61 -226.85 -20958.46 3350.00 54000.00 1.0455
21000 299.61 -226.85 -20958.46 3350.00 54000.00 1.0455
21100 299.61 -226.85 -20958.46 3350.00 54000.00 1.0455
21200 299.61 -226.85 -20958.46 3350.00 54000.00 1.0455
21300 299.61 -226.85 -20958.46 3350.00 54000.00 1.0455
21400 299.61 -226.85 -20958.46 3350.00 54000.00 1.0455
21500 299.61 -226.85 -20958.46 3350.00 54000.00 1.0455
21600 299.61 -226.85 -20958.46 3350.00 54000.00 1.0455
21700 299.61 -226.85 -20958.46 3350.00 54000.00 1.0455
21800 299.61 -226.85 -20958.46 3350.00 54000.00 1.0455
21900 299.61 -226.85 -20958.46 3350.00 54000.00 1.0455
22000 299.61 -226.85 -20958.46 3350.00 54000.00 1.0455
22100 299.61 -226.85 -20958.46 3350.00 54000.00 1.0455
22200 299.61 -226.85 -20958.46 3350.00 54000.00 1.0455
22300 299.61 -226.85 -20958.46 3350.00 54000.00 1.0455
22400 299.61 -226.85 -20958.46 3350.00 54000.00 1.0455
22500 299.61 -226.85 -20958.46 3350.00 54000.00 1.0455
22600 299.61 -226.85 -20958.46 3350.00 54000.00 1.0455
22700 299.61 -226.85 -20958.46 3350.00 54000.00 1.0455
22800 299.61 -226.85 -20958.46 3350.00 54000.00 1.0455
22900 299.61 -226.85 -20958.46 3350.00 54000.00 1.0455
23000 299.61 -226.85 -20958.46 3350.00 54000.00 1.0455
23100 299.61 -226.85 -20958.46 3350.00 54000.00 1.0455
23200 299.61 -226.85 -20958.46 3350.00 54000.00 1.0455
23300 299.61 -226.85 -20958.46 3350.00 54000.00 1.0455
23400 299.61 -226.85 -20958.46 3350.00 54000.00 1.0455
23500 299.61 -226.85 -20958.46 3350.00 54000.00 1.0455
23600 299.61 -226.85 -20958.46 3350.00 54000.00 1.0455
23700 299.61 -226.85 -20958.46 3350.00 54000.00 1.0455
23800 299.61 -226.85 -20958.46 3350.00 54000.00 1.0455
23900 299.61 -226.85 -20958.46 3350.00 54000.00 1.0455
24000 299.61 -226.85 -20958.46 3350.00 54000.00 1.0455
24100 299.61 -226.85 -20958.46 3350.00 54000.00 1.0455
24200 299.61 -226.85 -20958.46 3350.00 54000.00 1.0455
24300 299.61 -226.85 -20958.46 3350.00 54000.00 1.0455
24400 299.61 -226.85 -20958.46 3350.00 54000.00 1.0455
24500 299.61 -226.85 -20958.46 3350.00 54000.00 1.0455
24600 299.61 -226.85 -20958.46 3350.00 54000.00 1.0455
24700 299.61 -226.85 -20958.46 3350.00 54000.00 1.0455
24800 299.61 -226.85 -20958.46 3350.00 54000.00 1.0455
24900 299.61 -226.85 -20958.46 3350.00 54000.00 1.0455
25000 299.61 -226.85 -20958.46 3350.00 54000.00 1.0455
25100 299.61 -226.85 -20958.46 3350.00 54000.00 1.0455
25200 299.61 -226.85 -20958.46 3350.00 54000.00 1.0455
25300 299.61 -226.85 -20958.46 3350.00 54000.00 1.0455
25400 299.61 -226.85 -20958.46 3350.00 54000.00 1.0455
25500 299.61 -226.85 -20958.46 3350.00 54000.00 1.0455
25600 299.61 -226.85 -20958.46 3350.00 54000.00 1.0455
25700 299.61 -226.85 -20958.46 3350.00 54000.00 1.0455
25800 299.61 -226.85 -20958.46 3350.00 54000.00 1.0455
25900 299.61 -226.85 -20958.46 3350.00 54000.00 1.0455
26000 299.61 -226.85 -20958.46 3350.00 54000.00 1.0455
26100 299.61 -226.85 -20958.46 3350.00 54000.00 1.0455
26200 299.61 -226.85 -20958.46 3350.00 54000.00 1.0455
26300 299.61 -226.85 -20958.46 3350.00 54000.00 1.0455
26400 299.61 -226.85 -20958.46 3350.00 54000.00 1.0455
26500 299.61 -226.85 -20958.46 3350.00 54000.00 1.0455
26600 299.61 -226.85 -20958.46 3350.00 54000.00 1.0455
26700 299.61 -226.85 -20958.46 3350.00 54000.00 1.0455
26800 299.61 -226.85 -20958.46 3350.00 54000.00 1.0455
26900 299.61 -226.85 -20958.46 3350.00 54000.00 1.0455
27000 299.61 -226.85 -20958.46 3350.00 54000.00 1.0455
27100 299.61 -226.85 -20958.46 3350.00 54000.00 1.0455
27200 299.61 -226.85 -20958.46 3350.00 54000.00 1.0455
27300 299.61 -226.85 -20958.46 3350.00 54000.00 1.0455
27400 299.61 -226.85 -20958.46 3350.00 54000.00 1.0455
27500 299.61 -226.85 -20958.46 3350.00 54000.00 1.0455
27600 299.61 -226.85 -20958.46 3350.00 54000.00 1.0455
27700 299.61 -226.85 -20958.46 3350.00 54000.00 1.0455
27800 299.61 -226.85 -20958.46 3350.00 54000.00 1.0455
27900 299.61 -226.85 -20958.46 3350.00 54000.00 1.0455
28000 299.61 -226.85 -20958.46 3350.00 54000.00 1.0455
28100 299.61 -226.85 -20958.46 3350.00 54000.00 1.0455
28200 299.61 -226.85 -20958.46 3350.00 54000.00 1.0455
28300 299.61 -226.85 -20958.46 3350.00 54000.00 1.0455
28400 299.61 -226.85 -20958.46 3350.00 54000.00 1.0455
28500 299.61 -226.85 -20958.46 3350.00 54000.00 1.0455
28600 299.61 -226.85 -20958.46 3350.00 54000.00 1.0455
28700 299.61 -226.85 -20958.46 3350.00 54000.00 1.0455
28800 299.61 -226.85 -20958.46 3350.00 54000.00 1.0455
28900 299.61 -226.85 -20958.46 3350.00 54000.00 1.0455
29000 299.61 -226.85 -20958.46 3350.00 54000.00 1.0455
29100 299.61 -226.85 -20958.46 3350.00 54000.00 1.0455
29200 299.61 -226.85 -20958.46 3350.00 54000.00 1.0455
29300 299.61 -226.85 -20958.46 3350.00 54000.00 1.0455
29400 299.61 -226.85 -20958.46 3350.00 54000.00 1.0455
29500 299.61 -226.85 -20958.46 3350.00 54000.00 1.0455
29600 299.61 -226.85 -20958.46 3350.00 54000.00 1.0455
29700 299.61 -226.85 -20958.46 3350.00 54000.00 1.0455
29800 299.61 -226.85 -20958.46 3350.00 54000.00 1.0455
29900 299.61 -226.85 -20958.46 3350.00 54000.00 1.0455
30000 299.61 -226.85 -20958.46 3350.00 54000.00 1.0455
30100 299.61 -226.85 -20958.46 3350.00 54000.00 1.0455
30200 299.61 -226.85 -20958.46 3350.00 54000.00 1.0455
30300 299.61 -226.85 -20958.46 3350.00 54000.00 1.0455
30400 299.61 -226.85 -20958.46 3350.00 54000.00 1.0455
30500 299.61 -226.85 -20958.46 3350.00 54000.00 1.0455
30600 299.61 -226.85 -20958.46 3350.00 54000.00 1.0455
30700 299.61 -226.85 -20958.46 3350.00 54000.00 1.0455
30800 299.61 -226.85 -20958.46 3350.00 54000.00 1.0455
30900 299.61 -226.85 -20958.46 3350.00 54000.00 1.0455
31000 299.61 -226.85 -20958.46 3350.00 54000.00 1.0455
31100 299.61 -226.85 -20958.46 3350.00 54000.00 1.0455
31200 299.61 -226.85 -20958.46 3350.00 54000.00 1.0455
31300 299.61 -226.85 -20958.46 3350.00 54000.00 1.0455
31400 299.61 -226.85 -20958.46 3350.00 54000.00 1.0455
31500 299.61 -226.85 -20958.46 3350.00 54000.00 1.0455
31600 299.61 -226.85 -20958.46 3350.00 54000.00 1.0455
31700 299.61 -226.85 -20958.46 3350.00 54000.00 1.0455
31800 299.61 -226.85 -20958.46 3350.00 54000.00 1.0455
31900 299.61 -226.85 -20958.46 3350.00 54000.00 1.0455
32000 299.61 -226.85 -20958.46 3350.00 54000.00 1.0455
32100 299.61 -226.85 -20958.46 3350.00 54000.00 1.0455
32200 299.61 -226.85 -20958.46 3350.00 54000.00 1.0455
32300 299.61 -226.85 -20958.46 3350.00 54000.00 1.0455
32400 299.61 -226.85 -20958.46 3350.00 54000.00 1.0455
32500 299.61 -226.85 -20958.46 3350.00 54000.00 1.0455
32600 299.61 -226.85 -20958.46 3350.00 54000.00 1.0455
32700 299.61 -226.85 -20958.46 3350.00 54000.00 1.0455
32800 299.61 -226.85 -20958.46 3350.00 54000.00 1.0455
32900 299.61 -226.85 -20958.46 3350.00 54000.00 1.0455
33000 299.61 -226.85 -20958.46 3350.00 54000.00 1.0455
33100 299.61 -226.85 -20958.46 3350.00 54000.00 1.0455
33200 299.61 -226.85 -20958.46 3350.00 54000.00 1.0455
33300 299.61 -226.85 -20958.46 3350.00 54000.00 1.0455
33400 299.61 -226.85 -20958.46 3350.00 54000.00 1.0455
33500 299.61 -226.85 -20958.46 3350.00 54000.00 1.0455
33600 299.61 -226.85 -20958.46 3350.00 54000.00 1.0455
33700 299.61 -226.85 -20958.46 3350.00 54000.00 1.0455
33800 299.61 -226.85 -20958.46 3350.00 54000.00 1.0455
33900 299.61 -226.85 -20958.46 3350.00 54000.00 1.0455
34000 299.61 -226.85 -20958.46 3350.00 54000.00 1.0455
34100 299.61 -226.85 -20958.46 3350.00 54000.00 1.0455
34200 299.61 -226.85 -20958.46 3350.00 54000.00 1.0455
34300 299.61 -226.85 -20958.46 3350.00 54000.00 1.0455
34400 299.61 -226.85 -20958.46 3350.00 54000.00 1.0455
34500 299.61 -226.85 -20958.46 3350.00 54000.00 1.0455
34600 299.61 -226.85 -20958.46 3350.00 54000.00 1.0455
34700 299.61 -226.85 -20958.46 3350.00 54000.00 1.0455
34800 299.61 -226.85 -20958.46 3350.00 54000.00 1.0455
34900 299.61 -226.85 -20958.46 3350.00 54000.00 1.0455
35000 299.61 -226.85 -20958.46 3350.00 54000.00 1.0455
35100 299.61 -226.85 -20958.46 3350.00 54000.00 1.0455
35200 299.61 -226.85 -20958.46 3350.00 54000.00 1.0455
35300 299.61 -226.85 -20958.46 3350.00 54000.00 1.0455
35400 299.61 -226.85 -20958.46 3350.00 54000.00 1.0455
35500 299.61 -226.85 -20958.46 3350.00 54000.00 1.0455
35600 299.61 -226.85 -20958.46 3350.00 54000.00 1.0455
35700 299.61 -226.85 -20958.46 3350.00 54000.00 1.0455
35800 299.61 -226.85 -20958.46 3350.00 54000.00 1.0455
35900 299.61 -226.85 -20958.46 3350.00 54000.00 1.0455
36000 299.61 -226.85 -20958.46 3350.00 54000.00 1.0455
36100 299.61 -226.85 -20958.46 3350.00 54000.00 1.0455
36200 299.61 -226.85 -20958.46 3350.00 54000.00 1.0455
36300 299.61 -226.85 -20958.46 3350.00 54000.00 1.0455
36400 299.61 -226.85 -20958.46 3350.00 54000.00 1.0455
36500 299.61 -226.85 -20958.46 3350.00 54000.00 1.0455
36600 299.61 -226.85 -20958.46 3350.00 54000.00 1.0455
36700 299.61 -226.85 -20958.46 3350.00 54000.00 1.0455
36800 299.61 -226.85 -20958.46 3350.00 54000.00 1.0455
36900 299.61 -226.85 -20958.46 3350.00 54000.00 1.0455
37000 299.61 -226.85 -20958.46 3350.00 54000.00 1.0455
37100 299.61 -226.85 -20958.46 3350.00 54000.00 1.0455
37200 299.61 -226.85 -20958.46 3350.00 54000.00 1.0455
37300 299.61 -226.85 -20958.46 3350.00 54000.00 1.0455
37400 299.61 -226.85 -20958.46 3350.00 54000.00 1.0455
37500 299.61 -226.85 -20958.46 3350.00 54000.00 1.0455
37600 299.61 -226.85 -20958.46 3350.00 54000.00 1.0455
37700 299.61 -226.85 -20958.46 3350.00 54000.00 1.0455
37800 299.61 -226.85 -20958.46 3350.00 54000.00 1.0455
37900 299.61 -226.85 -20958.46 3350.00 54000.00 1.0455
38000 299.61 -226.85 -20958.46 3350.00 54000.00 1.0455
38100 299.61 -226.85 -20958.46 3350.00 54000.00 1.0455
38200 299.61 -226.85 -20958.46 3350.00 54000.00 1.0455
38300 299.61 -226.85 -20958.46 3350.00 54000.00 1.0455
38400 299.61 -226.85 -20958.46 3350.00 54000.00 1.0455
38500 299.61 -226.85 -20958.46 3350.00 54000.00 1.0455
38600 299.61 -226.85 -20958.46 3350.00 54000.00 1.0455
38700 299.61 -226.85 -20958.46 3350.00 54000.00 1.0455
38800 299.61 -226.85 -20958.46 3350.00 54000.00 1.0455
38900 299.61 -226.85 -20958.46 3350.00 54000.00 1.0455
39000 299.61 -226.85 -20958.46 3350.00 54000.00 1.0455
39100 299.61 -226.85 -20958.46 3350.00 54000.00 1.0455
39200 299.61 -226.85 -20958.46 3350.00 54000.00 1.0455
39300 299.61 -226.85 -20958.46 3350.00 54000.00 1.0455
39400 299.61 -226.85 -20958.46 3350.00 54000.00 1.0455
39500 299.61 -226.85 -20958.46 3350.00 54000.00 1.0455
39600 299.61 -226.85 -20958.46 3350.00 54000.00 1.0455
39700 299.61 -226.85 -20958.46 3350.00 54000.00 1.0455
39800 299.61 -226.85 -20958.46 3350.00 54000.00 1.0455
39900 299.61 -226.85 -20958.46 3350.00 54000.00 1.0455
40000 299.61 -226.85 -20958.46 3350.00 54000.00 1.0455
40100 299.61 -226.85 -20958.46 3350.00 54000.00 1.0455
40200 299.61 -226.85 -20958.46 3350.00 54000.00 1.0455
40300 299.61 -226.85 -20958.46 3350.00 54000.00 1.0455
40400 299.61 -226.85 -20958.46 3350.00 54000.00 1.0455
40500 299.61 -226.85 -20958.46 3350.00 54000.00 1.0455
40600 299.61 -226.85 -20958.46 3350.00 54000.00 1.0455
40700 299.61 -226.85 -20958.46 3350.00 54000.00 1.0455
40800 299.61 -226.85 -20958.46 3350.00 54000.00 1.0455
40900 299.61 -226.85 -20958.46 3350.00 54000.00 1.0455
41000 299.61 -226.85 -20958.46 3350.00 54000.00 1.0455
41100 299.61 -226.85 -20958.46 3350.00 54000.00 1.0455
41200 299.61 -226.85 -20958.46 3350.00 54000.00 1.0455
41300 299.61 -226.85 -20958.46 3350.00 54000.00 1.0455
41400 299.61 -226.85 -20958.46 3350.00 54000.00 1.0455
41500 299.61 -226.85 -20958.46 3350.00 54000.00 1.0455
41600 299.61 -226.85 -20958.46 3350.00 54000.00 1.0455
41700 299.61 -226.85 -20958.46 3350.00 54000.00 1.0455
41800 299.61 -226.85 -20958.46 3350.00 54000.00 1.0455
41900 299.61 -226.85 -20958.46 3350.00 54000.00 1.0455
42000 299.61 -226.85 -20958.46 3350.00 54000.00 1.0455
42100 299.61 -226.85 -20958.46 3350.00 54000.00 1.0455
42200 299.61 -226.85 -20958.46 3350.00 54000.00 1.0455
42300 299.61 -226.85 -20958.46 3350.00 54000.00 1.0455
42400 299.61 -226.85 -20958.46 3350.00 54000.00 1.0455
42500 299.61 -226.85 -20958.46 3350.00 54000.00 1.0455
42600 299.61 -226.85 -20958.46 3350.00 54000.00 1.0455
42700 299.61 -226.85 -20958.46 3350.00 54000.00 1.0455
42800 299.61 -226.85 -20958.46 3350.00 54000.00 1.0455
42900 299.61 -226.85 -20958.46 3350.00 54000.00 1.0455
43000 299.61 -226.85 -20958.46 3350.00 54000.00 1.0455
43100 299.61 -226.85 -20958.46 3350.00 54000.00 1.0455
43200 299.61 -226.85 -20958.46 3350.00 54000.00 1.0455
43300 299.61 -226.85 -20958.46 3350.00 54000.00 1.0455
43400 299.61 -226.85 -20958.46 3350.00 54000.00 1.0455
43500 299.61 -226.85 -20958.46 3350.00 54000.00 1.0455
43600 299.61 -226.85 -20958.46 3350.00 54000.00 1.0455
43700 299.61 -226.85 -20958.46 3350.00 54000.00 1.0455
43800 299.61 -226.85 -20958.46 3350.00 54000.00 1.0455
43900 299.61 -226.85 -20958.46 3350.00 54000.00 1.0455
44000 299.61 -226.85 -20958.46 3350.00 54000.00 1.0455
44100 299.61 -226.85 -20958.46 3350.00 54000.00 1.0455
44200 299.61 -226.85 -20958.46 3350.00 54000.00 1.0455
44300 299.61 -226.85 -20958.46 3350.00 54000.00 1.0455
44400 299.61 -226.85 -20958.46 3350.00 54000.00 1.0455
44500 299.61 -226.85 -20958.46 3350.00 54000.00 1.0455
44600 299.61 -226.85 -20958.46 3350.00 54000.00 1.0455
44700 299.61 -226.85 -20958.46 3350.00 54000.00 1.0455
44800 299.61 -226.85 -20958.46 3350.00 54000.00 1.0455
44900 299.61 -226.85 -20958.46 3350.00 54000.00 1.0455
45000 299.61 -226.85 -20958.46 3350.00 54000.00 1.0455
45100 299.61 -226.85 -20958.46 3350.00 54000.00 1.0455
45200 299.61 -226.85 -20958.46 3350.00 54000.00 1.0455
45300 299.61 -226.85 -20958.46 3350.00 54000.00 1.0455
45400 299.61 -226.85 -20958.46 3350.00 54000.00 1.0455
45500 299.61 -226.85 -20958.46 3350.00 54000.00 1.0455
45600 299.61 -226.85 -20958.46 3350.00 54000.00 1.0455
45700 299.61 -226.85 -20958.46 3350.00 54000.00 1.0455
45800 299.61 -226.85 -20958.46 3350.00 54000.00 1.0455
45900 299.61 -226.85 -20958.46 3350.00 54000.00 1.0455
46000 299.61 -226.85 -20958.46 3350.00 54000.00 1.0455
46100 299.61 -226.85 -20958.46 3350.00 54000.00 1.0455
46200 299.61 -226.85 -20958.46 3350.00 54000.00 1.0455
46300 299.61 -226.85 -20958.46 3350.00 54000.00 1.0455
46400 299.61 -226.85 -20958.46 3350.00 54000.00 1.0455
46500 299.61 -226.85 -20958.46 3350.00 54000.00 1.0455
46600 299.61 -226.85 -20958.46 3350.00 54000.00 1.0455
46700 299.61 -226.85 -20958.46 3350.00 54000.00 1.0455
46800 299.61 -226.85 -20958.46 3350.00 54000.00 1.0455
46900 299.61 -226.85 -20958.46 3350.00 54000.00 1.0455
47000 299.61 -226.85 -20958.46 3350.00 54000.00 1.0455
47100 299.61 -226.85 -20958.46 3350.00 54000.00 1.0455
47200 299.61 -226.85 -20958.46 3350.00 54000.00 1.0455
47300 299.61 -226.85 -20958.46 3350.00 54000.00 1.0455
47400 299.61 -226.85 -20958.46 3350.00 54000.00 1.0455
47500 299.61 -226.85 -20958.46 3350.00 54000.00 1.0455
47600 299.61 -226.85 -20958.46 3350.00 54000.00 1.0455
47700 299.61 -226.85 -20958.46 3350.00 54000.00 1.0455
47800 299.61 -226.85 -20958.46 3350.00 54000.00 1.0455
47900 299.61 -226.85 -20958.46 3350.00 54000.00 1.0455
48000 299.61 -226.85 -20958.46 3350.00 54000.00 1.0455
48100 299.61 -226.85 -20958.46 3350.00 54000.00 1.0455
48200 299.61 -226.85 -20958.46 3350.00 54000.00 1.0455
48300 299.61 -226.85 -20958.46 3350.00 54000.00 1.0455
48400 299.61 -226.85 -20958.46 3350.00 54000.00 1.0455
48500 299.61 -226.85 -20958.46 3350.00 54000.00 1.0455
48600 299.61 -226.85 -20958.46 3350.00 54000.00 1.0455
48700 299.61 -226.85 -20958.46 3350.00 54000.00 1.0455
48800 299.61 -226.85 -20958.46 3350.00 54000.00 1.0455
48900 299.61 -226.85 -20958.46 3350.00 54000.00 1.0455
49000 299.61 -226.85 -20958.46 3350.00 54000.00 1.0455
49100 299.61 -226.85 -20958.46 3350.00 54000.00 1.0455
49200 299.61 -226.85 -20958.46 3350.00 54000.00 1.0455
49300 299.61 -226.85 -20958.46 3350.00 54000.00 1.0455
49400 299.61 -226.85 -20958.46 3350.00 54000.00 1.0455
49500 299.61 -226.85 -20958.46 3350.00 54000.00 1.0455
49600 299.61 -226.85 -20958.46 3350.00 54000.00 1.0455
49700 299.61 -226.85 -20958.46 3350.00 54000.00 1.0455
49800 299.61 -226.85 -20958.46 3350.00 54000.00 1.0455
49900 299.61 -226.85 -20958.46 3350.00 54000.00 1.0455
50000 299.61 -226.85 -20958.46 3350.00 54000.00 1.0455
50100 299.61 -226.85 -20958.46 3350.00 54000.00 1.0455
50200 299.61 -226.85 -20958.46 3350.00 54000.00 1.0455
50300 299.61 -226.85 -20958.46 3350.00 54000.00 1.0455
50400 299.61 -226.85 -20958.46 3350.00 54000.00 1.0455
50500 299.61 -226.85 -20958.46 3350.00 54000.00 1.0455
50600 299.61 -226.85 -20958.46 3350.00 54000.00 1.0455
50700 299.61 -226.85 -20958.46 3350.00 54000.00 1.0455
50800 299.61 -226.85 -20958.46 3350.00 54000.00 1.0455
50900 299.61 -226.85 -20958.46 3350.00 54000.00 1.0455
51000 299.61 -226.85 -20958.46 3350.00 54000.00 1.0455
51100 299.61 -226.85 -20958.46 3350.00 54000.00 1.0455
51200 299.61 -226.85 -20958.46 3350.00 54000.00 1.0455
51300 299.61 -226.85 -20958.46 3350.00 54000.00 1.0455
51400 299.61 -226.85 -20958.46 3350.00 54000.00 1.0455
51500 299.61 -226.85 -20958.46 3350.00 54000.00 1.0455
51600 299.61 -226.85 -20958.46 3350.00 54000.00 1.0455
51700 299.61 -226.85 -20958.46 3350.00 54000.00 1.0455
51800 299.61 -226.85 -20958.46 3350.00 54000.00 1.0455
51900 299.61 -226.85 -20958.46 3350.00 54000.00 1.0455
52000 299.61 -226.85 -20958.46 3350.00 54000.00 1.0455
52100 299.61 -226.85 -20958.46 3350.00 54000.00 1.0455
52200 299.61 -226.85 -20958.46 3350.00 54000.00 1.0455
52300 299.61 -226.85 -20958.46 3350.00 54000.00 1.0455
52400 299.61 -226.85 -20958.46 3350.00 54000.00 1.0455
52500 299.61 -226.85 -20958.46 3350.00 54000.00 1.0455
52600 299.61 -226.85 -20958.46 3350.00 54000.00 1.0455
52700 299.61 -226.85 -20958.46 3350.00 54000.00 1.0455
52800 299.61 -226.85 -20958.46 3350.00 54000.00 1.0455
52900 299.61 -226.85 -20958.46 3350.00 54000.00 1.0455
53000 299.61 -226.85 -20958.46 3350.00 54000.00 1.0455
53100 299.61 -226.85 -20958.46 3350.00 54000.00 1.0455
53200 299.61 -226.85 -20958.46 3350.00 54000.00 1.0455
53300 299.61 -226.85 -20958.46 3350.00 54000.00 1.0455
53400 299.61 -226.85 -20958.46 3350.00 54000.00 1.0455
53500 299.61 -226.85 -20958.46 3350.00 54000.00 1.0455
53600 299.61 -226.85 -20958.46 3350.00 54000.00 1.0455
53700 299.61 -226.85 -20958.46 3350.00 54000.00 1.0455
53800 299.61 -226.85 -20958.46 3350.00 54000.00 1.0455
53900 299.61 -226.85 -20958.46 3350.00 54000.00 1.0455
54000 299.61 -226.85 -20958.46 3350.00 54000.00 1.0455
54100 299.61 -226.85 -20958.46 3350.00 54000.00 1.0455
54200 299.61 -226.85 -20958.46 3350.00 54000.00 1.0455
54300 299.61 -226.85 -20958.46 3350.00 54000.00 1.0455
54400 299.61 -226.85 -20958.46 3350.00 54000.00 1.0455
54500 299.61 -226.85 -20958.46 3350.00 54000.00 1.0455
54600 299.61 -226.85 -20958.46 3350.00 54000.00 1.0455
54700 299.61 -226.85 -20958.46 3350.00 54000.00 1.0455
54800 299.61 -226.85 -20958.46 3350.00 54000.00 1.0455
54900 299.61 -226.85 -20958.46 3350.00 54000.00 1.0455
55000 299.61 -226.85 -20958.46 3350.00 54000.00 1.0455
55100 299.61 -226.85 -20958.46 3350.00 54000.00 1.0455
55200 299.61 -226.85 -20958.46 3350.00 54000.00 1.0455
55300 299.61 -226.85 -20958.46 3350.00 54000.00 1.0455
55400 299.61 -226.85 -20958.46 3350.00 54000.00 1.0455
55500 299.61 -226.85 -20958.46 3350.00 54000.00 1.0455
55600 299.61 -226.85 -20958.46 3350.00 54000.00 1.0455
55700 299.61 -226.85 -20958.46 3350.00 54000.00 1.0455
55800 299.61 -226.85 -20958.46 3350.00 54000.00 1.0455
55900 299.61 -226.85 -20958.46 3350.00 54000.00 1.0455
56000 299.61 -226.85 -20958.46 3350.00 54000.00 1.0455
56100 299.61 -226.85 -20958.46 3350.00 54000.00 1.0455
56200 299.61 -226.85 -20958.46 3350.00 54000.00 1.0455
56300 299.61 -226.85 -20958.46 3350.00 54000.00 1.0455
56400 299.61 -226.85 -20958.46 3350.00 54000.00 1.0455
56500 299.61 -226.85 -20958.46 3350.00 54000.00 1.0455
56600 299.61 -226.85 -20958.46 3350.00 54000.00 1.0455
56700 299.61 -226.85 -20958.46 3350.00 54000.00 1.0455
56800 299.61 -226.85 -20958.46 3350.00 54000.00 1.0455
56900 299.61 -226.85 -20958.46 3350.00 54000.00 1.0455
57000 299.61 -226.85 -20958.46 3350.00 54000.00 1.0455
57100 299.61 -226.85 -20958.46 3350.00 54000.00 1.0455
57200 299.61 -226.85 -20958.46 3350.00 54000.00 1.0455
57300 299.61 -226.85 -20958.46 3350.00 54000.00 1.0455
57400 299.61 -226.85 -20958.46 3350.00 54000.00 1.0455
57500 299.61 -226.85 -20958.46 3350.00 54000.00 1.0455
57600 299.61 -226.85 -20958.46 3350.00 54000.00 1.0455
57700 299.61 -226.85 -20958.46 3350.00 54000.00 1.0455
57800 299.61 -226.85 -20958.46 3350.00 54000.00 1.0455
57900 299.61 -226.85 -20958.46 3350.00 54000.00 1.0455
58000 299.61 -226.85 -20958.46 3350.00 54000.00 1.0455
58100 299.61 -226.85 -20958.46 3350.00 54000.00 1.0455
58200 299.61 -226.85 -20958.46 3350.00 54000.00 1.0455
58300 299.61 -226.85 -20958.46 3350.00 54000.00 1.0455
58400 299.61 -226.85 -20958.46 3350.00 54000.00 1.0455
58500 299.61 -226.85 -20958.46 3350.00 54000.00 1.0455
58600 299.61 -226.85 -20958.46 3350.00 54000.00 1.0455
58700 299.61 -226.85 -20958.46 3350.00 54000.00 1.0455
58800 299.61 -226.85 -20958.46 3350.00 54000.00 1.0455
58900 299.61 -226.85 -20958.46 3350.00 54000.00 1.0455
59000 299.61 -226.85 -20958.46 3350.00 54000.00 1.0455
59100 299.61 -226.85 -20958.46 3350.00 54000.00 1.0455
59200 299.61 -226.85 -20958.46 3350.00 54000.00 1.0455
59300 299.61 -226.85 -20958.46 3350.00 54000.00 1.0455
59400 299.61 -226.85 -20958.46 3350.00 54000.00 1.0455
59500 299.61 -226.85 -20958.46 3350.00 54000.00 1.0455
59600 299.61 -226.85 -20958.46 3350.00 54000.00 1.0455
59700 299.61 -226.85 -20958.46 3350.00 54000.00 1.0455
59800 299.61 -226.85 -20958.46 3350.00 54000.00 1.0455
59900 299.61 -226.85 -20958.46 3350.00 54000.00 1.0455
60000 299.61 -226.85 -20958.46 3350.00 54000.00 1.0455
60100 299.61 -226.85 -20958.46 3350.00 54000.00 1.0455
60200 299.61 -226.85 -20958.46 3350.00 54000.00 1.0455
60300 299.61 -226.85 -20958.46 3350.00 54000.00 1.0455
60400 299.61 -226.85 -20958.46 3350.00 54000.00 1.0455
60500 299.61 -226.85 -20958.46 3350.00 54000.00 1.0455
60600 299.61 -226.85 -20958.46 3350.00 54000.00 1.0455
60700 299.61 -226.85 -20958.46 3350.00 54000.00 1.0455
60800 299.61 -226.85 -20958.46 3350.00 54000.00 1.0455
60900 299.61 -226.85 -20958.46 3350.00 54000.00 1.0455
61000 299.61 -226.85 -20958.46 3350.00 54000.00 1.0455
61100 299.61 -226.85 -20958.46 3350.00 54000.00 1.0455
61200 299.61 -226.85 -20958.46 3350.00 54000.00 1.0455
61300 299.61 -226.85 -20958.46 3350.00 54000.00 1.0455
61400 299.61 -226.85 -20958.46 3350.00 54000.00 1.0455
61500 299.61 -226.85 -20958.46 3350.00 54000.00 1.0455
61600 299.61 -226.85 -20958.46 3350.00 54000.00 1.0455
61700 299.61 -226.85 -20958.46 3350.00 54000.00 1.0455
61800 299.61 -226.85 -20958.46 3350.00 54000.00 1.0455
61900 299.61 -226.85 -20958.46 3350.00 54000.00 1.0455
62000 299.61 -226.85 -20958.46 3350.00 54000.00 1.0455
62100 299.61 -226.85 -20958.46 3350.00 54000.00 1.0455
62200 299.61 -226.85 -20958.46 3350.00 54000.00 1.0455
62300 299.61 -226.85 -20958.46 3350.00 54000.00 1.0455
62400 299.61 -226.85 -20958.46 3350.00 54000.00 1.0455
62500 299.61 -226.85 -20958.46 3350.00 54000.00 1.0455
62600 299.61 -226.85 -20958.46 3350.00 54000.00 1.0455
62700 299.61 -226.85 -20958.46 3350.00 54000.00 1.0455
62800 299.61 -226.85 -20958.46 3350.00 54000.00 1.0455
62900 299.61 -226.85 -20958.46 3350.00 54000.00 1.0455
63000 299.61 -226.85 -20958.46 3350.00 54000.00 1.0455
63100 299.61 -226.85 -20958.46 3350.00 54000.00 1.0455
63200 299.61 -226.85 -20958.46 3350.00 54000.00 1.0455
63300 299.61 -226.85 -20958.46 3350.00 54000.00 1.0455
63400 299.61 -226.85 -20958.46 3350.00 54000.00 1.0455
63500 299.61 -226.85 -20958.46 3350.00 54000.00 1.0455
63600 299.61 -226.85 -20958.46 3350.00 54000.00 1.0455
63700 299.61 -226.85 -20958.46 3350.00 54000.00 1.0455
63800 299.61 -226.85 -20958.46 3350.00 54000.00 1.0455
63900 299.61 -226.85 -20958.46 3350.00 54000.00 1.0455
64000 299.61 -226.85 -20958.46 3350.00 54000.00 1.0455
64100 299.61 -226.85 -20958.46 3350.00 54000.00 1.0455
64200 299.61 -226.85 -20958.46 3350.00 54000.00 1.0455
64300 299.61 -226.85 -20958.46 3350.00 54000.00 1.0455
64400 299.61 -226.85 -20958.46 3350.00 54000.00 1.0455
64500 299.61 -226.85 -20958.46 3350.00 54000.00 1.0455
64600 299.61 -226.85 -20958.46 3350.00 54000.00 1.0455
64700 299.61 -226.85 -20958.46 3350.00 54000.00 1.0455
64800 299.61 -226.85 -20958.46 3350.00 54000.00 1.0455
64900 299.61 -226.85 -20958.46 3350.00 54000.00 1.0455
65000 299.61 -226.85 -20958.46 3350.00 54000.00 1.0455
65100 299.61 -226.85 -20958.46 3350.00 54000.00 1.0455
65200 299.61 -226.85 -20958.46 3350.00 54000.00 1.0455
65300 299.61 -226.85 -20958.46 3350.00 54000.00 1.0455
65400 299.61 -226.85 -20958.46 3350.00 54000.00 1.0455
65500 299.61 -226.85 -20958.46 3350.00 54000.00 1.0455
65600 299.61 -226.85 -20958.46 3350.00 54000.00 1.0455
65700 299.61 -226.85 -20958.46 3350.00 54000.00 1.0455
65800 299.61 -226.85 -20958.46 3350.00 54000.00 1.0455
65900 299.61 -226.85 -20958.46 3350.00 54000.00 1.0455
66000 299.61 -226.85 -20958.46 3350.00 54000.00 1.0455
66100 299.61 -226.85 -20958.46 3350.00 54000.00 1.0455
66200 299.61 -226.85 -20958.46 3350.00 54000.00 1.0455
66300 299.61 -226.85 -20958.46 3350.00 54000.00 1.0455
66400 299.61 -226.85 -20958.46 3350.00 54000.00 1.0455
66500 299.61 -226.85 -20958.46 3350.00 54000.00 1.0455
66600 299.61 -226.85 -20958.46 3350.00 54000.00 1.0455
66700 299.61 -226.85 -20958.46 3350.00 54000.00 1.0455
66800 299.61 -226.85 -20958.46 3350.00 54000.00 1.0455
66900 299.61 -226.85 -20958.46 3350.00 54000.00 1.0455
67000 299.61 -226.85 -20958.46 3350.00 54000.00 1.0455
67100 299.61 -226.85 -20958.46 3350.00 54000.00 1.0455
67200 299.61 -226.85 -20958.46 3350.00 54000.00 1.0455
67300 299.61 -226.85 -20958.46 3350.00 54000.00 1.0455
67400 299.61 -226.85 -20958.46 3350.00 54000.00 1.0455
67500 299.61 -226.85 -20958.46 3350.00 54000.00 1.0455
67600 299.61 -226.85 -20958.46 3350.00 54000.00 1.0455
67700 299.61 -226.85 -20958.46 3350.00 54000.00 1.0455
67800 299.61 -226.85 -20958.46 3350.00 54000.00 1.0455
67900 299.61 -226.85 -20958.46 3350.00 54000.00 1.0455
68000 299.61 -226.85 -20958.46 3350.00 54000.00 1.0455
68100 299.61 -226.85 -20958.46 3350.00 54000.00 1.0455
68200 299.61 -226.85 -20958.46 3350.00 54000.00 1.0455
68300 299.61 -226.85 -20958.46 3350.00 54000.00 1.0455
68400 299.61 -226.85 -20958.46 3350.00 54000.00 1.0455
68500 299.61 -226.85 -20958.46 3350.00 54000.00 1.0455
68600 299.61 -226.85 -20958.46 3350.00 54000.00 1.0455
68700 299.61 -226.85 -20958.46 3350.00 54000.00 1.0455
68800 299.61 -226.85 -20958.46 3350.00 54000.00 1.0455
68900 299.61 -226.85 -20958.46 3350.00 54000.00 1.0455
69000 299.61 -226.85 -20958.46 3350.00 54000.00 1.0455
69100 299.61 -226.85 -20958.46 3350.00 54000.00 1.0455
69200 299.61 -226.85 -20958.46 3350.00 54000.00 1.0455
69300 299.61 -226.85 -20958.46 3350.00 54000.00 1.0455
69400 299.61 -226.85 -20958.46 3350.00 54000.00 1.0455
69500 299.61 -226.85 -20958.46 3350.00 54000.00 1.0455
69600 299.61 -226.85 -20958.46 3350.00 54000.00 1.0455
69700 299.61 -226.85 -20958.46 3350.00 54000.00 1.0455
69800 299.61 -226.85 -20958.46 3350.00 54000.00 1.0455
69900 299.61 -226.85 -20958.46 3350.00 54000.00 1.0455
70000 299.61 -226.85 -20958.46 3350.00 54000.00 1.0455
70100 299.61 -226.85 -20958.46 3350.00 54000.00 1.0455
70200 299.61 -226.85 -20958.46 3350.00 54000.00 1.0455
70300 299.61 -226.85 -20958.46 3350.00 54000.00 1.0455
70400 299.61 -226.85 -20958.46 3350.00 54000.00 1.0455
70500 299.61 -226.85 -20958.46 3350.00 54000.00 1.0455
70600 299.61 -226.85 -20958.46 3350.00 54000.00 1.0455
70700 299.61 -226.85 -20958.46 3350.00 54000.00 1.0455
70800 299.61 -226.85 -20958.46 3350.00 54000.00 1.0455
70900 299.61 -226.85 -20958.46 3350.00 54000.00 1.0455
71000 299.61 -226.85 -20958.46 3350.00 54000.00 1.0455
71100 299.61 -226.85 -20958.46 3350.00 54000.00 1.0455
71200 299.61 -226.85 -20958.46 3350.00 54000.00 1.0455
71300 299.61 -226.85 -20958.46 3350.00 54000.00 1.0455
71400 299.61 -226.85 -20958.46 3350.00 54000.00 1.0455
71500 299.61 -226.85 -20958.46 3350.00 54000.00 1.0455
71600 299.61 -226.85 -20958.46 3350.00 54000.00 1.0455
71700 299.61 -226.85 -20958.46 3350.00 54000.00 1.0455
71800 299.61 -226.85 -20958.46 3350.00 54000.00 1.0455
71900 299.61 -226.85 -20958.46 3350.00 54000.00 1.0455
72000 299.61 -226.85 -20958.46 3350.00 54000.00 1.0455
72100 299.61 -226.85 -20958.46 3350.00 54000.00 1.0455
72200 299.61 -226.85 -20958.46 3350.00 54000.00 1.0455
72300 299.61 -226.85 -20958.46 3350.00 54000.00 1.0455
72400 299.61 -226.85 -20958.46 3350.00 54000.00 1.0455
72500 299.61 -226.85 -20958.46 3350.00 54000.00 1.0455
72600 299.61 -226.85 -20958.46 3350.00 54000.00 1.0455
72700 299.61 -226.85 -20958.46 3350.00 54000.00 1.0455
72800 299.61 -226.85 -20958.46 3350.00 54000.00 1.0455
72900 299.61 -226.85 -20958.46 3350.00 54000.00 1.0455
73000 299.61 -226.85 -20958.46 3350.00 54000.00 1.0455
73100 299.61 -226.85 -20958.46 3350.00 54000.00 1.0455
73200 299.61 -226.85 -20958.46 3350.00 54000.00 1.0455
73300 299.61 -226.85 -20958.46 3350.00 54000.00 1.0455
73400 299.61 -226.85 -20958.46 3350.00 54000.00 1.0455
73500 299.61 -226.85 -20958.46 3350.00 54000.00 1.0455
73600 299.61 -226.85 -20958.46 3350.00 54000.00 1.0455
73700 299.61 -226.85 -20958.46 3350.00 54000.00 1.0455
73800 299.61 -226.85 -20958.46 3350.00 54000.00 1.0455
73900 299.61 -226.85 -20958.46 3350.00 54000.00 1.0455
74000 299.61 -226.85 -20958.46 3350.00 54000.00 1.0455
74100 299.61 -226.85 -20958.46 3350.00 54000.00 1.0455
74200 299.61 -226.85 -20958.46 3350.00 54000.00 1.0455
74300 299.61 -226.85 -20958.46 3350.00 54000.00 1.0455
74400 299.61 -226.85 -20958.46 3350.00 54000.00 1.0455
74500 299.61 -226.85 -20958.46 3350.00 54000.00 1.0455
74600 299.61 -226.85 -20958.46 3350.00 54000.00 1.0455
74700 299.61 -226.85 -20958.46 3350.00 54000.00 1.0455
74800 299.61 -226.85 -20958.46 3350.00 54000.00 1.0455
74900 299.61 -226.85 -20958.46 3350.00 54000.00 1.0455
75000 299.61 -226.85 -20958.46 3350.00 54000.00 1.0455
75100 299.61 -226.85 -20958.46 3350.00 54000.00 1.0455
75200 299.61 -226.85 -20958.46 3350.00 54000.00 1.0455
75300 299.61 -226.85 -20958.46 3350.00 54000.00 1.0455
75400 299.61 -226.85 -20958.46 3350.00 54000.00 1.0455
75500 299.61 -226.85 -20958.46 3350.00 54000.00 1.0455
75600 299.61 -226.85 -20958.46 3350.00 54000.00 1.0455
75700 299.61 -226.85 -20958.46 3350.00 54000.00 1.0455
75800 299.61 -226.85 -20958.46 3350.00 54000.00 1.0455
75900 299.61 -226.85 -20958.46 3350.00 54000.00 1.0455
76000 299.61 -226.85 -20958.46 3350.00 54000.00 1.0455
76100 299.61 -226.85 -20958.46 3350.00 54000.00 1.0455
76200 299.61 -226.85 -20958.46 3350.00 54000.00 1.0455
76300 299.61 -226.85 -20958.46 3350.00 54000.00 1.0455
76400 299.61 -226.85 -20958.46 3350.00 54000.00 1.0455
76500 299.61 -226.85 -20958.46 3350.00 54000.00 1.0455
76600 299.61 -226.85 -20958.46 3350.00 54000.00 1.0455
76700 299.61 -226.85 -20958.46 3350.00 54000.00 1.0455
76800 299.61 -226.85 -20958.46 3350.00 54000.00 1.0455
76900 299.61 -226.85 -20958.46 3350.00 54000.00 1.0455
77000 299.61 -226.85 -20958.46 3350.00 54000.00 1.0455
77100 299.61 -226.85 -20958.46 3350.00 54000.00 1.0455
77200 299.61 -226.85 -20958.46 3350.00 54000.00 1.0455
77300 299.61 -226.85 -20958.46 3350.00 54000.00 1.0455
77400 299.61 -226.85 -20958.46 3350.00 54000.00 1.0455
77500 299.61 -226.85 -20958.46 3350.00 54000.00 1.0455
77600 299.61 -226.85 -20958.46 3350.00 54000.00 1.0455
77700 299.61 -226.85 -20958.46 3350.00 54000.00 1.0455
77800 299.61 -226.85 -20958.46 3350.00 54000.00 1.0455
77900 299.61 -226.85 -20958.46 3350.00 54000.00 1.0455
78000 299.61 -226.85 -20958.46 3350.00 54000.00 1.0455
78100 299.61 -226.85 -20958.46 3350.00 54000.00 1.0455
78200 299.61 -226.85 -20958.46 3350.00 54000.00 1.0455
78300 299.61 -226.85 -20958.46 3350.00 54000.00 1.0455
78400 299.61 -226.85 -20958.46 3350.00 54000.00 1.0455
78500 299.61 -226.85 -20958.46 3350.00 54000.00 1.0455
78600 299.61 -226.85 -20958.46 3350.00 54000.00 1.0455
78700 299.61 -226.85 -20958.46 3350.00 54000.00 1.0455
78800 299.61 -226.85 -20958.46 3350.00 54000.00 1.0455
78900 299.61 -226.85 -20958.46 3350.00 54000.00 1.0455
79000 299.61 -226.85 -20958.46 3350.00 54000.00 1.0455
79100 299.61 -226.85 -20958.46 3350.00 54000.00 1.0455
79200 299.61 -226.85 -20958.46 3350.00 54000.00 1.0455
79300 299.61 -226.85 -20958.46 3350.00 54000.00 1.0455
79400 299.61 -226.85 -20958.46 3350.00 54000.00 1.0455
79500 299.61 -226.85 -20958.46 3350.00 54000.00 1.0455
79600 299.61 -226.85 -20958.46 3350.00 54000.00 1.0455
79700 299.61 -226.85 -20958.46 3350.00 54000.00 1.0455
79800 299.61 -226.85 -20958.46 3350.00 54000.00 1.0455
79900 299.61 -226.85 -20958.46 3350.00 54000.00 1.0455
80000 299.61 -226.85 -20958.46 3350.00 54000.00 1.0455
80100 299.61 -226.85 -20958.46 3350.00 54000.00 1.0455
80200 299.61 -226.85 -20958.46 3350.00 54000.00 1.0455
80300 299.61 -226.85 -20958.46 3350.00 54000.00 1.0455
80400 299.61 -226.85 -20958.46 3350.00 54000.00 1.0455
80500 299.61 -226.85 -20958.46 3350.00 54000.00 1.0455
80600 299.61 -226.85 -20958.46 3350.00 54000.00 1.0455
80700 299.61 -226.85 -20958.46 3350.00 54000.00 1.0455
80800 299.61 -226.85 -20958.46 3350.00 54000.00 1.0455
80900 299.61 -226.85 -20958.46 3350.00 54000.00 1.0455
81000 299.61 -226.85 -20958.46 3350.00 54000.00 1.0455
81100 299.61 -226.85 -20958.46 3350.00 54000.00 1.0455
81200 299.61 -226.85 -20958.46 3350.00 54000.00 1.0455
81300 299.61 -226.85 -20958.46 3350.00 54000.00 1.0455
81400 299.61 -226.85 -20958.46 3350.00 54000.00 1.0455
81500 299.61 -226.85 -20958.46 3350.00 54000.00 1.0455
81600 299.61 -226.85 -20958.46 3350.00 54000.00 1.0455
81700 299.61 -226.85 -20958.46 3350.00 54000.00 1.0455
81800 299.61 -226.85 -20958.46 3350.00 54000.00 1.0455
81900 299.61 -226.85 -20958.46 3350.00 54000.00 1.0455
82000 299.61 -226.85 -20958.46 3350.00 54000.00 1.0455
82100 299.61 -226.85 -20958.46 3350.00 54000.00 1.0455
82200 299.61 -226.85 -20958.46 3350.00 54000.00 1.0455
82300 299.61 -226.85 -20958.46 3350.00 54000.00 1.0455
82400 299.61 -226.85 -20958.46 3350.00 54000.00 1.0455
82500 299.61 -226.85 -20958.46 3350.00 54000.00 1.0455
82600 299.61 -226.85 -20958.46 3350.00 54000.00 1.0455
82700 299.61 -226.85 -20958.46 3350.00 54000.00 1.0455
82800 299.61 -226.85 -20958.46 3350.00 54000.00 1.0455
82900 299.61 -226.85 -20958.46 3350.00 54000.00 1.0455
83000 299.61 -226.85 -20958.46 3350.00 54000.00 1.0455
83100 299.61 -226.85 -20958.46 3350.00 54000.00 1.0455
83200 299.61 -226.85 -20958.46 3350.00 54000.00 1.0455
83300 299.61 -226.85 -20958.46 3350.00 54000.00 1.0455
83400 299.61 -226.85 -20958.46 3350.00 54000.00 1.0455
83500 299.61 -226.85 -20958.46 3350.00 54000.00 1.0455
83600 299.61 -226.85 -20958.46 3350.00 54000.00 1.0455
83700 299.61 -226.85 -20958.46 3350.00 54000.00 1.0455
83800 299.61 -226.85 -20958.46 3350.00 54000.00 1.0455
83900 299.61 -226.85 -20958.46 3350.00 54000.00 1.0455
84000 299.61 -226.85 -20958.46 3350.00 54000.00 1.0455
84100 299.61 -226.85 -20958.46 3350.00 54000.00 1.0455
84200 299.61 -226.85 -20958.46 3350.00 54000.00 1.0455
84300 299.61 -226.85 -20958.46 3350.00 54000.00 1.0455
84400 299.61 -226.85 -20958.46 3350.00 54000.00 1.0455
84500 299.61 -226.85 -20958.46 3350.00 54000.00 1.0455
84600 299.61 -226.85 -20958.46 3350.00 54000.00 1.0455
84700 299.61 -226.85 -20958.46 3350.00 54000.00 1.0455
84800 299.61 -226.85 -20958.46 3350.00 54000.00 1.0455
84900 299.61 -226.85 -20958.46 3350.00 54000.00 1.0455
85000 299.61 -226.85 -20958.46 3350.00 54000.00 1.0455
85100 299.61 -226.85 -20958.46 3350.00 54000.00 1.0455
85200 299.61 -226.85 -20958.46 3350.00 54000.00 1.0455
85300 299.61 -226.85 -20958.46 3350.00 54000.00 1.0455
85400 299.61 -226.85 -20958.46 3350.00 54000.00 1.0455
85500 299.61 -226.85 -20958.46 3350.00 54000.00 1.0455
85600 299.61 -226.85 -20958.46 3350.00 54000.00 1.0455
85700 299.61 -226.85 -20958.46 3350.00 54000.00 1.0455
85800 299.61 -226.85 -20958.46 3350.00 54000.00 1.0455
85900 299.61 -226.85 -20958.46 3350.00 54000.00 1.0455
86000 299.61 -226.85 -20958.46 3350.00 54000.00 1.0455
86100 299.61 -226.85 -20958.46 3350.00 54000.00 1.0455
86200 299.61 -226.85 -20958.46 3350.00 54000.00 1.0455
86300 299.61 -226.85 -20958.46 3350.00 54000.00 1.0455
86400 299.61 -226.85 -20958.46 3350.00 54000.00 1.0455
86500 299.61 -226.85 -20958.46 3350.00 54000.00 1.0455
86600 299.61 -226.85 -20958.46 3350.00 54000.00 1.0455
86700 299.61 -226.85 -20958.46 3350.00 54000.00 1.0455
86800 299.61 -226.85 -20958.46 3350.00 54000.00 1.0455
86900 299.61 -226.85 -20958.46 3350.00 54000.00 1.0455
87000 299.61 -226.85 -20958.46 3350.00 54000.00 1.0455
87100 299.61 -226.85 -20958.46 3350.00 54000.00 1.0455
87200 299.61 -226.85 -20958.46 3350.00 54000.00 1.0455
87300 299.61 -226.85 -20958.46 3350.00 54000.00 1.0455
87400 299.61 -226.85 -20958.46 3350.00 54000.00 1.0455
87500 299.61 -226.85 -20958.46 3350.00 54000.00 1.0455
87600 299.61 -226.85 -20958.46 3350.00 54000.00 1.0455
87700 299.61 -226.85 -20958.46 3350.00 54000.00 1.0455
87800 299.61 -226.85 -20958.46 3350.00 54000.00 1.0455
87900 299.61 -226.85 -20958.46 3350.00 54000.00 1.0455
88000 299.61 -226.85 -20958.46 3350.00 54000.00 1.0455
88100 299.61 -226.85 -20958.46 3350.00 54000.00 1.0455
88200 299.61 -226.85 -20958.46 3350.00 54000.00 1.0455
88300 299.61 -226.85 -20958.46 3350.00 54000.00 1.0455
88400 299.61 -226.85 -20958.46 3350.00 54000.00 1.0455
88500 299.61 -226.85 -20958.46 3350.00 54000.00 1.0455
88600 299.61 -226.85 -20958.46 3350.00 54000.00 1.0455
88700 299.61 -226.85 -20958.46 3350.00 54000.00 1.0455
88800 299.61 -226.85 -20958.46 3350.00 54000.00 1.0455
88900 299.61 -226.85 -20958.46 3350.00 54000.00 1.0455
89000 299.61 -226.85 -20958.46 3350.00 54000.00 1.0455
89100 299.61 -226.85 -20958.46 3350.00 54000.00 1.0455
89200 299.61 -226.85 -20958.46 3350.00 54000.00 1.0455
89300 299.61 -226.85 -20958.46 3350.00 54000.00 1.0455
89400 299.61 -226.85 -20958.46 3350.00 54000.00 1.0455
89500 299.61 -226.85 -20958.46 3350.00 54000.00 1.0455
89600 299.61 -226.85 -20958.46 3350.00 54000.00 1.0455
89700 299.61 -226.85 -20958.46 3350.00 54000.00 1.0455
89800 299.61 -226.85 -20958.46 3350.00 54000.00 1.0455
89900 299.61 -226.85 -20958.46 3350.00 54000.00 1.0455
90000 299.61 -226.85 -20958.46 3350.00 54000.00 1.0455
90100 299.61 -226.85 -20958.46 3350.00 54000.00 1.0455
90200 299.61 -226.85 -20958.46 3350.00 54000.00 1.0455
90300 299.61 -226.85 -20958.46 3350.00 54000.00 1.0455
90400 299.61 -226.85 -20958.46 3350.00 54000.00 1.0455
90500 299.61 -226.85 -20958.46 3350.00 54000.00 1.0455
90600 299.61 -226.85 -20958.46 3350.00 54000.00 1.0455
90700 299.61 -226.85 -20958.46 3350.00 54000.00 1.0455
90800 299.61 -226.85 -20958.46 3350.00 54000.00 1.0455
90900 299.61 -226.85 -20958.46 3350.00 54000.00 1.0455
91000 299.61 -226.85 -20958.46 3350.00 54000.00 1.0455
91100 299.61 -226.85 -20958.46 3350.00 54000.00 1.0455
91200 299.61 -226.85 -20958.46 3350.00 54000.00 1.0455
91300 299.61 -226.85 -20958.46 3350.00 54000.00 1.0455
91400 299.61 -226.85 -20958.46 3350.00 54000.00 1.0455
91500 299.61 -226.85 -20958.46 3350.00 54000.00 1.0455
91600 299.61 -226.85 -20958.46 3350.00 54000.00 1.0455
91700 299.61 -226.85 -20958.46 3350.00 54000.00 1.0455
91800 299.61 -226.85 -20958.46 3350.00 54000.00 1.0455
91900 299.61 -226.85 -20958.46 3350.00 54000.00 1.0455
92000 299.61 -226.85 -20958.46 3350.00 54000.00 1.0455
92100 299.61 -226.85 -20958.46 3350.00 54000.00 1.0455
92200 299.61 -226.85 -20958.46 3350.00 54000.00 1.0455
92300 299.61 -226.85 -20958.46 3350.00 54000.00 1.0455
92400 299.61 -226.85 -20958.46 3350.00 54000.00 1.0455
92500 299.61 -226.85 -20958.46 3350.00 54000.00 1.0455
92600 299.61 -226.85 -20958.46 3350.00 54000.00 1.0455
92700 299.61 -226.85 -20958.46 3350.00 54000.00 1.0455
92800 299.61 -226.85 -20958.46 3350.00 54000.00 1.0455
92900 299.61 -226.85 -20958.46 3350.00 54000.00 1.0455
93000 299.61 -226.85 -20958.46 3350.00 54000.00 1.0455
93100 299.61 -226.85 -20958.46 3350.00 54000.00 1.0455
93200 299.61 -226.85 -20958.46 3350.00 54000.00 1.0455
93300 299.61 -226.85 -20958.46 3350.00 54000.00 1.0455
93400 299.61 -226.85 -20958.46 3350.00 54000.00 1.0455
93500 299.61 -226.85 -20958.46 3350.00 54000.00 1.0455
93600 299.61 -226.85 -20958.46 3350.00 54000.00 1.0455
93700 299.61 -226.85 -20958.46 3350.00 54000.00 1.0455
93800 299.61 -226.85 -20958.46 3350.00 54000.00 1.0455
93900 299.61 -226.85 -20958.46 3350.00 54000.00 1.0455
94000 299.61 -226.85 -20958.46 3350.00 54000.00 1.0455
94100 299.61 -226.85 -20958.46 3350.00 54000.00 1.0455
94200 299.61 -226.85 -20958.46 3350.00 54000.00 1.0455
94300 299.61 -226.85 -20958.46 3350.00 54000.00 1.0455
94400 299.61 -226.85 -20958.46 3350.00 54000.00 1.0455
94500 299.61 -226.85 -20958.46 3350.00 54000.00 1.0455
94600 299.61 -226.85 -20958.46 3350.00 54000.00 1.0455
94700 299.61 -226.85 -20958.46 3350.00 54000.00 1.0455
94800 299.61 -226.85 -20958.46 3350.00 54000.00 1.0455
94900 299.61 -226.85 -20958.46 3350.00 54000.00 1.0455
95000 299.61 -226.85 -20958.46 3350.00 54000.00 1.0455
95100 299.61 -226.85 -20958.46 3350.00 54000.00 1.0455
95200 299.61 -226.85 -20958.46 3350.00 54000.00 1.0455
95300 299.61 -226.85 -20958.46 3350.00 54000.00 1.0455
95400 299.61 -226.85 -20958.46 3350.00 54000.00 1.0455
95500 299.61 -226.85 -20958.46 3350.00 54000.00 1.0455
95600 299.61 -226.85 -20958.46 3350.00 54000.00 1.0455
95700 299.61 -226.85 -20958.46 3350.00 54000.00 1.0455
95800 299.61 -226.85 -20958.46 3350.00 54000.00 1.0455
95900 299.61 -226.85 -20958.46 3350.00 54000.00 1.0455
96000 299.61 -226.85 -20958.46 3350.00 54000.00 1.0455
96100 299.61 -226.85 -20958.46 3350.00 54000.00 1.0455
96200 299.61 -226.85 -20958.46 3350.00 54000.00 1.0455
96300 299.61 -226.85 -20958.46 3350.00 54000.00 1.0455
96400 299.61 -226.85 -20958.46 3350.00 54000.00 1.0455
96500 299.61 -226.85 -20958.46 3350.00 54000.00 1.0455
96600 299.61 -226.85 -20958.46 3350.00 54000.00 1.0455
96700 299.61 -226.85 -20958.46 3350.00 54000.00 1.0455
96800 299.61 -226.85 -20958.46 3350.00 54000.00 1.0455
96900 299.61 -226.85 -20958.46 3350.00 54000.00 1.0455
97000 299.61 -226.85 -20958.46 3350.00 54000.00 1.0455
97100 299.61 -226.85 -20958.46 3350.00 54000.00 1.0455
97200 299.61 -226.85 -20958.46 3350.00 54000.00 1.0455
97300 299.61 -226.85 -20958.46 3350.00 54000.00 1.0455
97400 299.61 -226.85 -20958.46 3350.00 54000.00 1.0455
97500 299.61 -226.85 -20958.46 3350.00 54000.00 1.0455
97600 299.61 -226.85 -20958.46 3350.00 54000.00 1.0455
97700 299.61 -226.85 -20958.46 3350.00 54000.00 1.0455
97800 299.61 -226.85 -20958.46 3350.00 54000.00 1.0455
97900 299.61 -226.85 -20958.46 3350.00 54000.00 1.0455
98000 299.61 -226.85 -20958.46 3350.00 54000.00 1.0455
98100 299.61 -226.85 -20958.46 3350.00 54000.00 1.0455
98200 299.61 -226.85 -20958.46 3350.00 54000.00 1.0455
98300 299.61 -226.85 -20958.46 3350.00 54000.00 1.0455
98400 299.61 -226.85 -20958.46 3350.00 54000.00 1.0455
98500 299.61 -226.85 -20958.46 3350.00 54000.00 1.0455
98600 299.61 -226.85 -20958.46 3350.00 54000.00 1.0455
98700 299.61 -226.85 -20958.46 3350.00 54000.00 1.0455
98800 299.61 -226.85 -20958.46 3350.00 54000.00 1.0455
98900 299.61 -226.85 -20958.46 3350.00 54000.00 1.0455
99000 299.61 -226.85 -20958.46 3350.00 54000.00 1.0455
99100 299.61 -226.85 -20958.46 3350.00 54000.00 1.0455
99200 299.61 -226.85 -20958.46 3350.00 54000.00 1.0455
99300 299.61 -226.85 -20958.46 3350.00 54000.00 1.0455
99400 299.61 -226.85 -20958.46 3350.00 54000.00 1.0455
99500 299.61 -226.85 -20958.46 3350.00 54000.00 1.0455
99600 299.61 -226.85 -20958.46 3350.00 54000.00 1.0455
99700 299.61 -226.85 -20958.46 3350.00 54000.00 1.0455
99800 299.61 -226.85 -20958.46 3350.00 54000.00 1.0455
99900 299.61 -226.85 -20958.46 3350.00 54000.00 1.0455
