# TimeStep Temp Press PotEng KinEng Volume Density
0 296.94 5.80 -21135.43 3350.00 54000.00 1.0456
100 298.11 -171.00 -21053.50 3350.00 54000.00 1.0456
200 298.57 -209.58 -21032.37 3350.00 54000.00 1.0456
300 298.86 -229.55 -21016.15 3350.00 54000.00 1.0455
400 299.05 -238.44 -21002.76 3350.00 54000.00 1.0454
500 299.18 -241.69 -20992.11 3350.00 54000.00 1.0453
600 299.28 -242.17 -20983.83 3350.00 54000.00 1.0453
700 299.35 -241.34 -20977.48 3350.00 54000.00 1.0453
800 299.40 -239.96 -20972.62 3350.00 54000.00 1.0453
900 299.44 -238.41 -20968.89 3350.00 54000.00 1.0453
1000 299.48 -236.89 -20966.00 3350.00 54000.00 1.0454
1100 299.50 -235.48 -20963.76 3350.00 54000.00 1.0454
1200 299.52 -234.23 -20962.00 3350.00 54000.00 1.0454
1300 299.54 -233.15 -20960.62 3350.00 54000.00 1.0454
1400 299.55 -232.22 -20959.51 3350.00 54000.00 1.0454
1500 299.56 -231.42 -20958.60 3350.00 54000.00 1.0454
1600 299.57 -230.75 -20957.87 3350.00 54000.00 1.0454
1700 299.58 -230.18 -20957.24 3350.00 54000.00 1.0454
1800 299.58 -229.72 -20956.72 3350.00 54000.00 1.0454
1900 299.59 -229.32 -20956.27 3350.00 54000.00 1.0454
2000 299.59 -229.00 -20955.88 3350.00 54000.00 1.0454
2100 299.59 -228.72 -20955.53 3350.00 54000.00 1.0454
2200 299.59 -228.49 -20955.22 3350.00 54000.00 1.0454
2300 299.60 -228.30 -20954.94 3350.00 54000.00 1.0454
2400 299.60 -228.14 -20954.69 3350.00 54000.00 1.0454
2500 299.60 -227.99 -20954.46 3350.00 54000.00 1.0454
2600 299.60 -227.88 -20954.25 3350.00 54000.00 1.0454
2700 299.60 -227.78 -20954.06 3350.00 54000.00 1.0454
2800 299.60 -227.69 -20953.90 3350.00 54000.00 1.0454
2900 299.60 -227.62 -20953.75 3350.00 54000.00 1.0454
3000 299.60 -227.55 -20953.61 3350.00 54000.00 1.0454
3100 299.60 -227.49 -20953.49 3350.00 54000.00 1.0454
3200 299.60 -227.44 -20953.37 3350.00 54000.00 1.0454
3300 299.60 -227.39 -20953.27 3350.00 54000.00 1.0454
3400 299.60 -227.35 -20953.18 3350.00 54000.00 1.0454
3500 299.60 -227.32 -20953.10 3350.00 54000.00 1.0454
3600 299.60 -227.30 -20953.04 3350.00 54000.00 1.0454
3700 299.60 -227.27 -20952.98 3350.00 54000.00 1.0454
3800 299.60 -227.25 -20952.92 3350.00 54000.00 1.0454
3900 299.60 -227.22 -20952.87 3350.00 54000.00 1.0454
4000 299.60 -227.20 -20952.83 3350.00 54000.00 1.0454
4100 299.60 -227.18 -20952.79 3350.00 54000.00 1.0454
4200 299.60 -227.17 -20952.76 3350.00 54000.00 1.0454
4300 299.60 -227.16 -20952.73 3350.00 54000.00 1.0454
4400 299.60 -227.15 -20952.71 3350.00 54000.00 1.0454
4500 299.60 -227.13 -20952.68 3350.00 54000.00 1.0454
4600 299.60 -227.12 -20952.65 3350.00 54000.00 1.0454
4700 299.60 -227.11 -20952.63 3350.00 54000.00 1.0454
4800 299.60 -227.10 -20952.62 3350.00 54000.00 1.0454
4900 299.60 -227.09 -20952.60 3350.00 54000.00 1.0454
5000 299.60 -227.08 -20952.59 3350.00 54000.00 1.0454
5100 299.60 -227.07 -20952.57 3350.00 54000.00 1.0454
5200 299.60 -227.07 -20952.56 3350.00 54000.00 1.0454
5300 299.60 -227.07 -20952.55 3350.00 54000.00 1.0454
5400 299.60 -227.06 -20952.54 3350.00 54000.00 1.0454
5500 299.60 -227.05 -20952.53 3350.00 54000.00 1.0454
5600 299.60 -227.05 -20952.52 3350.00 54000.00 1.0454
5700 299.60 -227.05 -20952.51 3350.00 54000.00 1.0454
5800 299.60 -227.04 -20952.50 3350.00 54000.00 1.0454
5900 299.60 -227.04 -20952.50 3350.00 54000.00 1.0454
6000 299.60 -227.04 -20952.50 3350.00 54000.00 1.0454
6100 299.60 -227.04 -20952.49 3350.00 54000.00 1.0454
6200 299.60 -227.03 -20952.49 3350.00 54000.00 1.0454
6300 299.60 -227.03 -20952.48 3350.00 54000.00 1.0454
6400 299.60 -227.03 -20952.48 3350.00 54000.00 1.0454
6500 299.60 -227.03 -20952.47 3350.00 54000.00 1.0454
6600 299.60 -227.02 -20952.47 3350.00 54000.00 1.0454
6700 299.60 -227.02 -20952.47 3350.00 54000.00 1.0454
6800 299.60 -227.02 -20952.46 3350.00 54000.00 1.0454
6900 299.60 -227.02 -20952.46 3350.00 54000.00 1.0454
7000 299.60 -227.02 -20952.46 3350.00 54000.00 1.0454
7100 299.60 -227.02 -20952.45 3350.00 54000.00 1.0454
7200 299.60 -227.01 -20952.45 3350.00 54000.00 1.0454
7300 299.60 -227.01 -20952.45 3350.00 54000.00 1.0454
7400 299.60 -227.00 -20952.44 3350.00 54000.00 1.0454
7500 299.60 -227.00 -20952.44 3350.00 54000.00 1.0454
7600 299.60 -227.00 -20952.44 3350.00 54000.00 1.0454
7700 299.60 -227.00 -20952.44 3350.00 54000.00 1.0454
7800 299.60 -227.00 -20952.44 3350.00 54000.00 1.0454
7900 299.60 -227.00 -20952.44 3350.00 54000.00 1.0454
8000 299.60 -226.99 -20952.43 3350.00 54000.00 1.0454
8100 299.60 -227.00 -20952.43 3350.00 54000.00 1.0454
8200 299.60 -226.99 -20952.43 3350.00 54000.00 1.0454
8300 299.60 -226.99 -20952.43 3350.00 54000.00 1.0454
8400 299.60 -226.99 -20952.43 3350.00 54000.00 1.0454
8500 299.60 -226.99 -20952.43 3350.00 54000.00 1.0454
8600 299.60 -226.99 -20952.43 3350.00 54000.00 1.0454
8700 299.60 -226.99 -20952.43 3350.00 54000.00 1.0454
8800 299.60 -226.99 -20952.43 3350.00 54000.00 1.0454
8900 299.60 -226.99 -20952.42 3350.00 54000.00 1.0454
9000 299.60 -226.99 -20952.43 3350.00 54000.00 1.0454
9100 299.60 -226.99 -20952.43 3350.00 54000.00 1.0454
9200 299.60 -226.98 -20952.42 3350.00 54000.00 1.0454
9300 299.60 -226.98 -20952.43 3350.00 54000.00 1.0454
9400 299.60 -226.98 -20952.43 3350.00 54000.00 1.0454
9500 299.60 -226.98 -20952.43 3350.00 54000.00 1.0454
9600 299.60 -226.98 -20952.43 3350.00 54000.00 1.0454
9700 299.60 -226.98 -20952.43 3350.00 54000.00 1.0454
9800 299.60 -226.99 -20952.43 3350.00 54000.00 1.0454
9900 299.60 -226.99 -20952.44 3350.00 54000.00 1.0454
10000 299.60 -226.99 -20952.44 3350.00 54000.00 1.0454
10100 299.60 -226.99 -20952.44 3350.00 54000.00 1.0454
10200 299.60 -226.99 -20952.44 3350.00 54000.00 1.0454
10300 299.60 -226.99 -20952.44 3350.00 54000.00 1.0454
10400 299.60 -226.99 -20952.44 3350.00 54000.00 1.0454
10500 299.60 -226.99 -20952.44 3350.00 54000.00 1.0454
10600 299.60 -226.99 -20952.44 3350.00 54000.00 1.0454
10700 299.60 -226.99 -20952.44 3350.00 54000.00 1.0454
10800 299.60 -226.99 -20952.43 3350.00 54000.00 1.0454
10900 299.60 -226.99 -20952.43 3350.00 54000.00 1.0454
11000 299.60 -226.99 -20952.43 3350.00 54000.00 1.0454
11100 299.60 -226.99 -20952.43 3350.00 54000.00 1.0454
11200 299.60 -226.99 -20952.43 3350.00 54000.00 1.0454
11300 299.60 -226.99 -20952.43 3350.00 54000.00 1.0454
11400 299.60 -226.99 -20952.43 3350.00 54000.00 1.0454
11500 299.60 -226.99 -20952.43 3350.00 54000.00 1.0454
11600 299.60 -226.98 -20952.42 3350.00 54000.00 1.0454
11700 299.60 -226.98 -20952.42 3350.00 54000.00 1.0454
11800 299.60 -226.98 -20952.42 3350.00 54000.00 1.0454
11900 299.60 -226.98 -20952.43 3350.00 54000.00 1.0454
12000 299.60 -226.98 -20952.43 3350.00 54000.00 1.0454
12100 299.60 -226.98 -20952.43 3350.00 54000.00 1.0454
12200 299.60 -226.98 -20952.43 3350.00 54000.00 1.0454
12300 299.60 -226.98 -20952.43 3350.00 54000.00 1.0454
12400 299.60 -226.98 -20952.42 3350.00 54000.00 1.0454
12500 299.60 -226.97 -20952.42 3350.00 54000.00 1.0454
12600 299.60 -226.97 -20952.42 3350.00 54000.00 1.0454
12700 299.60 -226.97 -20952.42 3350.00 54000.00 1.0454
12800 299.60 -226.97 -20952.42 3350.00 54000.00 1.0454
12900 299.60 -226.97 -20952.42 3350.00 54000.00 1.0454
13000 299.60 -226.97 -20952.42 3350.00 54000.00 1.0454
13100 299.60 -226.97 -20952.42 3350.00 54000.00 1.0454
13200 299.60 -226.97 -20952.42 3350.00 54000.00 1.0454
13300 299.60 -226.97 -20952.42 3350.00 54000.00 1.0454
13400 299.60 -226.97 -20952.42 3350.00 54000.00 1.0454
13500 299.60 -226.97 -20952.42 3350.00 54000.00 1.0454
13600 299.60 -226.97 -20952.42 3350.00 54000.00 1.0454
13700 299.60 -226.97 -20952.42 3350.00 54000.00 1.0454
13800 299.60 -226.97 -20952.42 3350.00 54000.00 1.0454
13900 299.60 -226.97 -20952.42 3350.00 54000.00 1.0454
14000 299.60 -226.97 -20952.42 3350.00 54000.00 1.0454
14100 299.60 -226.97 -20952.42 3350.00 54000.00 1.0454
14200 299.60 -226.97 -20952.42 3350.00 54000.00 1.0454
14300 299.60 -226.97 -20952.42 3350.00 54000.00 1.0454
14400 299.60 -226.97 -20952.42 3350.00 54000.00 1.0454
14500 299.60 -226.97 -20952.42 3350.00 54000.00 1.0454
14600 299.60 -226.97 -20952.42 3350.00 54000.00 1.0454
14700 299.60 -226.97 -20952.42 3350.00 54000.00 1.0454
14800 299.60 -226.97 -20952.42 3350.00 54000.00 1.0454
14900 299.60 -226.97 -20952.42 3350.00 54000.00 1.0454
15000 299.60 -226.97 -20952.42 3350.00 54000.00 1.0454
15100 299.60 -226.97 -20952.42 3350.00 54000.00 1.0454
15200 299.60 -226.97 -20952.42 3350.00 54000.00 1.0454
15300 299.60 -226.97 -20952.42 3350.00 54000.00 1.0454
15400 299.60 -226.97 -20952.42 3350.00 54000.00 1.0454
15500 299.60 -226.97 -20952.42 3350.00 54000.00 1.0454
15600 299.60 -226.97 -20952.42 3350.00 54000.00 1.0454
15700 299.60 -226.97 -20952.42 3350.00 54000.00 1.0454
15800 299.60 -226.97 -20952.42 3350.00 54000.00 1.0454
15900 299.60 -226.97 -20952.42 3350.00 54000.00 1.0454
16000 299.60 -226.97 -20952.42 3350.00 54000.00 1.0454
16100 299.60 -226.97 -20952.42 3350.00 54000.00 1.0454
16200 299.60 -226.97 -20952.42 3350.00 54000.00 1.0454
16300 299.60 -226.97 -20952.42 3350.00 54000.00 1.0454
16400 299.60 -226.97 -20952.42 3350.00 54000.00 1.0454
16500 299.60 -226.97 -20952.41 3350.00 54000.00 1.0454
16600 299.60 -226.97 -20952.41 3350.00 54000.00 1.0454
16700 299.60 -226.97 -20952.41 3350.00 54000.00 1.0454
16800 299.60 -226.97 -20952.41 3350.00 54000.00 1.0454
16900 299.60 -226.97 -20952.42 3350.00 54000.00 1.0454
17000 299.60 -226.97 -20952.42 3350.00 54000.00 1.0454
17100 299.60 -226.97 -20952.42 3350.00 54000.00 1.0454
17200 299.60 -226.97 -20952.42 3350.00 54000.00 1.0454
17300 299.60 -226.97 -20952.42 3350.00 54000.00 1.0454
17400 299.60 -226.97 -20952.42 3350.00 54000.00 1.0454
17500 299.60 -226.97 -20952.42 3350.00 54000.00 1.0454
17600 299.60 -226.97 -20952.42 3350.00 54000.00 1.0454
17700 299.60 -226.97 -20952.42 3350.00 54000.00 1.0454
17800 299.60 -226.97 -20952.42 3350.00 54000.00 1.0454
17900 299.60 -226.97 -20952.42 3350.00 54000.00 1.0454
18000 299.60 -226.97 -20952.42 3350.00 54000.00 1.0454
18100 299.60 -226.97 -20952.42 3350.00 54000.00 1.0454
18200 299.60 -226.97 -20952.42 3350.00 54000.00 1.0454
18300 299.60 -226.97 -20952.42 3350.00 54000.00 1.0454
18400 299.60 -226.97 -20952.42 3350.00 54000.00 1.0454
18500 299.60 -226.97 -20952.42 3350.00 54000.00 1.0454
18600 299.60 -226.97 -20952.42 3350.00 54000.00 1.0454
18700 299.60 -226.97 -20952.42 3350.00 54000.00 1.0454
18800 299.60 -226.97 -20952.42 3350.00 54000.00 1.0454
18900 299.60 -226.97 -20952.42 3350.00 54000.00 1.0454
19000 299.60 -226.97 -20952.42 3350.00 54000.00 1.0454
19100 299.60 -226.97 -20952.42 3350.00 54000.00 1.0454
19200 299.60 -226.97 -20952.42 3350.00 54000.00 1.0454
19300 299.60 -226.97 -20952.42 3350.00 54000.00 1.0454
19400 299.60 -226.97 -20952.42 3350.00 54000.00 1.0454
19500 299.60 -226.97 -20952.42 3350.00 54000.00 1.0454
19600 299.60 -226.97 -20952.42 3350.00 54000.00 1.0454
19700 299.60 -226.97 -20952.42 3350.00 54000.00 1.0454
19800 299.60 -226.97 -20952.42 3350.00 54000.00 1.0454
19900 299.60 -226.97 -20952.42 3350.00 54000.00 1.0454
20000 299.60 -226.97 -20952.42 3350.00 54000.00 1.0454
20100 299.60 -226.97 -20952.42 3350.00 54000.00 1.0454
20200 299.60 -226.97 -20952.42 3350.00 54000.00 1.0454
20300 299.60 -226.97 -20952.42 3350.00 54000.00 1.0454
20400 299.60 -226.97 -20952.42 3350.00 54000.00 1.0454
20500 299.60 -226.97 -20952.42 3350.00 54000.00 1.0454
20600 299.60 -226.97 -20952.42 3350.00 54000.00 1.0454
20700 299.60 -226.97 -20952.42 3350.00 54000.00 1.0454
20800 299.60 -226.97 -20952.42 3350.00 54000.00 1.0454
20900 299.60 -226.97 -20952.42 3350.00 54000.00 1.0454
21000 299.60 -226.97 -20952.42 3350.00 54000.00 1.0454
21100 299.60 -226.97 -20952.42 3350.00 54000.00 1.0454
21200 299.60 -226.97 -20952.42 3350.00 54000.00 1.0454
21300 299.60 -226.97 -20952.42 3350.00 54000.00 1.0454
21400 299.60 -226.97 -20952.42 3350.00 54000.00 1.0454
21500 299.60 -226.97 -20952.42 3350.00 54000.00 1.0454
21600 299.60 -226.97 -20952.42 3350.00 54000.00 1.0454
21700 299.60 -226.97 -20952.42 3350.00 54000.00 1.0454
21800 299.60 -226.97 -20952.42 3350.00 54000.00 1.0454
21900 299.60 -226.97 -20952.42 3350.00 54000.00 1.0454
22000 299.60 -226.97 -20952.42 3350.00 54000.00 1.0454
22100 299.60 -226.97 -20952.42 3350.00 54000.00 1.0454
22200 299.60 -226.97 -20952.42 3350.00 54000.00 1.0454
22300 299.60 -226.97 -20952.42 3350.00 54000.00 1.0454
22400 299.60 -226.97 -20952.42 3350.00 54000.00 1.0454
22500 299.60 -226.97 -20952.42 3350.00 54000.00 1.0454
22600 299.60 -226.97 -20952.42 3350.00 54000.00 1.0454
22700 299.60 -226.97 -20952.42 3350.00 54000.00 1.0454
22800 299.60 -226.97 -20952.42 3350.00 54000.00 1.0454
22900 299.60 -226.97 -20952.42 3350.00 54000.00 1.0454
23000 299.60 -226.97 -20952.42 3350.00 54000.00 1.0454
23100 299.60 -226.97 -20952.42 3350.00 54000.00 1.0454
23200 299.60 -226.97 -20952.42 3350.00 54000.00 1.0454
23300 299.60 -226.97 -20952.42 3350.00 54000.00 1.0454
23400 299.60 -226.97 -20952.42 3350.00 54000.00 1.0454
23500 299.60 -226.97 -20952.42 3350.00 54000.00 1.0454
23600 299.60 -226.97 -20952.42 3350.00 54000.00 1.0454
23700 299.60 -226.97 -20952.42 3350.00 54000.00 1.0454
23800 299.60 -226.97 -20952.42 3350.00 54000.00 1.0454
23900 299.60 -226.97 -20952.42 3350.00 54000.00 1.0454
24000 299.60 -226.97 -20952.42 3350.00 54000.00 1.0454
24100 299.60 -226.97 -20952.42 3350.00 54000.00 1.0454
24200 299.60 -226.97 -20952.42 3350.00 54000.00 1.0454
24300 299.60 -226.97 -20952.42 3350.00 54000.00 1.0454
24400 299.60 -226.97 -20952.42 3350.00 54000.00 1.0454
24500 299.60 -226.97 -20952.42 3350.00 54000.00 1.0454
24600 299.60 -226.97 -20952.42 3350.00 54000.00 1.0454
24700 299.60 -226.97 -20952.42 3350.00 54000.00 1.0454
24800 299.60 -226.97 -20952.42 3350.00 54000.00 1.0454
24900 299.60 -226.97 -20952.42 3350.00 54000.00 1.0454
25000 299.60 -226.97 -20952.42 3350.00 54000.00 1.0454
25100 299.60 -226.97 -20952.42 3350.00 54000.00 1.0454
25200 299.60 -226.97 -20952.42 3350.00 54000.00 1.0454
25300 299.60 -226.97 -20952.42 3350.00 54000.00 1.0454
25400 299.60 -226.97 -20952.42 3350.00 54000.00 1.0454
25500 299.60 -226.97 -20952.42 3350.00 54000.00 1.0454
25600 299.60 -226.97 -20952.42 3350.00 54000.00 1.0454
25700 299.60 -226.97 -20952.42 3350.00 54000.00 1.0454
25800 299.60 -226.97 -20952.42 3350.00 54000.00 1.0454
25900 299.60 -226.97 -20952.42 3350.00 54000.00 1.0454
26000 299.60 -226.97 -20952.42 3350.00 54000.00 1.0454
26100 299.60 -226.97 -20952.42 3350.00 54000.00 1.0454
26200 299.60 -226.97 -20952.42 3350.00 54000.00 1.0454
26300 299.60 -226.97 -20952.42 3350.00 54000.00 1.0454
26400 299.60 -226.97 -20952.42 3350.00 54000.00 1.0454
26500 299.60 -226.97 -20952.42 3350.00 54000.00 1.0454
26600 299.60 -226.97 -20952.42 3350.00 54000.00 1.0454
26700 299.60 -226.97 -20952.42 3350.00 54000.00 1.0454
26800 299.60 -226.97 -20952.42 3350.00 54000.00 1.0454
26900 299.60 -226.97 -20952.42 3350.00 54000.00 1.0454
27000 299.60 -226.97 -20952.42 3350.00 54000.00 1.0454
27100 299.60 -226.97 -20952.42 3350.00 54000.00 1.0454
27200 299.60 -226.97 -20952.42 3350.00 54000.00 1.0454
27300 299.60 -226.97 -20952.42 3350.00 54000.00 1.0454
27400 299.60 -226.97 -20952.42 3350.00 54000.00 1.0454
27500 299.60 -226.97 -20952.42 3350.00 54000.00 1.0454
27600 299.60 -226.97 -20952.42 3350.00 54000.00 1.0454
27700 299.60 -226.97 -20952.42 3350.00 54000.00 1.0454
27800 299.60 -226.97 -20952.42 3350.00 54000.00 1.0454
27900 299.60 -226.97 -20952.42 3350.00 54000.00 1.0454
28000 299.60 -226.97 -20952.42 3350.00 54000.00 1.0454
28100 299.60 -226.97 -20952.42 3350.00 54000.00 1.0454
28200 299.60 -226.97 -20952.42 3350.00 54000.00 1.0454
28300 299.60 -226.97 -20952.42 3350.00 54000.00 1.0454
28400 299.60 -226.97 -20952.42 3350.00 54000.00 1.0454
28500 299.60 -226.97 -20952.42 3350.00 54000.00 1.0454
28600 299.60 -226.97 -20952.42 3350.00 54000.00 1.0454
28700 299.60 -226.97 -20952.42 3350.00 54000.00 1.0454
28800 299.60 -226.97 -20952.42 3350.00 54000.00 1.0454
28900 299.60 -226.97 -20952.42 3350.00 54000.00 1.0454
29000 299.60 -226.97 -20952.42 3350.00 54000.00 1.0454
29100 299.60 -226.97 -20952.42 3350.00 54000.00 1.0454
29200 299.60 -226.97 -20952.42 3350.00 54000.00 1.0454
29300 299.60 -226.97 -20952.42 3350.00 54000.00 1.0454
29400 299.60 -226.97 -20952.42 3350.00 54000.00 1.0454
29500 299.60 -226.97 -20952.42 3350.00 54000.00 1.0454
29600 299.60 -226.97 -20952.42 3350.00 54000.00 1.0454
29700 299.60 -226.97 -20952.42 3350.00 54000.00 1.0454
29800 299.60 -226.97 -20952.42 3350.00 54000.00 1.0454
29900 299.60 -226.97 -20952.42 3350.00 54000.00 1.0454
30000 299.60 -226.97 -20952.42 3350.00 54000.00 1.0454
30100 299.60 -226.97 -20952.42 3350.00 54000.00 1.0454
30200 299.60 -226.97 -20952.42 3350.00 54000.00 1.0454
30300 299.60 -226.97 -20952.42 3350.00 54000.00 1.0454
30400 299.60 -226.97 -20952.42 3350.00 54000.00 1.0454
30500 299.60 -226.97 -20952.42 3350.00 54000.00 1.0454
30600 299.60 -226.97 -20952.42 3350.00 54000.00 1.0454
30700 299.60 -226.97 -20952.42 3350.00 54000.00 1.0454
30800 299.60 -226.97 -20952.42 3350.00 54000.00 1.0454
30900 299.60 -226.97 -20952.42 3350.00 54000.00 1.0454
31000 299.60 -226.97 -20952.42 3350.00 54000.00 1.0454
31100 299.60 -226.97 -20952.42 3350.00 54000.00 1.0454
31200 299.60 -226.97 -20952.42 3350.00 54000.00 1.0454
31300 299.60 -226.97 -20952.42 3350.00 54000.00 1.0454
31400 299.60 -226.97 -20952.42 3350.00 54000.00 1.0454
31500 299.60 -226.97 -20952.42 3350.00 54000.00 1.0454
31600 299.60 -226.97 -20952.42 3350.00 54000.00 1.0454
31700 299.60 -226.97 -20952.42 3350.00 54000.00 1.0454
31800 299.60 -226.97 -20952.42 3350.00 54000.00 1.0454
31900 299.60 -226.97 -20952.42 3350.00 54000.00 1.0454
32000 299.60 -226.97 -20952.42 3350.00 54000.00 1.0454
32100 299.60 -226.97 -20952.42 3350.00 54000.00 1.0454
32200 299.60 -226.97 -20952.42 3350.00 54000.00 1.0454
32300 299.60 -226.97 -20952.42 3350.00 54000.00 1.0454
32400 299.60 -226.97 -20952.42 3350.00 54000.00 1.0454
32500 299.60 -226.97 -20952.42 3350.00 54000.00 1.0454
32600 299.60 -226.97 -20952.42 3350.00 54000.00 1.0454
32700 299.60 -226.97 -20952.42 3350.00 54000.00 1.0454
32800 299.60 -226.97 -20952.42 3350.00 54000.00 1.0454
32900 299.60 -226.97 -20952.42 3350.00 54000.00 1.0454
33000 299.60 -226.97 -20952.42 3350.00 54000.00 1.0454
33100 299.60 -226.97 -20952.42 3350.00 54000.00 1.0454
33200 299.60 -226.97 -20952.42 3350.00 54000.00 1.0454
33300 299.60 -226.97 -20952.42 3350.00 54000.00 1.0454
33400 299.60 -226.97 -20952.42 3350.00 54000.00 1.0454
33500 299.60 -226.97 -20952.42 3350.00 54000.00 1.0454
33600 299.60 -226.97 -20952.42 3350.00 54000.00 1.0454
33700 299.60 -226.97 -20952.42 3350.00 54000.00 1.0454
33800 299.60 -226.97 -20952.42 3350.00 54000.00 1.0454
33900 299.60 -226.97 -20952.42 3350.00 54000.00 1.0454
34000 299.60 -226.97 -20952.42 3350.00 54000.00 1.0454
34100 299.60 -226.97 -20952.42 3350.00 54000.00 1.0454
34200 299.60 -226.97 -20952.42 3350.00 54000.00 1.0454
34300 299.60 -226.97 -20952.42 3350.00 54000.00 1.0454
34400 299.60 -226.97 -20952.42 3350.00 54000.00 1.0454
34500 299.60 -226.97 -20952.42 3350.00 54000.00 1.0454
34600 299.60 -226.97 -20952.42 3350.00 54000.00 1.0454
34700 299.60 -226.97 -20952.42 3350.00 54000.00 1.0454
34800 299.60 -226.97 -20952.42 3350.00 54000.00 1.0454
34900 299.60 -226.97 -20952.42 3350.00 54000.00 1.0454
35000 299.60 -226.97 -20952.42 3350.00 54000.00 1.0454
35100 299.60 -226.97 -20952.42 3350.00 54000.00 1.0454
35200 299.60 -226.97 -20952.42 3350.00 54000.00 1.0454
35300 299.60 -226.97 -20952.42 3350.00 54000.00 1.0454
35400 299.60 -226.97 -20952.42 3350.00 54000.00 1.0454
35500 299.60 -226.97 -20952.42 3350.00 54000.00 1.0454
35600 299.60 -226.97 -20952.42 3350.00 54000.00 1.0454
35700 299.60 -226.97 -20952.42 3350.00 54000.00 1.0454
35800 299.60 -226.97 -20952.42 3350.00 54000.00 1.0454
35900 299.60 -226.97 -20952.42 3350.00 54000.00 1.0454
36000 299.60 -226.97 -20952.42 3350.00 54000.00 1.0454
36100 299.60 -226.97 -20952.42 3350.00 54000.00 1.0454
36200 299.60 -226.97 -20952.42 3350.00 54000.00 1.0454
36300 299.60 -226.97 -20952.42 3350.00 54000.00 1.0454
36400 299.60 -226.97 -20952.42 3350.00 54000.00 1.0454
36500 299.60 -226.97 -20952.42 3350.00 54000.00 1.0454
36600 299.60 -226.97 -20952.42 3350.00 54000.00 1.0454
36700 299.60 -226.97 -20952.42 3350.00 54000.00 1.0454
36800 299.60 -226.97 -20952.42 3350.00 54000.00 1.0454
36900 299.60 -226.97 -20952.42 3350.00 54000.00 1.0454
37000 299.60 -226.97 -20952.42 3350.00 54000.00 1.0454
37100 299.60 -226.97 -20952.42 3350.00 54000.00 1.0454
37200 299.60 -226.97 -20952.42 3350.00 54000.00 1.0454
37300 299.60 -226.97 -20952.42 3350.00 54000.00 1.0454
37400 299.60 -226.97 -20952.42 3350.00 54000.00 1.0454
37500 299.60 -226.97 -20952.42 3350.00 54000.00 1.0454
37600 299.60 -226.97 -20952.42 3350.00 54000.00 1.0454
37700 299.60 -226.97 -20952.42 3350.00 54000.00 1.0454
37800 299.60 -226.97 -20952.42 3350.00 54000.00 1.0454
37900 299.60 -226.97 -20952.42 3350.00 54000.00 1.0454
38000 299.60 -226.97 -20952.42 3350.00 54000.00 1.0454
38100 299.60 -226.97 -20952.42 3350.00 54000.00 1.0454
38200 299.60 -226.97 -20952.42 3350.00 54000.00 1.0454
38300 299.60 -226.97 -20952.42 3350.00 54000.00 1.0454
38400 299.60 -226.97 -20952.42 3350.00 54000.00 1.0454
38500 299.60 -226.97 -20952.42 3350.00 54000.00 1.0454
38600 299.60 -226.97 -20952.42 3350.00 54000.00 1.0454
38700 299.60 -226.97 -20952.42 3350.00 54000.00 1.0454
38800 299.60 -226.97 -20952.42 3350.00 54000.00 1.0454
38900 299.60 -226.97 -20952.42 3350.00 54000.00 1.0454
39000 299.60 -226.97 -20952.42 3350.00 54000.00 1.0454
39100 299.60 -226.97 -20952.42 3350.00 54000.00 1.0454
39200 299.60 -226.97 -20952.42 3350.00 54000.00 1.0454
39300 299.60 -226.97 -20952.42 3350.00 54000.00 1.0454
39400 299.60 -226.97 -20952.42 3350.00 54000.00 1.0454
39500 299.60 -226.97 -20952.42 3350.00 54000.00 1.0454
39600 299.60 -226.97 -20952.42 3350.00 54000.00 1.0454
39700 299.60 -226.97 -20952.42 3350.00 54000.00 1.0454
39800 299.60 -226.97 -20952.42 3350.00 54000.00 1.0454
39900 299.60 -226.97 -20952.42 3350.00 54000.00 1.0454
40000 299.60 -226.97 -20952.42 3350.00 54000.00 1.0454
40100 299.60 -226.97 -20952.42 3350.00 54000.00 1.0454
40200 299.60 -226.97 -20952.42 3350.00 54000.00 1.0454
40300 299.60 -226.97 -20952.42 3350.00 54000.00 1.0454
40400 299.60 -226.97 -20952.42 3350.00 54000.00 1.0454
40500 299.60 -226.97 -20952.42 3350.00 54000.00 1.0454
40600 299.60 -226.97 -20952.42 3350.00 54000.00 1.0454
40700 299.60 -226.97 -20952.42 3350.00 54000.00 1.0454
40800 299.60 -226.97 -20952.42 3350.00 54000.00 1.0454
40900 299.60 -226.97 -20952.42 3350.00 54000.00 1.0454
41000 299.60 -226.97 -20952.42 3350.00 54000.00 1.0454
41100 299.60 -226.97 -20952.42 3350.00 54000.00 1.0454
41200 299.60 -226.97 -20952.42 3350.00 54000.00 1.0454
41300 299.60 -226.97 -20952.42 3350.00 54000.00 1.0454
41400 299.60 -226.97 -20952.42 3350.00 54000.00 1.0454
41500 299.60 -226.97 -20952.42 3350.00 54000.00 1.0454
41600 299.60 -226.97 -20952.42 3350.00 54000.00 1.0454
41700 299.60 -226.97 -20952.42 3350.00 54000.00 1.0454
41800 299.60 -226.97 -20952.42 3350.00 54000.00 1.0454
41900 299.60 -226.97 -20952.42 3350.00 54000.00 1.0454
42000 299.60 -226.97 -20952.42 3350.00 54000.00 1.0454
42100 299.60 -226.97 -20952.42 3350.00 54000.00 1.0454
42200 299.60 -226.97 -20952.42 3350.00 54000.00 1.0454
42300 299.60 -226.97 -20952.42 3350.00 54000.00 1.0454
42400 299.60 -226.97 -20952.42 3350.00 54000.00 1.0454
42500 299.60 -226.97 -20952.42 3350.00 54000.00 1.0454
42600 299.60 -226.97 -20952.42 3350.00 54000.00 1.0454
42700 299.60 -226.97 -20952.42 3350.00 54000.00 1.0454
42800 299.60 -226.97 -20952.42 3350.00 54000.00 1.0454
42900 299.60 -226.97 -20952.42 3350.00 54000.00 1.0454
43000 299.60 -226.97 -20952.42 3350.00 54000.00 1.0454
43100 299.60 -226.97 -20952.42 3350.00 54000.00 1.0454
43200 299.60 -226.97 -20952.42 3350.00 54000.00 1.0454
43300 299.60 -226.97 -20952.42 3350.00 54000.00 1.0454
43400 299.60 -226.97 -20952.42 3350.00 54000.00 1.0454
43500 299.60 -226.97 -20952.42 3350.00 54000.00 1.0454
43600 299.60 -226.97 -20952.42 3350.00 54000.00 1.0454
43700 299.60 -226.97 -20952.42 3350.00 54000.00 1.0454
43800 299.60 -226.97 -20952.42 3350.00 54000.00 1.0454
43900 299.60 -226.97 -20952.42 3350.00 54000.00 1.0454
44000 299.60 -226.97 -20952.42 3350.00 54000.00 1.0454
44100 299.60 -226.97 -20952.42 3350.00 54000.00 1.0454
44200 299.60 -226.97 -20952.42 3350.00 54000.00 1.0454
44300 299.60 -226.97 -20952.42 3350.00 54000.00 1.0454
44400 299.60 -226.97 -20952.42 3350.00 54000.00 1.0454
44500 299.60 -226.97 -20952.42 3350.00 54000.00 1.0454
44600 299.60 -226.97 -20952.42 3350.00 54000.00 1.0454
44700 299.60 -226.97 -20952.42 3350.00 54000.00 1.0454
44800 299.60 -226.97 -20952.42 3350.00 54000.00 1.0454
44900 299.60 -226.97 -20952.42 3350.00 54000.00 1.0454
45000 299.60 -226.97 -20952.42 3350.00 54000.00 1.0454
45100 299.60 -226.97 -20952.42 3350.00 54000.00 1.0454
45200 299.60 -226.97 -20952.42 3350.00 54000.00 1.0454
45300 299.60 -226.97 -20952.42 3350.00 54000.00 1.0454
45400 299.60 -226.97 -20952.42 3350.00 54000.00 1.0454
45500 299.60 -226.97 -20952.42 3350.00 54000.00 1.0454
45600 299.60 -226.97 -20952.42 3350.00 54000.00 1.0454
45700 299.60 -226.97 -20952.42 3350.00 54000.00 1.0454
45800 299.60 -226.97 -20952.42 3350.00 54000.00 1.0454
45900 299.60 -226.97 -20952.42 3350.00 54000.00 1.0454
46000 299.60 -226.97 -20952.42 3350.00 54000.00 1.0454
46100 299.60 -226.97 -20952.42 3350.00 54000.00 1.0454
46200 299.60 -226.97 -20952.42 3350.00 54000.00 1.0454
46300 299.60 -226.97 -20952.42 3350.00 54000.00 1.0454
46400 299.60 -226.97 -20952.42 3350.00 54000.00 1.0454
46500 299.60 -226.97 -20952.42 3350.00 54000.00 1.0454
46600 299.60 -226.97 -20952.42 3350.00 54000.00 1.0454
46700 299.60 -226.97 -20952.42 3350.00 54000.00 1.0454
46800 299.60 -226.97 -20952.42 3350.00 54000.00 1.0454
46900 299.60 -226.97 -20952.42 3350.00 54000.00 1.0454
47000 299.60 -226.97 -20952.42 3350.00 54000.00 1.0454
47100 299.60 -226.97 -20952.42 3350.00 54000.00 1.0454
47200 299.60 -226.97 -20952.42 3350.00 54000.00 1.0454
47300 299.60 -226.97 -20952.42 3350.00 54000.00 1.0454
47400 299.60 -226.97 -20952.42 3350.00 54000.00 1.0454
47500 299.60 -226.97 -20952.42 3350.00 54000.00 1.0454
47600 299.60 -226.97 -20952.42 3350.00 54000.00 1.0454
47700 299.60 -226.97 -20952.42 3350.00 54000.00 1.0454
47800 299.60 -226.97 -20952.42 3350.00 54000.00 1.0454
47900 299.60 -226.97 -20952.42 3350.00 54000.00 1.0454
48000 299.60 -226.97 -20952.42 3350.00 54000.00 1.0454
48100 299.60 -226.97 -20952.42 3350.00 54000.00 1.0454
48200 299.60 -226.97 -20952.42 3350.00 54000.00 1.0454
48300 299.60 -226.97 -20952.42 3350.00 54000.00 1.0454
48400 299.60 -226.97 -20952.42 3350.00 54000.00 1.0454
48500 299.60 -226.97 -20952.42 3350.00 54000.00 1.0454
48600 299.60 -226.97 -20952.42 3350.00 54000.00 1.0454
48700 299.60 -226.97 -20952.42 3350.00 54000.00 1.0454
48800 299.60 -226.97 -20952.42 3350.00 54000.00 1.0454
48900 299.60 -226.97 -20952.42 3350.00 54000.00 1.0454
49000 299.60 -226.97 -20952.42 3350.00 54000.00 1.0454
49100 299.60 -226.97 -20952.42 3350.00 54000.00 1.0454
49200 299.60 -226.97 -20952.42 3350.00 54000.00 1.0454
49300 299.60 -226.97 -20952.42 3350.00 54000.00 1.0454
49400 299.60 -226.97 -20952.42 3350.00 54000.00 1.0454
49500 299.60 -226.97 -20952.42 3350.00 54000.00 1.0454
49600 299.60 -226.97 -20952.42 3350.00 54000.00 1.0454
49700 299.60 -226.97 -20952.42 3350.00 54000.00 1.0454
49800 299.60 -226.97 -20952.42 3350.00 54000.00 1.0454
49900 299.60 -226.97 -20952.42 3350.00 54000.00 1.0454
50000 299.60 -226.97 -20952.42 3350.00 54000.00 1.0454
50100 299.60 -226.97 -20952.42 3350.00 54000.00 1.0454
50200 299.60 -226.97 -20952.42 3350.00 54000.00 1.0454
50300 299.60 -226.97 -20952.42 3350.00 54000.00 1.0454
50400 299.60 -226.97 -20952.42 3350.00 54000.00 1.0454
50500 299.60 -226.97 -20952.42 3350.00 54000.00 1.0454
50600 299.60 -226.97 -20952.42 3350.00 54000.00 1.0454
50700 299.60 -226.97 -20952.42 3350.00 54000.00 1.0454
50800 299.60 -226.97 -20952.42 3350.00 54000.00 1.0454
50900 299.60 -226.97 -20952.42 3350.00 54000.00 1.0454
51000 299.60 -226.97 -20952.42 3350.00 54000.00 1.0454
51100 299.60 -226.97 -20952.42 3350.00 54000.00 1.0454
51200 299.60 -226.97 -20952.42 3350.00 54000.00 1.0454
51300 299.60 -226.97 -20952.42 3350.00 54000.00 1.0454
51400 299.60 -226.97 -20952.42 3350.00 54000.00 1.0454
51500 299.60 -226.97 -20952.42 3350.00 54000.00 1.0454
51600 299.60 -226.97 -20952.42 3350.00 54000.00 1.0454
51700 299.60 -226.97 -20952.42 3350.00 54000.00 1.0454
51800 299.60 -226.97 -20952.42 3350.00 54000.00 1.0454
51900 299.60 -226.97 -20952.42 3350.00 54000.00 1.0454
52000 299.60 -226.97 -20952.42 3350.00 54000.00 1.0454
52100 299.60 -226.97 -20952.42 3350.00 54000.00 1.0454
52200 299.60 -226.97 -20952.42 3350.00 54000.00 1.0454
52300 299.60 -226.97 -20952.42 3350.00 54000.00 1.0454
52400 299.60 -226.97 -20952.42 3350.00 54000.00 1.0454
52500 299.60 -226.97 -20952.42 3350.00 54000.00 1.0454
52600 299.60 -226.97 -20952.42 3350.00 54000.00 1.0454
52700 299.60 -226.97 -20952.42 3350.00 54000.00 1.0454
52800 299.60 -226.97 -20952.42 3350.00 54000.00 1.0454
52900 299.60 -226.97 -20952.42 3350.00 54000.00 1.0454
53000 299.60 -226.97 -20952.42 3350.00 54000.00 1.0454
53100 299.60 -226.97 -20952.42 3350.00 54000.00 1.0454
53200 299.60 -226.97 -20952.42 3350.00 54000.00 1.0454
53300 299.60 -226.97 -20952.42 3350.00 54000.00 1.0454
53400 299.60 -226.97 -20952.42 3350.00 54000.00 1.0454
53500 299.60 -226.97 -20952.42 3350.00 54000.00 1.0454
53600 299.60 -226.97 -20952.42 3350.00 54000.00 1.0454
53700 299.60 -226.97 -20952.42 3350.00 54000.00 1.0454
53800 299.60 -226.97 -20952.42 3350.00 54000.00 1.0454
53900 299.60 -226.97 -20952.42 3350.00 54000.00 1.0454
54000 299.60 -226.97 -20952.42 3350.00 54000.00 1.0454
54100 299.60 -226.97 -20952.42 3350.00 54000.00 1.0454
54200 299.60 -226.97 -20952.42 3350.00 54000.00 1.0454
54300 299.60 -226.97 -20952.42 3350.00 54000.00 1.0454
54400 299.60 -226.97 -20952.42 3350.00 54000.00 1.0454
54500 299.60 -226.97 -20952.42 3350.00 54000.00 1.0454
54600 299.60 -226.97 -20952.42 3350.00 54000.00 1.0454
54700 299.60 -226.97 -20952.42 3350.00 54000.00 1.0454
54800 299.60 -226.97 -20952.42 3350.00 54000.00 1.0454
54900 299.60 -226.97 -20952.42 3350.00 54000.00 1.0454
55000 299.60 -226.97 -20952.42 3350.00 54000.00 1.0454
55100 299.60 -226.97 -20952.42 3350.00 54000.00 1.0454
55200 299.60 -226.97 -20952.42 3350.00 54000.00 1.0454
55300 299.60 -226.97 -20952.42 3350.00 54000.00 1.0454
55400 299.60 -226.97 -20952.42 3350.00 54000.00 1.0454
55500 299.60 -226.97 -20952.42 3350.00 54000.00 1.0454
55600 299.60 -226.97 -20952.42 3350.00 54000.00 1.0454
55700 299.60 -226.97 -20952.42 3350.00 54000.00 1.0454
55800 299.60 -226.97 -20952.42 3350.00 54000.00 1.0454
55900 299.60 -226.97 -20952.42 3350.00 54000.00 1.0454
56000 299.60 -226.97 -20952.42 3350.00 54000.00 1.0454
56100 299.60 -226.97 -20952.42 3350.00 54000.00 1.0454
56200 299.60 -226.97 -20952.42 3350.00 54000.00 1.0454
56300 299.60 -226.97 -20952.42 3350.00 54000.00 1.0454
56400 299.60 -226.97 -20952.42 3350.00 54000.00 1.0454
56500 299.60 -226.97 -20952.42 3350.00 54000.00 1.0454
56600 299.60 -226.97 -20952.42 3350.00 54000.00 1.0454
56700 299.60 -226.97 -20952.42 3350.00 54000.00 1.0454
56800 299.60 -226.97 -20952.42 3350.00 54000.00 1.0454
56900 299.60 -226.97 -20952.42 3350.00 54000.00 1.0454
57000 299.60 -226.97 -20952.42 3350.00 54000.00 1.0454
57100 299.60 -226.97 -20952.42 3350.00 54000.00 1.0454
57200 299.60 -226.97 -20952.42 3350.00 54000.00 1.0454
57300 299.60 -226.97 -20952.42 3350.00 54000.00 1.0454
57400 299.60 -226.97 -20952.42 3350.00 54000.00 1.0454
57500 299.60 -226.97 -20952.42 3350.00 54000.00 1.0454
57600 299.60 -226.97 -20952.42 3350.00 54000.00 1.0454
57700 299.60 -226.97 -20952.42 3350.00 54000.00 1.0454
57800 299.60 -226.97 -20952.42 3350.00 54000.00 1.0454
57900 299.60 -226.97 -20952.42 3350.00 54000.00 1.0454
58000 299.60 -226.97 -20952.42 3350.00 54000.00 1.0454
58100 299.60 -226.97 -20952.42 3350.00 54000.00 1.0454
58200 299.60 -226.97 -20952.42 3350.00 54000.00 1.0454
58300 299.60 -226.97 -20952.42 3350.00 54000.00 1.0454
58400 299.60 -226.97 -20952.42 3350.00 54000.00 1.0454
58500 299.60 -226.97 -20952.42 3350.00 54000.00 1.0454
58600 299.60 -226.97 -20952.42 3350.00 54000.00 1.0454
58700 299.60 -226.97 -20952.42 3350.00 54000.00 1.0454
58800 299.60 -226.97 -20952.42 3350.00 54000.00 1.0454
58900 299.60 -226.97 -20952.42 3350.00 54000.00 1.0454
59000 299.60 -226.97 -20952.42 3350.00 54000.00 1.0454
59100 299.60 -226.97 -20952.42 3350.00 54000.00 1.0454
59200 299.60 -226.97 -20952.42 3350.00 54000.00 1.0454
59300 299.60 -226.97 -20952.42 3350.00 54000.00 1.0454
59400 299.60 -226.97 -20952.42 3350.00 54000.00 1.0454
59500 299.60 -226.97 -20952.42 3350.00 54000.00 1.0454
59600 299.60 -226.97 -20952.42 3350.00 54000.00 1.0454
59700 299.60 -226.97 -20952.42 3350.00 54000.00 1.0454
59800 299.60 -226.97 -20952.42 3350.00 54000.00 1.0454
59900 299.60 -226.97 -20952.42 3350.00 54000.00 1.0454
60000 299.60 -226.97 -20952.42 3350.00 54000.00 1.0454
60100 299.60 -226.97 -20952.42 3350.00 54000.00 1.0454
60200 299.60 -226.97 -20952.42 3350.00 54000.00 1.0454
60300 299.60 -226.97 -20952.42 3350.00 54000.00 1.0454
60400 299.60 -226.97 -20952.42 3350.00 54000.00 1.0454
60500 299.60 -226.97 -20952.42 3350.00 54000.00 1.0454
60600 299.60 -226.97 -20952.42 3350.00 54000.00 1.0454
60700 299.60 -226.97 -20952.42 3350.00 54000.00 1.0454
60800 299.60 -226.97 -20952.42 3350.00 54000.00 1.0454
60900 299.60 -226.97 -20952.42 3350.00 54000.00 1.0454
61000 299.60 -226.97 -20952.42 3350.00 54000.00 1.0454
61100 299.60 -226.97 -20952.42 3350.00 54000.00 1.0454
61200 299.60 -226.97 -20952.42 3350.00 54000.00 1.0454
61300 299.60 -226.97 -20952.42 3350.00 54000.00 1.0454
61400 299.60 -226.97 -20952.42 3350.00 54000.00 1.0454
61500 299.60 -226.97 -20952.42 3350.00 54000.00 1.0454
61600 299.60 -226.97 -20952.42 3350.00 54000.00 1.0454
61700 299.60 -226.97 -20952.42 3350.00 54000.00 1.0454
61800 299.60 -226.97 -20952.42 3350.00 54000.00 1.0454
61900 299.60 -226.97 -20952.42 3350.00 54000.00 1.0454
62000 299.60 -226.97 -20952.42 3350.00 54000.00 1.0454
62100 299.60 -226.97 -20952.42 3350.00 54000.00 1.0454
62200 299.60 -226.97 -20952.42 3350.00 54000.00 1.0454
62300 299.60 -226.97 -20952.42 3350.00 54000.00 1.0454
62400 299.60 -226.97 -20952.42 3350.00 54000.00 1.0454
62500 299.60 -226.97 -20952.42 3350.00 54000.00 1.0454
62600 299.60 -226.97 -20952.42 3350.00 54000.00 1.0454
62700 299.60 -226.97 -20952.42 3350.00 54000.00 1.0454
62800 299.60 -226.97 -20952.42 3350.00 54000.00 1.0454
62900 299.60 -226.97 -20952.42 3350.00 54000.00 1.0454
63000 299.60 -226.97 -20952.42 3350.00 54000.00 1.0454
63100 299.60 -226.97 -20952.42 3350.00 54000.00 1.0454
63200 299.60 -226.97 -20952.42 3350.00 54000.00 1.0454
63300 299.60 -226.97 -20952.42 3350.00 54000.00 1.0454
63400 299.60 -226.97 -20952.42 3350.00 54000.00 1.0454
63500 299.60 -226.97 -20952.42 3350.00 54000.00 1.0454
63600 299.60 -226.97 -20952.42 3350.00 54000.00 1.0454
63700 299.60 -226.97 -20952.42 3350.00 54000.00 1.0454
63800 299.60 -226.97 -20952.42 3350.00 54000.00 1.0454
63900 299.60 -226.97 -20952.42 3350.00 54000.00 1.0454
64000 299.60 -226.97 -20952.42 3350.00 54000.00 1.0454
64100 299.60 -226.97 -20952.42 3350.00 54000.00 1.0454
64200 299.60 -226.97 -20952.42 3350.00 54000.00 1.0454
64300 299.60 -226.97 -20952.42 3350.00 54000.00 1.0454
64400 299.60 -226.97 -20952.42 3350.00 54000.00 1.0454
64500 299.60 -226.97 -20952.42 3350.00 54000.00 1.0454
64600 299.60 -226.97 -20952.42 3350.00 54000.00 1.0454
64700 299.60 -226.97 -20952.42 3350.00 54000.00 1.0454
64800 299.60 -226.97 -20952.42 3350.00 54000.00 1.0454
64900 299.60 -226.97 -20952.42 3350.00 54000.00 1.0454
65000 299.60 -226.97 -20952.42 3350.00 54000.00 1.0454
65100 299.60 -226.97 -20952.42 3350.00 54000.00 1.0454
65200 299.60 -226.97 -20952.42 3350.00 54000.00 1.0454
65300 299.60 -226.97 -20952.42 3350.00 54000.00 1.0454
65400 299.60 -226.97 -20952.42 3350.00 54000.00 1.0454
65500 299.60 -226.97 -20952.42 3350.00 54000.00 1.0454
65600 299.60 -226.97 -20952.42 3350.00 54000.00 1.0454
65700 299.60 -226.97 -20952.42 3350.00 54000.00 1.0454
65800 299.60 -226.97 -20952.42 3350.00 54000.00 1.0454
65900 299.60 -226.97 -20952.42 3350.00 54000.00 1.0454
66000 299.60 -226.97 -20952.42 3350.00 54000.00 1.0454
66100 299.60 -226.97 -20952.42 3350.00 54000.00 1.0454
66200 299.60 -226.97 -20952.42 3350.00 54000.00 1.0454
66300 299.60 -226.97 -20952.42 3350.00 54000.00 1.0454
66400 299.60 -226.97 -20952.42 3350.00 54000.00 1.0454
66500 299.60 -226.97 -20952.42 3350.00 54000.00 1.0454
66600 299.60 -226.97 -20952.42 3350.00 54000.00 1.0454
66700 299.60 -226.97 -20952.42 3350.00 54000.00 1.0454
66800 299.60 -226.97 -20952.42 3350.00 54000.00 1.0454
66900 299.60 -226.97 -20952.42 3350.00 54000.00 1.0454
67000 299.60 -226.97 -20952.42 3350.00 54000.00 1.0454
67100 299.60 -226.97 -20952.42 3350.00 54000.00 1.0454
67200 299.60 -226.97 -20952.42 3350.00 54000.00 1.0454
67300 299.60 -226.97 -20952.42 3350.00 54000.00 1.0454
67400 299.60 -226.97 -20952.42 3350.00 54000.00 1.0454
67500 299.60 -226.97 -20952.42 3350.00 54000.00 1.0454
67600 299.60 -226.97 -20952.42 3350.00 54000.00 1.0454
67700 299.60 -226.97 -20952.42 3350.00 54000.00 1.0454
67800 299.60 -226.97 -20952.42 3350.00 54000.00 1.0454
67900 299.60 -226.97 -20952.42 3350.00 54000.00 1.0454
68000 299.60 -226.97 -20952.42 3350.00 54000.00 1.0454
68100 299.60 -226.97 -20952.42 3350.00 54000.00 1.0454
68200 299.60 -226.97 -20952.42 3350.00 54000.00 1.0454
68300 299.60 -226.97 -20952.42 3350.00 54000.00 1.0454
68400 299.60 -226.97 -20952.42 3350.00 54000.00 1.0454
68500 299.60 -226.97 -20952.42 3350.00 54000.00 1.0454
68600 299.60 -226.97 -20952.42 3350.00 54000.00 1.0454
68700 299.60 -226.97 -20952.42 3350.00 54000.00 1.0454
68800 299.60 -226.97 -20952.42 3350.00 54000.00 1.0454
68900 299.60 -226.97 -20952.42 3350.00 54000.00 1.0454
69000 299.60 -226.97 -20952.42 3350.00 54000.00 1.0454
69100 299.60 -226.97 -20952.42 3350.00 54000.00 1.0454
69200 299.60 -226.97 -20952.42 3350.00 54000.00 1.0454
69300 299.60 -226.97 -20952.42 3350.00 54000.00 1.0454
69400 299.60 -226.97 -20952.42 3350.00 54000.00 1.0454
69500 299.60 -226.97 -20952.42 3350.00 54000.00 1.0454
69600 299.60 -226.97 -20952.42 3350.00 54000.00 1.0454
69700 299.60 -226.97 -20952.42 3350.00 54000.00 1.0454
69800 299.60 -226.97 -20952.42 3350.00 54000.00 1.0454
69900 299.60 -226.97 -20952.42 3350.00 54000.00 1.0454
70000 299.60 -226.97 -20952.42 3350.00 54000.00 1.0454
70100 299.60 -226.97 -20952.42 3350.00 54000.00 1.0454
70200 299.60 -226.97 -20952.42 3350.00 54000.00 1.0454
70300 299.60 -226.97 -20952.42 3350.00 54000.00 1.0454
70400 299.60 -226.97 -20952.42 3350.00 54000.00 1.0454
70500 299.60 -226.97 -20952.42 3350.00 54000.00 1.0454
70600 299.60 -226.97 -20952.42 3350.00 54000.00 1.0454
70700 299.60 -226.97 -20952.42 3350.00 54000.00 1.0454
70800 299.60 -226.97 -20952.42 3350.00 54000.00 1.0454
70900 299.60 -226.97 -20952.42 3350.00 54000.00 1.0454
71000 299.60 -226.97 -20952.42 3350.00 54000.00 1.0454
71100 299.60 -226.97 -20952.42 3350.00 54000.00 1.0454
71200 299.60 -226.97 -20952.42 3350.00 54000.00 1.0454
71300 299.60 -226.97 -20952.42 3350.00 54000.00 1.0454
71400 299.60 -226.97 -20952.42 3350.00 54000.00 1.0454
71500 299.60 -226.97 -20952.42 3350.00 54000.00 1.0454
71600 299.60 -226.97 -20952.42 3350.00 54000.00 1.0454
71700 299.60 -226.97 -20952.42 3350.00 54000.00 1.0454
71800 299.60 -226.97 -20952.42 3350.00 54000.00 1.0454
71900 299.60 -226.97 -20952.42 3350.00 54000.00 1.0454
72000 299.60 -226.97 -20952.42 3350.00 54000.00 1.0454
72100 299.60 -226.97 -20952.42 3350.00 54000.00 1.0454
72200 299.60 -226.97 -20952.42 3350.00 54000.00 1.0454
72300 299.60 -226.97 -20952.42 3350.00 54000.00 1.0454
72400 299.60 -226.97 -20952.42 3350.00 54000.00 1.0454
72500 299.60 -226.97 -20952.42 3350.00 54000.00 1.0454
72600 299.60 -226.97 -20952.42 3350.00 54000.00 1.0454
72700 299.60 -226.97 -20952.42 3350.00 54000.00 1.0454
72800 299.60 -226.97 -20952.42 3350.00 54000.00 1.0454
72900 299.60 -226.97 -20952.42 3350.00 54000.00 1.0454
73000 299.60 -226.97 -20952.42 3350.00 54000.00 1.0454
73100 299.60 -226.97 -20952.42 3350.00 54000.00 1.0454
73200 299.60 -226.97 -20952.42 3350.00 54000.00 1.0454
73300 299.60 -226.97 -20952.42 3350.00 54000.00 1.0454
73400 299.60 -226.97 -20952.42 3350.00 54000.00 1.0454
73500 299.60 -226.97 -20952.42 3350.00 54000.00 1.0454
73600 299.60 -226.97 -20952.42 3350.00 54000.00 1.0454
73700 299.60 -226.97 -20952.42 3350.00 54000.00 1.0454
73800 299.60 -226.97 -20952.42 3350.00 54000.00 1.0454
73900 299.60 -226.97 -20952.42 3350.00 54000.00 1.0454
74000 299.60 -226.97 -20952.42 3350.00 54000.00 1.0454
74100 299.60 -226.97 -20952.42 3350.00 54000.00 1.0454
74200 299.60 -226.97 -20952.42 3350.00 54000.00 1.0454
74300 299.60 -226.97 -20952.42 3350.00 54000.00 1.0454
74400 299.60 -226.97 -20952.42 3350.00 54000.00 1.0454
74500 299.60 -226.97 -20952.42 3350.00 54000.00 1.0454
74600 299.60 -226.97 -20952.42 3350.00 54000.00 1.0454
74700 299.60 -226.97 -20952.42 3350.00 54000.00 1.0454
74800 299.60 -226.97 -20952.42 3350.00 54000.00 1.0454
74900 299.60 -226.97 -20952.42 3350.00 54000.00 1.0454
75000 299.60 -226.97 -20952.42 3350.00 54000.00 1.0454
75100 299.60 -226.97 -20952.42 3350.00 54000.00 1.0454
75200 299.60 -226.97 -20952.42 3350.00 54000.00 1.0454
75300 299.60 -226.97 -20952.42 3350.00 54000.00 1.0454
75400 299.60 -226.97 -20952.42 3350.00 54000.00 1.0454
75500 299.60 -226.97 -20952.42 3350.00 54000.00 1.0454
75600 299.60 -226.97 -20952.42 3350.00 54000.00 1.0454
75700 299.60 -226.97 -20952.42 3350.00 54000.00 1.0454
75800 299.60 -226.97 -20952.42 3350.00 54000.00 1.0454
75900 299.60 -226.97 -20952.42 3350.00 54000.00 1.0454
76000 299.60 -226.97 -20952.42 3350.00 54000.00 1.0454
76100 299.60 -226.97 -20952.42 3350.00 54000.00 1.0454
76200 299.60 -226.97 -20952.42 3350.00 54000.00 1.0454
76300 299.60 -226.97 -20952.42 3350.00 54000.00 1.0454
76400 299.60 -226.97 -20952.42 3350.00 54000.00 1.0454
76500 299.60 -226.97 -20952.42 3350.00 54000.00 1.0454
76600 299.60 -226.97 -20952.42 3350.00 54000.00 1.0454
76700 299.60 -226.97 -20952.42 3350.00 54000.00 1.0454
76800 299.60 -226.97 -20952.42 3350.00 54000.00 1.0454
76900 299.60 -226.97 -20952.42 3350.00 54000.00 1.0454
77000 299.60 -226.97 -20952.42 3350.00 54000.00 1.0454
77100 299.60 -226.97 -20952.42 3350.00 54000.00 1.0454
77200 299.60 -226.97 -20952.42 3350.00 54000.00 1.0454
77300 299.60 -226.97 -20952.42 3350.00 54000.00 1.0454
77400 299.60 -226.97 -20952.42 3350.00 54000.00 1.0454
77500 299.60 -226.97 -20952.42 3350.00 54000.00 1.0454
77600 299.60 -226.97 -20952.42 3350.00 54000.00 1.0454
77700 299.60 -226.97 -20952.42 3350.00 54000.00 1.0454
77800 299.60 -226.97 -20952.42 3350.00 54000.00 1.0454
77900 299.60 -226.97 -20952.42 3350.00 54000.00 1.0454
78000 299.60 -226.97 -20952.42 3350.00 54000.00 1.0454
78100 299.60 -226.97 -20952.42 3350.00 54000.00 1.0454
78200 299.60 -226.97 -20952.42 3350.00 54000.00 1.0454
78300 299.60 -226.97 -20952.42 3350.00 54000.00 1.0454
78400 299.60 -226.97 -20952.42 3350.00 54000.00 1.0454
78500 299.60 -226.97 -20952.42 3350.00 54000.00 1.0454
78600 299.60 -226.97 -20952.42 3350.00 54000.00 1.0454
78700 299.60 -226.97 -20952.42 3350.00 54000.00 1.0454
78800 299.60 -226.97 -20952.42 3350.00 54000.00 1.0454
78900 299.60 -226.97 -20952.42 3350.00 54000.00 1.0454
79000 299.60 -226.97 -20952.42 3350.00 54000.00 1.0454
79100 299.60 -226.97 -20952.42 3350.00 54000.00 1.0454
79200 299.60 -226.97 -20952.42 3350.00 54000.00 1.0454
79300 299.60 -226.97 -20952.42 3350.00 54000.00 1.0454
79400 299.60 -226.97 -20952.42 3350.00 54000.00 1.0454
79500 299.60 -226.97 -20952.42 3350.00 54000.00 1.0454
79600 299.60 -226.97 -20952.42 3350.00 54000.00 1.0454
79700 299.60 -226.97 -20952.42 3350.00 54000.00 1.0454
79800 299.60 -226.97 -20952.42 3350.00 54000.00 1.0454
79900 299.60 -226.97 -20952.42 3350.00 54000.00 1.0454
80000 299.60 -226.97 -20952.42 3350.00 54000.00 1.0454
80100 299.60 -226.97 -20952.42 3350.00 54000.00 1.0454
80200 299.60 -226.97 -20952.42 3350.00 54000.00 1.0454
80300 299.60 -226.97 -20952.42 3350.00 54000.00 1.0454
80400 299.60 -226.97 -20952.42 3350.00 54000.00 1.0454
80500 299.60 -226.97 -20952.42 3350.00 54000.00 1.0454
80600 299.60 -226.97 -20952.42 3350.00 54000.00 1.0454
80700 299.60 -226.97 -20952.42 3350.00 54000.00 1.0454
80800 299.60 -226.97 -20952.42 3350.00 54000.00 1.0454
80900 299.60 -226.97 -20952.42 3350.00 54000.00 1.0454
81000 299.60 -226.97 -20952.42 3350.00 54000.00 1.0454
81100 299.60 -226.97 -20952.42 3350.00 54000.00 1.0454
81200 299.60 -226.97 -20952.42 3350.00 54000.00 1.0454
81300 299.60 -226.97 -20952.42 3350.00 54000.00 1.0454
81400 299.60 -226.97 -20952.42 3350.00 54000.00 1.0454
81500 299.60 -226.97 -20952.42 3350.00 54000.00 1.0454
81600 299.60 -226.97 -20952.42 3350.00 54000.00 1.0454
81700 299.60 -226.97 -20952.42 3350.00 54000.00 1.0454
81800 299.60 -226.97 -20952.42 3350.00 54000.00 1.0454
81900 299.60 -226.97 -20952.42 3350.00 54000.00 1.0454
82000 299.60 -226.97 -20952.42 3350.00 54000.00 1.0454
82100 299.60 -226.97 -20952.42 3350.00 54000.00 1.0454
82200 299.60 -226.97 -20952.42 3350.00 54000.00 1.0454
82300 299.60 -226.97 -20952.42 3350.00 54000.00 1.0454
82400 299.60 -226.97 -20952.42 3350.00 54000.00 1.0454
82500 299.60 -226.97 -20952.42 3350.00 54000.00 1.0454
82600 299.60 -226.97 -20952.42 3350.00 54000.00 1.0454
82700 299.60 -226.97 -20952.42 3350.00 54000.00 1.0454
82800 299.60 -226.97 -20952.42 3350.00 54000.00 1.0454
82900 299.60 -226.97 -20952.42 3350.00 54000.00 1.0454
83000 299.60 -226.97 -20952.42 3350.00 54000.00 1.0454
83100 299.60 -226.97 -20952.42 3350.00 54000.00 1.0454
83200 299.60 -226.97 -20952.42 3350.00 54000.00 1.0454
83300 299.60 -226.97 -20952.42 3350.00 54000.00 1.0454
83400 299.60 -226.97 -20952.42 3350.00 54000.00 1.0454
83500 299.60 -226.97 -20952.42 3350.00 54000.00 1.0454
83600 299.60 -226.97 -20952.42 3350.00 54000.00 1.0454
83700 299.60 -226.97 -20952.42 3350.00 54000.00 1.0454
83800 299.60 -226.97 -20952.42 3350.00 54000.00 1.0454
83900 299.60 -226.97 -20952.42 3350.00 54000.00 1.0454
84000 299.60 -226.97 -20952.42 3350.00 54000.00 1.0454
84100 299.60 -226.97 -20952.42 3350.00 54000.00 1.0454
84200 299.60 -226.97 -20952.42 3350.00 54000.00 1.0454
84300 299.60 -226.97 -20952.42 3350.00 54000.00 1.0454
84400 299.60 -226.97 -20952.42 3350.00 54000.00 1.0454
84500 299.60 -226.97 -20952.42 3350.00 54000.00 1.0454
84600 299.60 -226.97 -20952.42 3350.00 54000.00 1.0454
84700 299.60 -226.97 -20952.42 3350.00 54000.00 1.0454
84800 299.60 -226.97 -20952.42 3350.00 54000.00 1.0454
84900 299.60 -226.97 -20952.42 3350.00 54000.00 1.0454
85000 299.60 -226.97 -20952.42 3350.00 54000.00 1.0454
85100 299.60 -226.97 -20952.42 3350.00 54000.00 1.0454
85200 299.60 -226.97 -20952.42 3350.00 54000.00 1.0454
85300 299.60 -226.97 -20952.42 3350.00 54000.00 1.0454
85400 299.60 -226.97 -20952.42 3350.00 54000.00 1.0454
85500 299.60 -226.97 -20952.42 3350.00 54000.00 1.0454
85600 299.60 -226.97 -20952.42 3350.00 54000.00 1.0454
85700 299.60 -226.97 -20952.42 3350.00 54000.00 1.0454
85800 299.60 -226.97 -20952.42 3350.00 54000.00 1.0454
85900 299.60 -226.97 -20952.42 3350.00 54000.00 1.0454
86000 299.60 -226.97 -20952.42 3350.00 54000.00 1.0454
86100 299.60 -226.97 -20952.42 3350.00 54000.00 1.0454
86200 299.60 -226.97 -20952.42 3350.00 54000.00 1.0454
86300 299.60 -226.97 -20952.42 3350.00 54000.00 1.0454
86400 299.60 -226.97 -20952.42 3350.00 54000.00 1.0454
86500 299.60 -226.97 -20952.42 3350.00 54000.00 1.0454
86600 299.60 -226.97 -20952.42 3350.00 54000.00 1.0454
86700 299.60 -226.97 -20952.42 3350.00 54000.00 1.0454
86800 299.60 -226.97 -20952.42 3350.00 54000.00 1.0454
86900 299.60 -226.97 -20952.42 3350.00 54000.00 1.0454
87000 299.60 -226.97 -20952.42 3350.00 54000.00 1.0454
87100 299.60 -226.97 -20952.42 3350.00 54000.00 1.0454
87200 299.60 -226.97 -20952.42 3350.00 54000.00 1.0454
87300 299.60 -226.97 -20952.42 3350.00 54000.00 1.0454
87400 299.60 -226.97 -20952.42 3350.00 54000.00 1.0454
87500 299.60 -226.97 -20952.42 3350.00 54000.00 1.0454
87600 299.60 -226.97 -20952.42 3350.00 54000.00 1.0454
87700 299.60 -226.97 -20952.42 3350.00 54000.00 1.0454
87800 299.60 -226.97 -20952.42 3350.00 54000.00 1.0454
87900 299.60 -226.97 -20952.42 3350.00 54000.00 1.0454
88000 299.60 -226.97 -20952.42 3350.00 54000.00 1.0454
88100 299.60 -226.97 -20952.42 3350.00 54000.00 1.0454
88200 299.60 -226.97 -20952.42 3350.00 54000.00 1.0454
88300 299.60 -226.97 -20952.42 3350.00 54000.00 1.0454
88400 299.60 -226.97 -20952.42 3350.00 54000.00 1.0454
88500 299.60 -226.97 -20952.42 3350.00 54000.00 1.0454
88600 299.60 -226.97 -20952.42 3350.00 54000.00 1.0454
88700 299.60 -226.97 -20952.42 3350.00 54000.00 1.0454
88800 299.60 -226.97 -20952.42 3350.00 54000.00 1.0454
88900 299.60 -226.97 -20952.42 3350.00 54000.00 1.0454
89000 299.60 -226.97 -20952.42 3350.00 54000.00 1.0454
89100 299.60 -226.97 -20952.42 3350.00 54000.00 1.0454
89200 299.60 -226.97 -20952.42 3350.00 54000.00 1.0454
89300 299.60 -226.97 -20952.42 3350.00 54000.00 1.0454
89400 299.60 -226.97 -20952.42 3350.00 54000.00 1.0454
89500 299.60 -226.97 -20952.42 3350.00 54000.00 1.0454
89600 299.60 -226.97 -20952.42 3350.00 54000.00 1.0454
89700 299.60 -226.97 -20952.42 3350.00 54000.00 1.0454
89800 299.60 -226.97 -20952.42 3350.00 54000.00 1.0454
89900 299.60 -226.97 -20952.42 3350.00 54000.00 1.0454
90000 299.60 -226.97 -20952.42 3350.00 54000.00 1.0454
90100 299.60 -226.97 -20952.42 3350.00 54000.00 1.0454
90200 299.60 -226.97 -20952.42 3350.00 54000.00 1.0454
90300 299.60 -226.97 -20952.42 3350.00 54000.00 1.0454
90400 299.60 -226.97 -20952.42 3350.00 54000.00 1.0454
90500 299.60 -226.97 -20952.42 3350.00 54000.00 1.0454
90600 299.60 -226.97 -20952.42 3350.00 54000.00 1.0454
90700 299.60 -226.97 -20952.42 3350.00 54000.00 1.0454
90800 299.60 -226.97 -20952.42 3350.00 54000.00 1.0454
90900 299.60 -226.97 -20952.42 3350.00 54000.00 1.0454
91000 299.60 -226.97 -20952.42 3350.00 54000.00 1.0454
91100 299.60 -226.97 -20952.42 3350.00 54000.00 1.0454
91200 299.60 -226.97 -20952.42 3350.00 54000.00 1.0454
91300 299.60 -226.97 -20952.42 3350.00 54000.00 1.0454
91400 299.60 -226.97 -20952.42 3350.00 54000.00 1.0454
91500 299.60 -226.97 -20952.42 3350.00 54000.00 1.0454
91600 299.60 -226.97 -20952.42 3350.00 54000.00 1.0454
91700 299.60 -226.97 -20952.42 3350.00 54000.00 1.0454
91800 299.60 -226.97 -20952.42 3350.00 54000.00 1.0454
91900 299.60 -226.97 -20952.42 3350.00 54000.00 1.0454
92000 299.60 -226.97 -20952.42 3350.00 54000.00 1.0454
92100 299.60 -226.97 -20952.42 3350.00 54000.00 1.0454
92200 299.60 -226.97 -20952.42 3350.00 54000.00 1.0454
92300 299.60 -226.97 -20952.42 3350.00 54000.00 1.0454
92400 299.60 -226.97 -20952.42 3350.00 54000.00 1.0454
92500 299.60 -226.97 -20952.42 3350.00 54000.00 1.0454
92600 299.60 -226.97 -20952.42 3350.00 54000.00 1.0454
92700 299.60 -226.97 -20952.42 3350.00 54000.00 1.0454
92800 299.60 -226.97 -20952.42 3350.00 54000.00 1.0454
92900 299.60 -226.97 -20952.42 3350.00 54000.00 1.0454
93000 299.60 -226.97 -20952.42 3350.00 54000.00 1.0454
93100 299.60 -226.97 -20952.42 3350.00 54000.00 1.0454
93200 299.60 -226.97 -20952.42 3350.00 54000.00 1.0454
93300 299.60 -226.97 -20952.42 3350.00 54000.00 1.0454
93400 299.60 -226.97 -20952.42 3350.00 54000.00 1.0454
93500 299.60 -226.97 -20952.42 3350.00 54000.00 1.0454
93600 299.60 -226.97 -20952.42 3350.00 54000.00 1.0454
93700 299.60 -226.97 -20952.42 3350.00 54000.00 1.0454
93800 299.60 -226.97 -20952.42 3350.00 54000.00 1.0454
93900 299.60 -226.97 -20952.42 3350.00 54000.00 1.0454
94000 299.60 -226.97 -20952.42 3350.00 54000.00 1.0454
94100 299.60 -226.97 -20952.42 3350.00 54000.00 1.0454
94200 299.60 -226.97 -20952.42 3350.00 54000.00 1.0454
94300 299.60 -226.97 -20952.42 3350.00 54000.00 1.0454
94400 299.60 -226.97 -20952.42 3350.00 54000.00 1.0454
94500 299.60 -226.97 -20952.42 3350.00 54000.00 1.0454
94600 299.60 -226.97 -20952.42 3350.00 54000.00 1.0454
94700 299.60 -226.97 -20952.42 3350.00 54000.00 1.0454
94800 299.60 -226.97 -20952.42 3350.00 54000.00 1.0454
94900 299.60 -226.97 -20952.42 3350.00 54000.00 1.0454
95000 299.60 -226.97 -20952.42 3350.00 54000.00 1.0454
95100 299.60 -226.97 -20952.42 3350.00 54000.00 1.0454
95200 299.60 -226.97 -20952.42 3350.00 54000.00 1.0454
95300 299.60 -226.97 -20952.42 3350.00 54000.00 1.0454
95400 299.60 -226.97 -20952.42 3350.00 54000.00 1.0454
95500 299.60 -226.97 -20952.42 3350.00 54000.00 1.0454
95600 299.60 -226.97 -20952.42 3350.00 54000.00 1.0454
95700 299.60 -226.97 -20952.42 3350.00 54000.00 1.0454
95800 299.60 -226.97 -20952.42 3350.00 54000.00 1.0454
95900 299.60 -226.97 -20952.42 3350.00 54000.00 1.0454
96000 299.60 -226.97 -20952.42 3350.00 54000.00 1.0454
96100 299.60 -226.97 -20952.42 3350.00 54000.00 1.0454
96200 299.60 -226.97 -20952.42 3350.00 54000.00 1.0454
96300 299.60 -226.97 -20952.42 3350.00 54000.00 1.0454
96400 299.60 -226.97 -20952.42 3350.00 54000.00 1.0454
96500 299.60 -226.97 -20952.42 3350.00 54000.00 1.0454
96600 299.60 -226.97 -20952.42 3350.00 54000.00 1.0454
96700 299.60 -226.97 -20952.42 3350.00 54000.00 1.0454
96800 299.60 -226.97 -20952.42 3350.00 54000.00 1.0454
96900 299.60 -226.97 -20952.42 3350.00 54000.00 1.0454
97000 299.60 -226.97 -20952.42 3350.00 54000.00 1.0454
97100 299.60 -226.97 -20952.42 3350.00 54000.00 1.0454
97200 299.60 -226.97 -20952.42 3350.00 54000.00 1.0454
97300 299.60 -226.97 -20952.42 3350.00 54000.00 1.0454
97400 299.60 -226.97 -20952.42 3350.00 54000.00 1.0454
97500 299.60 -226.97 -20952.42 3350.00 54000.00 1.0454
97600 299.60 -226.97 -20952.42 3350.00 54000.00 1.0454
97700 299.60 -226.97 -20952.42 3350.00 54000.00 1.0454
97800 299.60 -226.97 -20952.42 3350.00 54000.00 1.0454
97900 299.60 -226.97 -20952.42 3350.00 54000.00 1.0454
98000 299.60 -226.97 -20952.42 3350.00 54000.00 1.0454
98100 299.60 -226.97 -20952.42 3350.00 54000.00 1.0454
98200 299.60 -226.97 -20952.42 3350.00 54000.00 1.0454
98300 299.60 -226.97 -20952.42 3350.00 54000.00 1.0454
98400 299.60 -226.97 -20952.42 3350.00 54000.00 1.0454
98500 299.60 -226.97 -20952.42 3350.00 54000.00 1.0454
98600 299.60 -226.97 -20952.42 3350.00 54000.00 1.0454
98700 299.60 -226.97 -20952.42 3350.00 54000.00 1.0454
98800 299.60 -226.97 -20952.42 3350.00 54000.00 1.0454
98900 299.60 -226.97 -20952.42 3350.00 54000.00 1.0454
99000 299.60 -226.97 -20952.42 3350.00 54000.00 1.0454
99100 299.60 -226.97 -20952.42 3350.00 54000.00 1.0454
99200 299.60 -226.97 -20952.42 3350.00 54000.00 1.0454
99300 299.60 -226.97 -20952.42 3350.00 54000.00 1.0454
99400 299.60 -226.97 -20952.42 3350.00 54000.00 1.0454
99500 299.60 -226.97 -20952.42 3350.00 54000.00 1.0454
99600 299.60 -226.97 -20952.42 3350.00 54000.00 1.0454
99700 299.60 -226.97 -20952.42 3350.00 54000.00 1.0454
99800 299.60 -226.97 -20952.42 3350.00 54000.00 1.0454
99900 299.60 -226.97 -20952.42 3350.00 54000.00 1.0454
