# TimeStep Temp Press PotEng KinEng Volume Density
0 297.56 -76.98 -21106.78 3350.00 54000.00 1.0440
100 298.48 -150.58 -21033.65 3350.00 54000.00 1.0466
200 298.99 -152.47 -21014.27 3350.00 54000.00 1.0472
300 299.32 -145.39 -20996.17 3350.00 54000.00 1.0476
400 299.55 -134.81 -20979.79 3350.00 54000.00 1.0479
500 299.69 -123.92 -20965.83 3350.00 54000.00 1.0481
600 299.79 -114.15 -20954.42 3350.00 54000.00 1.0481
700 299.86 -105.95 -20945.36 3350.00 54000.00 1.0482
800 299.90 -99.37 -20938.33 3350.00 54000.00 1.0482
900 299.94 -94.21 -20932.97 3350.00 54000.00 1.0481
1000 299.96 -90.24 -20928.96 3350.00 54000.00 1.0481
1100 299.97 -87.22 -20925.99 3350.00 54000.00 1.0481
1200 299.98 -84.94 -20923.81 3350.00 54000.00 1.0481
1300 299.99 -83.23 -20922.22 3350.00 54000.00 1.0481
1400 300.00 -81.94 -20921.07 3350.00 54000.00 1.0481
1500 300.00 -80.99 -20920.24 3350.00 54000.00 1.0481
1600 300.00 -80.27 -20919.65 3350.00 54000.00 1.0481
1700 300.00 -79.74 -20919.23 3350.00 54000.00 1.0481
1800 300.01 -79.34 -20918.92 3350.00 54000.00 1.0481
1900 300.01 -79.05 -20918.69 3350.00 54000.00 1.0481
2000 300.01 -78.83 -20918.54 3350.00 54000.00 1.0481
2100 300.01 -78.67 -20918.43 3350.00 54000.00 1.0481
2200 300.01 -78.55 -20918.35 3350.00 54000.00 1.0481
2300 300.01 -78.46 -20918.29 3350.00 54000.00 1.0481
2400 300.01 -78.39 -20918.25 3350.00 54000.00 1.0481
2500 300.01 -78.34 -20918.22 3350.00 54000.00 1.0481
2600 300.01 -78.31 -20918.20 3350.00 54000.00 1.0481
2700 300.01 -78.29 -20918.19 3350.00 54000.00 1.0481
2800 300.01 -78.27 -20918.18 3350.00 54000.00 1.0481
2900 300.01 -78.26 -20918.18 3350.00 54000.00 1.0481
3000 300.01 -78.25 -20918.18 3350.00 54000.00 1.0481
3100 300.01 -78.25 -20918.18 3350.00 54000.00 1.0481
3200 300.01 -78.24 -20918.18 3350.00 54000.00 1.0481
3300 300.01 -78.24 -20918.18 3350.00 54000.00 1.0481
3400 300.01 -78.24 -20918.18 3350.00 54000.00 1.0481
3500 300.01 -78.24 -20918.18 3350.00 54000.00 1.0481
3600 300.01 -78.24 -20918.18 3350.00 54000.00 1.0481
3700 300.01 -78.24 -20918.18 3350.00 54000.00 1.0481
3800 300.01 -78.25 -20918.18 3350.00 54000.00 1.0481
3900 300.01 -78.25 -20918.19 3350.00 54000.00 1.0481
4000 300.01 -78.25 -20918.19 3350.00 54000.00 1.0481
4100 300.01 -78.25 -20918.19 3350.00 54000.00 1.0481
4200 300.01 -78.25 -20918.19 3350.00 54000.00 1.0481
4300 300.01 -78.26 -20918.19 3350.00 54000.00 1.0481
4400 300.01 -78.26 -20918.19 3350.00 54000.00 1.0481
4500 300.01 -78.26 -20918.19 3350.00 54000.00 1.0481
4600 300.01 -78.26 -20918.19 3350.00 54000.00 1.0481
4700 300.01 -78.26 -20918.19 3350.00 54000.00 1.0481
4800 300.01 -78.26 -20918.19 3350.00 54000.00 1.0481
4900 300.01 -78.26 -20918.19 3350.00 54000.00 1.0481
5000 300.01 -78.26 -20918.19 3350.00 54000.00 1.0481
5100 300.01 -78.26 -20918.20 3350.00 54000.00 1.0481
5200 300.01 -78.27 -20918.20 3350.00 54000.00 1.0481
5300 300.01 -78.27 -20918.19 3350.00 54000.00 1.0481
5400 300.01 -78.27 -20918.19 3350.00 54000.00 1.0481
5500 300.01 -78.27 -20918.19 3350.00 54000.00 1.0481
5600 300.01 -78.27 -20918.19 3350.00 54000.00 1.0481
5700 300.01 -78.27 -20918.19 3350.00 54000.00 1.0481
5800 300.01 -78.27 -20918.19 3350.00 54000.00 1.0481
5900 300.01 -78.27 -20918.19 3350.00 54000.00 1.0481
6000 300.01 -78.27 -20918.19 3350.00 54000.00 1.0481
6100 300.01 -78.27 -20918.19 3350.00 54000.00 1.0481
6200 300.01 -78.27 -20918.20 3350.00 54000.00 1.0481
6300 300.01 -78.27 -20918.20 3350.00 54000.00 1.0481
6400 300.01 -78.28 -20918.20 3350.00 54000.00 1.0481
6500 300.01 -78.28 -20918.20 3350.00 54000.00 1.0481
6600 300.01 -78.28 -20918.20 3350.00 54000.00 1.0481
6700 300.01 -78.28 -20918.20 3350.00 54000.00 1.0481
6800 300.01 -78.28 -20918.20 3350.00 54000.00 1.0481
6900 300.01 -78.28 -20918.20 3350.00 54000.00 1.0481
7000 300.01 -78.27 -20918.20 3350.00 54000.00 1.0481
7100 300.01 -78.27 -20918.20 3350.00 54000.00 1.0481
7200 300.01 -78.27 -20918.20 3350.00 54000.00 1.0481
7300 300.01 -78.27 -20918.20 3350.00 54000.00 1.0481
7400 300.01 -78.27 -20918.21 3350.00 54000.00 1.0481
7500 300.01 -78.27 -20918.21 3350.00 54000.00 1.0481
7600 300.01 -78.27 -20918.21 3350.00 54000.00 1.0481
7700 300.01 -78.27 -20918.20 3350.00 54000.00 1.0481
7800 300.01 -78.27 -20918.20 3350.00 54000.00 1.0481
7900 300.01 -78.27 -20918.20 3350.00 54000.00 1.0481
8000 300.01 -78.27 -20918.20 3350.00 54000.00 1.0481
8100 300.01 -78.27 -20918.20 3350.00 54000.00 1.0481
8200 300.01 -78.27 -20918.20 3350.00 54000.00 1.0481
8300 300.01 -78.27 -20918.20 3350.00 54000.00 1.0481
8400 300.01 -78.27 -20918.20 3350.00 54000.00 1.0481
8500 300.01 -78.27 -20918.20 3350.00 54000.00 1.0481
8600 300.01 -78.27 -20918.20 3350.00 54000.00 1.0481
8700 300.01 -78.27 -20918.20 3350.00 54000.00 1.0481
8800 300.01 -78.27 -20918.20 3350.00 54000.00 1.0481
8900 300.01 -78.27 -20918.20 3350.00 54000.00 1.0481
9000 300.01 -78.27 -20918.20 3350.00 54000.00 1.0481
9100 300.01 -78.27 -20918.20 3350.00 54000.00 1.0481
9200 300.01 -78.27 -20918.20 3350.00 54000.00 1.0481
9300 300.01 -78.27 -20918.20 3350.00 54000.00 1.0481
9400 300.01 -78.27 -20918.20 3350.00 54000.00 1.0481
9500 300.01 -78.27 -20918.20 3350.00 54000.00 1.0481
9600 300.01 -78.27 -20918.19 3350.00 54000.00 1.0481
9700 300.01 -78.27 -20918.20 3350.00 54000.00 1.0481
9800 300.01 -78.27 -20918.19 3350.00 54000.00 1.0481
9900 300.01 -78.27 -20918.19 3350.00 54000.00 1.0481
10000 300.01 -78.27 -20918.19 3350.00 54000.00 1.0481
10100 300.01 -78.27 -20918.20 3350.00 54000.00 1.0481
10200 300.01 -78.27 -20918.20 3350.00 54000.00 1.0481
10300 300.01 -78.27 -20918.20 3350.00 54000.00 1.0481
10400 300.01 -78.27 -20918.20 3350.00 54000.00 1.0481
10500 300.01 -78.27 -20918.20 3350.00 54000.00 1.0481
10600 300.01 -78.27 -20918.20 3350.00 54000.00 1.0481
10700 300.01 -78.28 -20918.20 3350.00 54000.00 1.0481
10800 300.01 -78.28 -20918.20 3350.00 54000.00 1.0481
10900 300.01 -78.27 -20918.19 3350.00 54000.00 1.0481
11000 300.01 -78.27 -20918.20 3350.00 54000.00 1.0481
11100 300.01 -78.27 -20918.20 3350.00 54000.00 1.0481
11200 300.01 -78.27 -20918.20 3350.00 54000.00 1.0481
11300 300.01 -78.27 -20918.20 3350.00 54000.00 1.0481
11400 300.01 -78.27 -20918.20 3350.00 54000.00 1.0481
11500 300.01 -78.27 -20918.20 3350.00 54000.00 1.0481
11600 300.01 -78.27 -20918.20 3350.00 54000.00 1.0481
11700 300.01 -78.27 -20918.20 3350.00 54000.00 1.0481
11800 300.01 -78.27 -20918.20 3350.00 54000.00 1.0481
11900 300.01 -78.27 -20918.20 3350.00 54000.00 1.0481
12000 300.01 -78.27 -20918.20 3350.00 54000.00 1.0481
12100 300.01 -78.27 -20918.20 3350.00 54000.00 1.0481
12200 300.01 -78.27 -20918.20 3350.00 54000.00 1.0481
12300 300.01 -78.27 -20918.20 3350.00 54000.00 1.0481
12400 300.01 -78.27 -20918.20 3350.00 54000.00 1.0481
12500 300.01 -78.27 -20918.20 3350.00 54000.00 1.0481
12600 300.01 -78.27 -20918.20 3350.00 54000.00 1.0481
12700 300.01 -78.27 -20918.20 3350.00 54000.00 1.0481
12800 300.01 -78.27 -20918.20 3350.00 54000.00 1.0481
12900 300.01 -78.27 -20918.20 3350.00 54000.00 1.0481
13000 300.01 -78.27 -20918.20 3350.00 54000.00 1.0481
13100 300.01 -78.27 -20918.20 3350.00 54000.00 1.0481
13200 300.01 -78.27 -20918.20 3350.00 54000.00 1.0481
13300 300.01 -78.27 -20918.20 3350.00 54000.00 1.0481
13400 300.01 -78.27 -20918.20 3350.00 54000.00 1.0481
13500 300.01 -78.27 -20918.20 3350.00 54000.00 1.0481
13600 300.01 -78.27 -20918.20 3350.00 54000.00 1.0481
13700 300.01 -78.27 -20918.20 3350.00 54000.00 1.0481
13800 300.01 -78.27 -20918.20 3350.00 54000.00 1.0481
13900 300.01 -78.27 -20918.20 3350.00 54000.00 1.0481
14000 300.01 -78.27 -20918.20 3350.00 54000.00 1.0481
14100 300.01 -78.27 -20918.20 3350.00 54000.00 1.0481
14200 300.01 -78.27 -20918.20 3350.00 54000.00 1.0481
14300 300.01 -78.27 -20918.20 3350.00 54000.00 1.0481
14400 300.01 -78.27 -20918.20 3350.00 54000.00 1.0481
14500 300.01 -78.27 -20918.20 3350.00 54000.00 1.0481
14600 300.01 -78.27 -20918.20 3350.00 54000.00 1.0481
14700 300.01 -78.27 -20918.20 3350.00 54000.00 1.0481
14800 300.01 -78.27 -20918.20 3350.00 54000.00 1.0481
14900 300.01 -78.27 -20918.20 3350.00 54000.00 1.0481
15000 300.01 -78.27 -20918.20 3350.00 54000.00 1.0481
15100 300.01 -78.27 -20918.20 3350.00 54000.00 1.0481
15200 300.01 -78.27 -20918.20 3350.00 54000.00 1.0481
15300 300.01 -78.27 -20918.20 3350.00 54000.00 1.0481
15400 300.01 -78.27 -20918.20 3350.00 54000.00 1.0481
15500 300.01 -78.27 -20918.20 3350.00 54000.00 1.0481
15600 300.01 -78.27 -20918.20 3350.00 54000.00 1.0481
15700 300.01 -78.27 -20918.20 3350.00 54000.00 1.0481
15800 300.01 -78.27 -20918.20 3350.00 54000.00 1.0481
15900 300.01 -78.27 -20918.20 3350.00 54000.00 1.0481
16000 300.01 -78.27 -20918.20 3350.00 54000.00 1.0481
16100 300.01 -78.27 -20918.20 3350.00 54000.00 1.0481
16200 300.01 -78.27 -20918.20 3350.00 54000.00 1.0481
16300 300.01 -78.27 -20918.20 3350.00 54000.00 1.0481
16400 300.01 -78.27 -20918.20 3350.00 54000.00 1.0481
16500 300.01 -78.27 -20918.20 3350.00 54000.00 1.0481
16600 300.01 -78.27 -20918.20 3350.00 54000.00 1.0481
16700 300.01 -78.27 -20918.20 3350.00 54000.00 1.0481
16800 300.01 -78.27 -20918.20 3350.00 54000.00 1.0481
16900 300.01 -78.27 -20918.20 3350.00 54000.00 1.0481
17000 300.01 -78.27 -20918.20 3350.00 54000.00 1.0481
17100 300.01 -78.27 -20918.20 3350.00 54000.00 1.0481
17200 300.01 -78.27 -20918.20 3350.00 54000.00 1.0481
17300 300.01 -78.27 -20918.20 3350.00 54000.00 1.0481
17400 300.01 -78.27 -20918.20 3350.00 54000.00 1.0481
17500 300.01 -78.27 -20918.20 3350.00 54000.00 1.0481
17600 300.01 -78.27 -20918.20 3350.00 54000.00 1.0481
17700 300.01 -78.27 -20918.20 3350.00 54000.00 1.0481
17800 300.01 -78.27 -20918.20 3350.00 54000.00 1.0481
17900 300.01 -78.27 -20918.20 3350.00 54000.00 1.0481
18000 300.01 -78.27 -20918.20 3350.00 54000.00 1.0481
18100 300.01 -78.27 -20918.20 3350.00 54000.00 1.0481
18200 300.01 -78.27 -20918.20 3350.00 54000.00 1.0481
18300 300.01 -78.27 -20918.20 3350.00 54000.00 1.0481
18400 300.01 -78.27 -20918.20 3350.00 54000.00 1.0481
18500 300.01 -78.27 -20918.20 3350.00 54000.00 1.0481
18600 300.01 -78.27 -20918.20 3350.00 54000.00 1.0481
18700 300.01 -78.27 -20918.20 3350.00 54000.00 1.0481
18800 300.01 -78.27 -20918.20 3350.00 54000.00 1.0481
18900 300.01 -78.27 -20918.20 3350.00 54000.00 1.0481
19000 300.01 -78.27 -20918.20 3350.00 54000.00 1.0481
19100 300.01 -78.27 -20918.20 3350.00 54000.00 1.0481
19200 300.01 -78.27 -20918.20 3350.00 54000.00 1.0481
19300 300.01 -78.27 -20918.20 3350.00 54000.00 1.0481
19400 300.01 -78.27 -20918.20 3350.00 54000.00 1.0481
19500 300.01 -78.27 -20918.20 3350.00 54000.00 1.0481
19600 300.01 -78.27 -20918.20 3350.00 54000.00 1.0481
19700 300.01 -78.27 -20918.20 3350.00 54000.00 1.0481
19800 300.01 -78.27 -20918.20 3350.00 54000.00 1.0481
19900 300.01 -78.27 -20918.20 3350.00 54000.00 1.0481
20000 300.01 -78.27 -20918.20 3350.00 54000.00 1.0481
20100 300.01 -78.27 -20918.20 3350.00 54000.00 1.0481
20200 300.01 -78.27 -20918.20 3350.00 54000.00 1.0481
20300 300.01 -78.27 -20918.20 3350.00 54000.00 1.0481
20400 300.01 -78.27 -20918.20 3350.00 54000.00 1.0481
20500 300.01 -78.27 -20918.20 3350.00 54000.00 1.0481
20600 300.01 -78.27 -20918.20 3350.00 54000.00 1.0481
20700 300.01 -78.27 -20918.20 3350.00 54000.00 1.0481
20800 300.01 -78.27 -20918.20 3350.00 54000.00 1.0481
20900 300.01 -78.27 -20918.20 3350.00 54000.00 1.0481
21000 300.01 -78.27 -20918.20 3350.00 54000.00 1.0481
21100 300.01 -78.27 -20918.20 3350.00 54000.00 1.0481
21200 300.01 -78.27 -20918.20 3350.00 54000.00 1.0481
21300 300.01 -78.27 -20918.20 3350.00 54000.00 1.0481
21400 300.01 -78.27 -20918.20 3350.00 54000.00 1.0481
21500 300.01 -78.27 -20918.20 3350.00 54000.00 1.0481
21600 300.01 -78.27 -20918.20 3350.00 54000.00 1.0481
21700 300.01 -78.27 -20918.20 3350.00 54000.00 1.0481
21800 300.01 -78.27 -20918.20 3350.00 54000.00 1.0481
21900 300.01 -78.27 -20918.20 3350.00 54000.00 1.0481
22000 300.01 -78.27 -20918.20 3350.00 54000.00 1.0481
22100 300.01 -78.27 -20918.20 3350.00 54000.00 1.0481
22200 300.01 -78.27 -20918.20 3350.00 54000.00 1.0481
22300 300.01 -78.27 -20918.20 3350.00 54000.00 1.0481
22400 300.01 -78.27 -20918.20 3350.00 54000.00 1.0481
22500 300.01 -78.27 -20918.20 3350.00 54000.00 1.0481
22600 300.01 -78.27 -20918.20 3350.00 54000.00 1.0481
22700 300.01 -78.27 -20918.20 3350.00 54000.00 1.0481
22800 300.01 -78.27 -20918.20 3350.00 54000.00 1.0481
22900 300.01 -78.27 -20918.20 3350.00 54000.00 1.0481
23000 300.01 -78.27 -20918.20 3350.00 54000.00 1.0481
23100 300.01 -78.27 -20918.20 3350.00 54000.00 1.0481
23200 300.01 -78.27 -20918.20 3350.00 54000.00 1.0481
23300 300.01 -78.27 -20918.20 3350.00 54000.00 1.0481
23400 300.01 -78.27 -20918.20 3350.00 54000.00 1.0481
23500 300.01 -78.27 -20918.20 3350.00 54000.00 1.0481
23600 300.01 -78.27 -20918.20 3350.00 54000.00 1.0481
23700 300.01 -78.27 -20918.20 3350.00 54000.00 1.0481
23800 300.01 -78.27 -20918.20 3350.00 54000.00 1.0481
23900 300.01 -78.27 -20918.20 3350.00 54000.00 1.0481
24000 300.01 -78.27 -20918.20 3350.00 54000.00 1.0481
24100 300.01 -78.27 -20918.20 3350.00 54000.00 1.0481
24200 300.01 -78.27 -20918.20 3350.00 54000.00 1.0481
24300 300.01 -78.27 -20918.20 3350.00 54000.00 1.0481
24400 300.01 -78.27 -20918.20 3350.00 54000.00 1.0481
24500 300.01 -78.27 -20918.20 3350.00 54000.00 1.0481
24600 300.01 -78.27 -20918.20 3350.00 54000.00 1.0481
24700 300.01 -78.27 -20918.20 3350.00 54000.00 1.0481
24800 300.01 -78.27 -20918.20 3350.00 54000.00 1.0481
24900 300.01 -78.27 -20918.20 3350.00 54000.00 1.0481
25000 300.01 -78.27 -20918.20 3350.00 54000.00 1.0481
25100 300.01 -78.27 -20918.20 3350.00 54000.00 1.0481
25200 300.01 -78.27 -20918.20 3350.00 54000.00 1.0481
25300 300.01 -78.27 -20918.20 3350.00 54000.00 1.0481
25400 300.01 -78.27 -20918.20 3350.00 54000.00 1.0481
25500 300.01 -78.27 -20918.20 3350.00 54000.00 1.0481
25600 300.01 -78.27 -20918.20 3350.00 54000.00 1.0481
25700 300.01 -78.27 -20918.20 3350.00 54000.00 1.0481
25800 300.01 -78.27 -20918.20 3350.00 54000.00 1.0481
25900 300.01 -78.27 -20918.20 3350.00 54000.00 1.0481
26000 300.01 -78.27 -20918.20 3350.00 54000.00 1.0481
26100 300.01 -78.27 -20918.20 3350.00 54000.00 1.0481
26200 300.01 -78.27 -20918.20 3350.00 54000.00 1.0481
26300 300.01 -78.27 -20918.20 3350.00 54000.00 1.0481
26400 300.01 -78.27 -20918.20 3350.00 54000.00 1.0481
26500 300.01 -78.27 -20918.20 3350.00 54000.00 1.0481
26600 300.01 -78.27 -20918.20 3350.00 54000.00 1.0481
26700 300.01 -78.27 -20918.20 3350.00 54000.00 1.0481
26800 300.01 -78.27 -20918.20 3350.00 54000.00 1.0481
26900 300.01 -78.27 -20918.20 3350.00 54000.00 1.0481
27000 300.01 -78.27 -20918.20 3350.00 54000.00 1.0481
27100 300.01 -78.27 -20918.20 3350.00 54000.00 1.0481
27200 300.01 -78.27 -20918.20 3350.00 54000.00 1.0481
27300 300.01 -78.27 -20918.20 3350.00 54000.00 1.0481
27400 300.01 -78.27 -20918.20 3350.00 54000.00 1.0481
27500 300.01 -78.27 -20918.20 3350.00 54000.00 1.0481
27600 300.01 -78.27 -20918.20 3350.00 54000.00 1.0481
27700 300.01 -78.27 -20918.20 3350.00 54000.00 1.0481
27800 300.01 -78.27 -20918.20 3350.00 54000.00 1.0481
27900 300.01 -78.27 -20918.20 3350.00 54000.00 1.0481
28000 300.01 -78.27 -20918.20 3350.00 54000.00 1.0481
28100 300.01 -78.27 -20918.20 3350.00 54000.00 1.0481
28200 300.01 -78.27 -20918.20 3350.00 54000.00 1.0481
28300 300.01 -78.27 -20918.20 3350.00 54000.00 1.0481
28400 300.01 -78.27 -20918.20 3350.00 54000.00 1.0481
28500 300.01 -78.27 -20918.20 3350.00 54000.00 1.0481
28600 300.01 -78.27 -20918.20 3350.00 54000.00 1.0481
28700 300.01 -78.27 -20918.20 3350.00 54000.00 1.0481
28800 300.01 -78.27 -20918.20 3350.00 54000.00 1.0481
28900 300.01 -78.27 -20918.20 3350.00 54000.00 1.0481
29000 300.01 -78.27 -20918.20 3350.00 54000.00 1.0481
29100 300.01 -78.27 -20918.20 3350.00 54000.00 1.0481
29200 300.01 -78.27 -20918.20 3350.00 54000.00 1.0481
29300 300.01 -78.27 -20918.20 3350.00 54000.00 1.0481
29400 300.01 -78.27 -20918.20 3350.00 54000.00 1.0481
29500 300.01 -78.27 -20918.20 3350.00 54000.00 1.0481
29600 300.01 -78.27 -20918.20 3350.00 54000.00 1.0481
29700 300.01 -78.27 -20918.20 3350.00 54000.00 1.0481
29800 300.01 -78.27 -20918.20 3350.00 54000.00 1.0481
29900 300.01 -78.27 -20918.20 3350.00 54000.00 1.0481
30000 300.01 -78.27 -20918.20 3350.00 54000.00 1.0481
30100 300.01 -78.27 -20918.20 3350.00 54000.00 1.0481
30200 300.01 -78.27 -20918.20 3350.00 54000.00 1.0481
30300 300.01 -78.27 -20918.20 3350.00 54000.00 1.0481
30400 300.01 -78.27 -20918.20 3350.00 54000.00 1.0481
30500 300.01 -78.27 -20918.20 3350.00 54000.00 1.0481
30600 300.01 -78.27 -20918.20 3350.00 54000.00 1.0481
30700 300.01 -78.27 -20918.20 3350.00 54000.00 1.0481
30800 300.01 -78.27 -20918.20 3350.00 54000.00 1.0481
30900 300.01 -78.27 -20918.20 3350.00 54000.00 1.0481
31000 300.01 -78.27 -20918.20 3350.00 54000.00 1.0481
31100 300.01 -78.27 -20918.20 3350.00 54000.00 1.0481
31200 300.01 -78.27 -20918.20 3350.00 54000.00 1.0481
31300 300.01 -78.27 -20918.20 3350.00 54000.00 1.0481
31400 300.01 -78.27 -20918.20 3350.00 54000.00 1.0481
31500 300.01 -78.27 -20918.20 3350.00 54000.00 1.0481
31600 300.01 -78.27 -20918.20 3350.00 54000.00 1.0481
31700 300.01 -78.27 -20918.20 3350.00 54000.00 1.0481
31800 300.01 -78.27 -20918.20 3350.00 54000.00 1.0481
31900 300.01 -78.27 -20918.20 3350.00 54000.00 1.0481
32000 300.01 -78.27 -20918.20 3350.00 54000.00 1.0481
32100 300.01 -78.27 -20918.20 3350.00 54000.00 1.0481
32200 300.01 -78.27 -20918.20 3350.00 54000.00 1.0481
32300 300.01 -78.27 -20918.20 3350.00 54000.00 1.0481
32400 300.01 -78.27 -20918.20 3350.00 54000.00 1.0481
32500 300.01 -78.27 -20918.20 3350.00 54000.00 1.0481
32600 300.01 -78.27 -20918.20 3350.00 54000.00 1.0481
32700 300.01 -78.27 -20918.20 3350.00 54000.00 1.0481
32800 300.01 -78.27 -20918.20 3350.00 54000.00 1.0481
32900 300.01 -78.27 -20918.20 3350.00 54000.00 1.0481
33000 300.01 -78.27 -20918.20 3350.00 54000.00 1.0481
33100 300.01 -78.27 -20918.20 3350.00 54000.00 1.0481
33200 300.01 -78.27 -20918.20 3350.00 54000.00 1.0481
33300 300.01 -78.27 -20918.20 3350.00 54000.00 1.0481
33400 300.01 -78.27 -20918.20 3350.00 54000.00 1.0481
33500 300.01 -78.27 -20918.20 3350.00 54000.00 1.0481
33600 300.01 -78.27 -20918.20 3350.00 54000.00 1.0481
33700 300.01 -78.27 -20918.20 3350.00 54000.00 1.0481
33800 300.01 -78.27 -20918.20 3350.00 54000.00 1.0481
33900 300.01 -78.27 -20918.20 3350.00 54000.00 1.0481
34000 300.01 -78.27 -20918.20 3350.00 54000.00 1.0481
34100 300.01 -78.27 -20918.20 3350.00 54000.00 1.0481
34200 300.01 -78.27 -20918.20 3350.00 54000.00 1.0481
34300 300.01 -78.27 -20918.20 3350.00 54000.00 1.0481
34400 300.01 -78.27 -20918.20 3350.00 54000.00 1.0481
34500 300.01 -78.27 -20918.20 3350.00 54000.00 1.0481
34600 300.01 -78.27 -20918.20 3350.00 54000.00 1.0481
34700 300.01 -78.27 -20918.20 3350.00 54000.00 1.0481
34800 300.01 -78.27 -20918.20 3350.00 54000.00 1.0481
34900 300.01 -78.27 -20918.20 3350.00 54000.00 1.0481
35000 300.01 -78.27 -20918.20 3350.00 54000.00 1.0481
35100 300.01 -78.27 -20918.20 3350.00 54000.00 1.0481
35200 300.01 -78.27 -20918.20 3350.00 54000.00 1.0481
35300 300.01 -78.27 -20918.20 3350.00 54000.00 1.0481
35400 300.01 -78.27 -20918.20 3350.00 54000.00 1.0481
35500 300.01 -78.27 -20918.20 3350.00 54000.00 1.0481
35600 300.01 -78.27 -20918.20 3350.00 54000.00 1.0481
35700 300.01 -78.27 -20918.20 3350.00 54000.00 1.0481
35800 300.01 -78.27 -20918.20 3350.00 54000.00 1.0481
35900 300.01 -78.27 -20918.20 3350.00 54000.00 1.0481
36000 300.01 -78.27 -20918.20 3350.00 54000.00 1.0481
36100 300.01 -78.27 -20918.20 3350.00 54000.00 1.0481
36200 300.01 -78.27 -20918.20 3350.00 54000.00 1.0481
36300 300.01 -78.27 -20918.20 3350.00 54000.00 1.0481
36400 300.01 -78.27 -20918.20 3350.00 54000.00 1.0481
36500 300.01 -78.27 -20918.20 3350.00 54000.00 1.0481
36600 300.01 -78.27 -20918.20 3350.00 54000.00 1.0481
36700 300.01 -78.27 -20918.20 3350.00 54000.00 1.0481
36800 300.01 -78.27 -20918.20 3350.00 54000.00 1.0481
36900 300.01 -78.27 -20918.20 3350.00 54000.00 1.0481
37000 300.01 -78.27 -20918.20 3350.00 54000.00 1.0481
37100 300.01 -78.27 -20918.20 3350.00 54000.00 1.0481
37200 300.01 -78.27 -20918.20 3350.00 54000.00 1.0481
37300 300.01 -78.27 -20918.20 3350.00 54000.00 1.0481
37400 300.01 -78.27 -20918.20 3350.00 54000.00 1.0481
37500 300.01 -78.27 -20918.20 3350.00 54000.00 1.0481
37600 300.01 -78.27 -20918.20 3350.00 54000.00 1.0481
37700 300.01 -78.27 -20918.20 3350.00 54000.00 1.0481
37800 300.01 -78.27 -20918.20 3350.00 54000.00 1.0481
37900 300.01 -78.27 -20918.20 3350.00 54000.00 1.0481
38000 300.01 -78.27 -20918.20 3350.00 54000.00 1.0481
38100 300.01 -78.27 -20918.20 3350.00 54000.00 1.0481
38200 300.01 -78.27 -20918.20 3350.00 54000.00 1.0481
38300 300.01 -78.27 -20918.20 3350.00 54000.00 1.0481
38400 300.01 -78.27 -20918.20 3350.00 54000.00 1.0481
38500 300.01 -78.27 -20918.20 3350.00 54000.00 1.0481
38600 300.01 -78.27 -20918.20 3350.00 54000.00 1.0481
38700 300.01 -78.27 -20918.20 3350.00 54000.00 1.0481
38800 300.01 -78.27 -20918.20 3350.00 54000.00 1.0481
38900 300.01 -78.27 -20918.20 3350.00 54000.00 1.0481
39000 300.01 -78.27 -20918.20 3350.00 54000.00 1.0481
39100 300.01 -78.27 -20918.20 3350.00 54000.00 1.0481
39200 300.01 -78.27 -20918.20 3350.00 54000.00 1.0481
39300 300.01 -78.27 -20918.20 3350.00 54000.00 1.0481
39400 300.01 -78.27 -20918.20 3350.00 54000.00 1.0481
39500 300.01 -78.27 -20918.20 3350.00 54000.00 1.0481
39600 300.01 -78.27 -20918.20 3350.00 54000.00 1.0481
39700 300.01 -78.27 -20918.20 3350.00 54000.00 1.0481
39800 300.01 -78.27 -20918.20 3350.00 54000.00 1.0481
39900 300.01 -78.27 -20918.20 3350.00 54000.00 1.0481
40000 300.01 -78.27 -20918.20 3350.00 54000.00 1.0481
40100 300.01 -78.27 -20918.20 3350.00 54000.00 1.0481
40200 300.01 -78.27 -20918.20 3350.00 54000.00 1.0481
40300 300.01 -78.27 -20918.20 3350.00 54000.00 1.0481
40400 300.01 -78.27 -20918.20 3350.00 54000.00 1.0481
40500 300.01 -78.27 -20918.20 3350.00 54000.00 1.0481
40600 300.01 -78.27 -20918.20 3350.00 54000.00 1.0481
40700 300.01 -78.27 -20918.20 3350.00 54000.00 1.0481
40800 300.01 -78.27 -20918.20 3350.00 54000.00 1.0481
40900 300.01 -78.27 -20918.20 3350.00 54000.00 1.0481
41000 300.01 -78.27 -20918.20 3350.00 54000.00 1.0481
41100 300.01 -78.27 -20918.20 3350.00 54000.00 1.0481
41200 300.01 -78.27 -20918.20 3350.00 54000.00 1.0481
41300 300.01 -78.27 -20918.20 3350.00 54000.00 1.0481
41400 300.01 -78.27 -20918.20 3350.00 54000.00 1.0481
41500 300.01 -78.27 -20918.20 3350.00 54000.00 1.0481
41600 300.01 -78.27 -20918.20 3350.00 54000.00 1.0481
41700 300.01 -78.27 -20918.20 3350.00 54000.00 1.0481
41800 300.01 -78.27 -20918.20 3350.00 54000.00 1.0481
41900 300.01 -78.27 -20918.20 3350.00 54000.00 1.0481
42000 300.01 -78.27 -20918.20 3350.00 54000.00 1.0481
42100 300.01 -78.27 -20918.20 3350.00 54000.00 1.0481
42200 300.01 -78.27 -20918.20 3350.00 54000.00 1.0481
42300 300.01 -78.27 -20918.20 3350.00 54000.00 1.0481
42400 300.01 -78.27 -20918.20 3350.00 54000.00 1.0481
42500 300.01 -78.27 -20918.20 3350.00 54000.00 1.0481
42600 300.01 -78.27 -20918.20 3350.00 54000.00 1.0481
42700 300.01 -78.27 -20918.20 3350.00 54000.00 1.0481
42800 300.01 -78.27 -20918.20 3350.00 54000.00 1.0481
42900 300.01 -78.27 -20918.20 3350.00 54000.00 1.0481
43000 300.01 -78.27 -20918.20 3350.00 54000.00 1.0481
43100 300.01 -78.27 -20918.20 3350.00 54000.00 1.0481
43200 300.01 -78.27 -20918.20 3350.00 54000.00 1.0481
43300 300.01 -78.27 -20918.20 3350.00 54000.00 1.0481
43400 300.01 -78.27 -20918.20 3350.00 54000.00 1.0481
43500 300.01 -78.27 -20918.20 3350.00 54000.00 1.0481
43600 300.01 -78.27 -20918.20 3350.00 54000.00 1.0481
43700 300.01 -78.27 -20918.20 3350.00 54000.00 1.0481
43800 300.01 -78.27 -20918.20 3350.00 54000.00 1.0481
43900 300.01 -78.27 -20918.20 3350.00 54000.00 1.0481
44000 300.01 -78.27 -20918.20 3350.00 54000.00 1.0481
44100 300.01 -78.27 -20918.20 3350.00 54000.00 1.0481
44200 300.01 -78.27 -20918.20 3350.00 54000.00 1.0481
44300 300.01 -78.27 -20918.20 3350.00 54000.00 1.0481
44400 300.01 -78.27 -20918.20 3350.00 54000.00 1.0481
44500 300.01 -78.27 -20918.20 3350.00 54000.00 1.0481
44600 300.01 -78.27 -20918.20 3350.00 54000.00 1.0481
44700 300.01 -78.27 -20918.20 3350.00 54000.00 1.0481
44800 300.01 -78.27 -20918.20 3350.00 54000.00 1.0481
44900 300.01 -78.27 -20918.20 3350.00 54000.00 1.0481
45000 300.01 -78.27 -20918.20 3350.00 54000.00 1.0481
45100 300.01 -78.27 -20918.20 3350.00 54000.00 1.0481
45200 300.01 -78.27 -20918.20 3350.00 54000.00 1.0481
45300 300.01 -78.27 -20918.20 3350.00 54000.00 1.0481
45400 300.01 -78.27 -20918.20 3350.00 54000.00 1.0481
45500 300.01 -78.27 -20918.20 3350.00 54000.00 1.0481
45600 300.01 -78.27 -20918.20 3350.00 54000.00 1.0481
45700 300.01 -78.27 -20918.20 3350.00 54000.00 1.0481
45800 300.01 -78.27 -20918.20 3350.00 54000.00 1.0481
45900 300.01 -78.27 -20918.20 3350.00 54000.00 1.0481
46000 300.01 -78.27 -20918.20 3350.00 54000.00 1.0481
46100 300.01 -78.27 -20918.20 3350.00 54000.00 1.0481
46200 300.01 -78.27 -20918.20 3350.00 54000.00 1.0481
46300 300.01 -78.27 -20918.20 3350.00 54000.00 1.0481
46400 300.01 -78.27 -20918.20 3350.00 54000.00 1.0481
46500 300.01 -78.27 -20918.20 3350.00 54000.00 1.0481
46600 300.01 -78.27 -20918.20 3350.00 54000.00 1.0481
46700 300.01 -78.27 -20918.20 3350.00 54000.00 1.0481
46800 300.01 -78.27 -20918.20 3350.00 54000.00 1.0481
46900 300.01 -78.27 -20918.20 3350.00 54000.00 1.0481
47000 300.01 -78.27 -20918.20 3350.00 54000.00 1.0481
47100 300.01 -78.27 -20918.20 3350.00 54000.00 1.0481
47200 300.01 -78.27 -20918.20 3350.00 54000.00 1.0481
47300 300.01 -78.27 -20918.20 3350.00 54000.00 1.0481
47400 300.01 -78.27 -20918.20 3350.00 54000.00 1.0481
47500 300.01 -78.27 -20918.20 3350.00 54000.00 1.0481
47600 300.01 -78.27 -20918.20 3350.00 54000.00 1.0481
47700 300.01 -78.27 -20918.20 3350.00 54000.00 1.0481
47800 300.01 -78.27 -20918.20 3350.00 54000.00 1.0481
47900 300.01 -78.27 -20918.20 3350.00 54000.00 1.0481
48000 300.01 -78.27 -20918.20 3350.00 54000.00 1.0481
48100 300.01 -78.27 -20918.20 3350.00 54000.00 1.0481
48200 300.01 -78.27 -20918.20 3350.00 54000.00 1.0481
48300 300.01 -78.27 -20918.20 3350.00 54000.00 1.0481
48400 300.01 -78.27 -20918.20 3350.00 54000.00 1.0481
48500 300.01 -78.27 -20918.20 3350.00 54000.00 1.0481
48600 300.01 -78.27 -20918.20 3350.00 54000.00 1.0481
48700 300.01 -78.27 -20918.20 3350.00 54000.00 1.0481
48800 300.01 -78.27 -20918.20 3350.00 54000.00 1.0481
48900 300.01 -78.27 -20918.20 3350.00 54000.00 1.0481
49000 300.01 -78.27 -20918.20 3350.00 54000.00 1.0481
49100 300.01 -78.27 -20918.20 3350.00 54000.00 1.0481
49200 300.01 -78.27 -20918.20 3350.00 54000.00 1.0481
49300 300.01 -78.27 -20918.20 3350.00 54000.00 1.0481
49400 300.01 -78.27 -20918.20 3350.00 54000.00 1.0481
49500 300.01 -78.27 -20918.20 3350.00 54000.00 1.0481
49600 300.01 -78.27 -20918.20 3350.00 54000.00 1.0481
49700 300.01 -78.27 -20918.20 3350.00 54000.00 1.0481
49800 300.01 -78.27 -20918.20 3350.00 54000.00 1.0481
49900 300.01 -78.27 -20918.20 3350.00 54000.00 1.0481
50000 300.01 -78.27 -20918.20 3350.00 54000.00 1.0481
50100 300.01 -78.27 -20918.20 3350.00 54000.00 1.0481
50200 300.01 -78.27 -20918.20 3350.00 54000.00 1.0481
50300 300.01 -78.27 -20918.20 3350.00 54000.00 1.0481
50400 300.01 -78.27 -20918.20 3350.00 54000.00 1.0481
50500 300.01 -78.27 -20918.20 3350.00 54000.00 1.0481
50600 300.01 -78.27 -20918.20 3350.00 54000.00 1.0481
50700 300.01 -78.27 -20918.20 3350.00 54000.00 1.0481
50800 300.01 -78.27 -20918.20 3350.00 54000.00 1.0481
50900 300.01 -78.27 -20918.20 3350.00 54000.00 1.0481
51000 300.01 -78.27 -20918.20 3350.00 54000.00 1.0481
51100 300.01 -78.27 -20918.20 3350.00 54000.00 1.0481
51200 300.01 -78.27 -20918.20 3350.00 54000.00 1.0481
51300 300.01 -78.27 -20918.20 3350.00 54000.00 1.0481
51400 300.01 -78.27 -20918.20 3350.00 54000.00 1.0481
51500 300.01 -78.27 -20918.20 3350.00 54000.00 1.0481
51600 300.01 -78.27 -20918.20 3350.00 54000.00 1.0481
51700 300.01 -78.27 -20918.20 3350.00 54000.00 1.0481
51800 300.01 -78.27 -20918.20 3350.00 54000.00 1.0481
51900 300.01 -78.27 -20918.20 3350.00 54000.00 1.0481
52000 300.01 -78.27 -20918.20 3350.00 54000.00 1.0481
52100 300.01 -78.27 -20918.20 3350.00 54000.00 1.0481
52200 300.01 -78.27 -20918.20 3350.00 54000.00 1.0481
52300 300.01 -78.27 -20918.20 3350.00 54000.00 1.0481
52400 300.01 -78.27 -20918.20 3350.00 54000.00 1.0481
52500 300.01 -78.27 -20918.20 3350.00 54000.00 1.0481
52600 300.01 -78.27 -20918.20 3350.00 54000.00 1.0481
52700 300.01 -78.27 -20918.20 3350.00 54000.00 1.0481
52800 300.01 -78.27 -20918.20 3350.00 54000.00 1.0481
52900 300.01 -78.27 -20918.20 3350.00 54000.00 1.0481
53000 300.01 -78.27 -20918.20 3350.00 54000.00 1.0481
53100 300.01 -78.27 -20918.20 3350.00 54000.00 1.0481
53200 300.01 -78.27 -20918.20 3350.00 54000.00 1.0481
53300 300.01 -78.27 -20918.20 3350.00 54000.00 1.0481
53400 300.01 -78.27 -20918.20 3350.00 54000.00 1.0481
53500 300.01 -78.27 -20918.20 3350.00 54000.00 1.0481
53600 300.01 -78.27 -20918.20 3350.00 54000.00 1.0481
53700 300.01 -78.27 -20918.20 3350.00 54000.00 1.0481
53800 300.01 -78.27 -20918.20 3350.00 54000.00 1.0481
53900 300.01 -78.27 -20918.20 3350.00 54000.00 1.0481
54000 300.01 -78.27 -20918.20 3350.00 54000.00 1.0481
54100 300.01 -78.27 -20918.20 3350.00 54000.00 1.0481
54200 300.01 -78.27 -20918.20 3350.00 54000.00 1.0481
54300 300.01 -78.27 -20918.20 3350.00 54000.00 1.0481
54400 300.01 -78.27 -20918.20 3350.00 54000.00 1.0481
54500 300.01 -78.27 -20918.20 3350.00 54000.00 1.0481
54600 300.01 -78.27 -20918.20 3350.00 54000.00 1.0481
54700 300.01 -78.27 -20918.20 3350.00 54000.00 1.0481
54800 300.01 -78.27 -20918.20 3350.00 54000.00 1.0481
54900 300.01 -78.27 -20918.20 3350.00 54000.00 1.0481
55000 300.01 -78.27 -20918.20 3350.00 54000.00 1.0481
55100 300.01 -78.27 -20918.20 3350.00 54000.00 1.0481
55200 300.01 -78.27 -20918.20 3350.00 54000.00 1.0481
55300 300.01 -78.27 -20918.20 3350.00 54000.00 1.0481
55400 300.01 -78.27 -20918.20 3350.00 54000.00 1.0481
55500 300.01 -78.27 -20918.20 3350.00 54000.00 1.0481
55600 300.01 -78.27 -20918.20 3350.00 54000.00 1.0481
55700 300.01 -78.27 -20918.20 3350.00 54000.00 1.0481
55800 300.01 -78.27 -20918.20 3350.00 54000.00 1.0481
55900 300.01 -78.27 -20918.20 3350.00 54000.00 1.0481
56000 300.01 -78.27 -20918.20 3350.00 54000.00 1.0481
56100 300.01 -78.27 -20918.20 3350.00 54000.00 1.0481
56200 300.01 -78.27 -20918.20 3350.00 54000.00 1.0481
56300 300.01 -78.27 -20918.20 3350.00 54000.00 1.0481
56400 300.01 -78.27 -20918.20 3350.00 54000.00 1.0481
56500 300.01 -78.27 -20918.20 3350.00 54000.00 1.0481
56600 300.01 -78.27 -20918.20 3350.00 54000.00 1.0481
56700 300.01 -78.27 -20918.20 3350.00 54000.00 1.0481
56800 300.01 -78.27 -20918.20 3350.00 54000.00 1.0481
56900 300.01 -78.27 -20918.20 3350.00 54000.00 1.0481
57000 300.01 -78.27 -20918.20 3350.00 54000.00 1.0481
57100 300.01 -78.27 -20918.20 3350.00 54000.00 1.0481
57200 300.01 -78.27 -20918.20 3350.00 54000.00 1.0481
57300 300.01 -78.27 -20918.20 3350.00 54000.00 1.0481
57400 300.01 -78.27 -20918.20 3350.00 54000.00 1.0481
57500 300.01 -78.27 -20918.20 3350.00 54000.00 1.0481
57600 300.01 -78.27 -20918.20 3350.00 54000.00 1.0481
57700 300.01 -78.27 -20918.20 3350.00 54000.00 1.0481
57800 300.01 -78.27 -20918.20 3350.00 54000.00 1.0481
57900 300.01 -78.27 -20918.20 3350.00 54000.00 1.0481
58000 300.01 -78.27 -20918.20 3350.00 54000.00 1.0481
58100 300.01 -78.27 -20918.20 3350.00 54000.00 1.0481
58200 300.01 -78.27 -20918.20 3350.00 54000.00 1.0481
58300 300.01 -78.27 -20918.20 3350.00 54000.00 1.0481
58400 300.01 -78.27 -20918.20 3350.00 54000.00 1.0481
58500 300.01 -78.27 -20918.20 3350.00 54000.00 1.0481
58600 300.01 -78.27 -20918.20 3350.00 54000.00 1.0481
58700 300.01 -78.27 -20918.20 3350.00 54000.00 1.0481
58800 300.01 -78.27 -20918.20 3350.00 54000.00 1.0481
58900 300.01 -78.27 -20918.20 3350.00 54000.00 1.0481
59000 300.01 -78.27 -20918.20 3350.00 54000.00 1.0481
59100 300.01 -78.27 -20918.20 3350.00 54000.00 1.0481
59200 300.01 -78.27 -20918.20 3350.00 54000.00 1.0481
59300 300.01 -78.27 -20918.20 3350.00 54000.00 1.0481
59400 300.01 -78.27 -20918.20 3350.00 54000.00 1.0481
59500 300.01 -78.27 -20918.20 3350.00 54000.00 1.0481
59600 300.01 -78.27 -20918.20 3350.00 54000.00 1.0481
59700 300.01 -78.27 -20918.20 3350.00 54000.00 1.0481
59800 300.01 -78.27 -20918.20 3350.00 54000.00 1.0481
59900 300.01 -78.27 -20918.20 3350.00 54000.00 1.0481
60000 300.01 -78.27 -20918.20 3350.00 54000.00 1.0481
60100 300.01 -78.27 -20918.20 3350.00 54000.00 1.0481
60200 300.01 -78.27 -20918.20 3350.00 54000.00 1.0481
60300 300.01 -78.27 -20918.20 3350.00 54000.00 1.0481
60400 300.01 -78.27 -20918.20 3350.00 54000.00 1.0481
60500 300.01 -78.27 -20918.20 3350.00 54000.00 1.0481
60600 300.01 -78.27 -20918.20 3350.00 54000.00 1.0481
60700 300.01 -78.27 -20918.20 3350.00 54000.00 1.0481
60800 300.01 -78.27 -20918.20 3350.00 54000.00 1.0481
60900 300.01 -78.27 -20918.20 3350.00 54000.00 1.0481
61000 300.01 -78.27 -20918.20 3350.00 54000.00 1.0481
61100 300.01 -78.27 -20918.20 3350.00 54000.00 1.0481
61200 300.01 -78.27 -20918.20 3350.00 54000.00 1.0481
61300 300.01 -78.27 -20918.20 3350.00 54000.00 1.0481
61400 300.01 -78.27 -20918.20 3350.00 54000.00 1.0481
61500 300.01 -78.27 -20918.20 3350.00 54000.00 1.0481
61600 300.01 -78.27 -20918.20 3350.00 54000.00 1.0481
61700 300.01 -78.27 -20918.20 3350.00 54000.00 1.0481
61800 300.01 -78.27 -20918.20 3350.00 54000.00 1.0481
61900 300.01 -78.27 -20918.20 3350.00 54000.00 1.0481
62000 300.01 -78.27 -20918.20 3350.00 54000.00 1.0481
62100 300.01 -78.27 -20918.20 3350.00 54000.00 1.0481
62200 300.01 -78.27 -20918.20 3350.00 54000.00 1.0481
62300 300.01 -78.27 -20918.20 3350.00 54000.00 1.0481
62400 300.01 -78.27 -20918.20 3350.00 54000.00 1.0481
62500 300.01 -78.27 -20918.20 3350.00 54000.00 1.0481
62600 300.01 -78.27 -20918.20 3350.00 54000.00 1.0481
62700 300.01 -78.27 -20918.20 3350.00 54000.00 1.0481
62800 300.01 -78.27 -20918.20 3350.00 54000.00 1.0481
62900 300.01 -78.27 -20918.20 3350.00 54000.00 1.0481
63000 300.01 -78.27 -20918.20 3350.00 54000.00 1.0481
63100 300.01 -78.27 -20918.20 3350.00 54000.00 1.0481
63200 300.01 -78.27 -20918.20 3350.00 54000.00 1.0481
63300 300.01 -78.27 -20918.20 3350.00 54000.00 1.0481
63400 300.01 -78.27 -20918.20 3350.00 54000.00 1.0481
63500 300.01 -78.27 -20918.20 3350.00 54000.00 1.0481
63600 300.01 -78.27 -20918.20 3350.00 54000.00 1.0481
63700 300.01 -78.27 -20918.20 3350.00 54000.00 1.0481
63800 300.01 -78.27 -20918.20 3350.00 54000.00 1.0481
63900 300.01 -78.27 -20918.20 3350.00 54000.00 1.0481
64000 300.01 -78.27 -20918.20 3350.00 54000.00 1.0481
64100 300.01 -78.27 -20918.20 3350.00 54000.00 1.0481
64200 300.01 -78.27 -20918.20 3350.00 54000.00 1.0481
64300 300.01 -78.27 -20918.20 3350.00 54000.00 1.0481
64400 300.01 -78.27 -20918.20 3350.00 54000.00 1.0481
64500 300.01 -78.27 -20918.20 3350.00 54000.00 1.0481
64600 300.01 -78.27 -20918.20 3350.00 54000.00 1.0481
64700 300.01 -78.27 -20918.20 3350.00 54000.00 1.0481
64800 300.01 -78.27 -20918.20 3350.00 54000.00 1.0481
64900 300.01 -78.27 -20918.20 3350.00 54000.00 1.0481
65000 300.01 -78.27 -20918.20 3350.00 54000.00 1.0481
65100 300.01 -78.27 -20918.20 3350.00 54000.00 1.0481
65200 300.01 -78.27 -20918.20 3350.00 54000.00 1.0481
65300 300.01 -78.27 -20918.20 3350.00 54000.00 1.0481
65400 300.01 -78.27 -20918.20 3350.00 54000.00 1.0481
65500 300.01 -78.27 -20918.20 3350.00 54000.00 1.0481
65600 300.01 -78.27 -20918.20 3350.00 54000.00 1.0481
65700 300.01 -78.27 -20918.20 3350.00 54000.00 1.0481
65800 300.01 -78.27 -20918.20 3350.00 54000.00 1.0481
65900 300.01 -78.27 -20918.20 3350.00 54000.00 1.0481
66000 300.01 -78.27 -20918.20 3350.00 54000.00 1.0481
66100 300.01 -78.27 -20918.20 3350.00 54000.00 1.0481
66200 300.01 -78.27 -20918.20 3350.00 54000.00 1.0481
66300 300.01 -78.27 -20918.20 3350.00 54000.00 1.0481
66400 300.01 -78.27 -20918.20 3350.00 54000.00 1.0481
66500 300.01 -78.27 -20918.20 3350.00 54000.00 1.0481
66600 300.01 -78.27 -20918.20 3350.00 54000.00 1.0481
66700 300.01 -78.27 -20918.20 3350.00 54000.00 1.0481
66800 300.01 -78.27 -20918.20 3350.00 54000.00 1.0481
66900 300.01 -78.27 -20918.20 3350.00 54000.00 1.0481
67000 300.01 -78.27 -20918.20 3350.00 54000.00 1.0481
67100 300.01 -78.27 -20918.20 3350.00 54000.00 1.0481
67200 300.01 -78.27 -20918.20 3350.00 54000.00 1.0481
67300 300.01 -78.27 -20918.20 3350.00 54000.00 1.0481
67400 300.01 -78.27 -20918.20 3350.00 54000.00 1.0481
67500 300.01 -78.27 -20918.20 3350.00 54000.00 1.0481
67600 300.01 -78.27 -20918.20 3350.00 54000.00 1.0481
67700 300.01 -78.27 -20918.20 3350.00 54000.00 1.0481
67800 300.01 -78.27 -20918.20 3350.00 54000.00 1.0481
67900 300.01 -78.27 -20918.20 3350.00 54000.00 1.0481
68000 300.01 -78.27 -20918.20 3350.00 54000.00 1.0481
68100 300.01 -78.27 -20918.20 3350.00 54000.00 1.0481
68200 300.01 -78.27 -20918.20 3350.00 54000.00 1.0481
68300 300.01 -78.27 -20918.20 3350.00 54000.00 1.0481
68400 300.01 -78.27 -20918.20 3350.00 54000.00 1.0481
68500 300.01 -78.27 -20918.20 3350.00 54000.00 1.0481
68600 300.01 -78.27 -20918.20 3350.00 54000.00 1.0481
68700 300.01 -78.27 -20918.20 3350.00 54000.00 1.0481
68800 300.01 -78.27 -20918.20 3350.00 54000.00 1.0481
68900 300.01 -78.27 -20918.20 3350.00 54000.00 1.0481
69000 300.01 -78.27 -20918.20 3350.00 54000.00 1.0481
69100 300.01 -78.27 -20918.20 3350.00 54000.00 1.0481
69200 300.01 -78.27 -20918.20 3350.00 54000.00 1.0481
69300 300.01 -78.27 -20918.20 3350.00 54000.00 1.0481
69400 300.01 -78.27 -20918.20 3350.00 54000.00 1.0481
69500 300.01 -78.27 -20918.20 3350.00 54000.00 1.0481
69600 300.01 -78.27 -20918.20 3350.00 54000.00 1.0481
69700 300.01 -78.27 -20918.20 3350.00 54000.00 1.0481
69800 300.01 -78.27 -20918.20 3350.00 54000.00 1.0481
69900 300.01 -78.27 -20918.20 3350.00 54000.00 1.0481
70000 300.01 -78.27 -20918.20 3350.00 54000.00 1.0481
70100 300.01 -78.27 -20918.20 3350.00 54000.00 1.0481
70200 300.01 -78.27 -20918.20 3350.00 54000.00 1.0481
70300 300.01 -78.27 -20918.20 3350.00 54000.00 1.0481
70400 300.01 -78.27 -20918.20 3350.00 54000.00 1.0481
70500 300.01 -78.27 -20918.20 3350.00 54000.00 1.0481
70600 300.01 -78.27 -20918.20 3350.00 54000.00 1.0481
70700 300.01 -78.27 -20918.20 3350.00 54000.00 1.0481
70800 300.01 -78.27 -20918.20 3350.00 54000.00 1.0481
70900 300.01 -78.27 -20918.20 3350.00 54000.00 1.0481
71000 300.01 -78.27 -20918.20 3350.00 54000.00 1.0481
71100 300.01 -78.27 -20918.20 3350.00 54000.00 1.0481
71200 300.01 -78.27 -20918.20 3350.00 54000.00 1.0481
71300 300.01 -78.27 -20918.20 3350.00 54000.00 1.0481
71400 300.01 -78.27 -20918.20 3350.00 54000.00 1.0481
71500 300.01 -78.27 -20918.20 3350.00 54000.00 1.0481
71600 300.01 -78.27 -20918.20 3350.00 54000.00 1.0481
71700 300.01 -78.27 -20918.20 3350.00 54000.00 1.0481
71800 300.01 -78.27 -20918.20 3350.00 54000.00 1.0481
71900 300.01 -78.27 -20918.20 3350.00 54000.00 1.0481
72000 300.01 -78.27 -20918.20 3350.00 54000.00 1.0481
72100 300.01 -78.27 -20918.20 3350.00 54000.00 1.0481
72200 300.01 -78.27 -20918.20 3350.00 54000.00 1.0481
72300 300.01 -78.27 -20918.20 3350.00 54000.00 1.0481
72400 300.01 -78.27 -20918.20 3350.00 54000.00 1.0481
72500 300.01 -78.27 -20918.20 3350.00 54000.00 1.0481
72600 300.01 -78.27 -20918.20 3350.00 54000.00 1.0481
72700 300.01 -78.27 -20918.20 3350.00 54000.00 1.0481
72800 300.01 -78.27 -20918.20 3350.00 54000.00 1.0481
72900 300.01 -78.27 -20918.20 3350.00 54000.00 1.0481
73000 300.01 -78.27 -20918.20 3350.00 54000.00 1.0481
73100 300.01 -78.27 -20918.20 3350.00 54000.00 1.0481
73200 300.01 -78.27 -20918.20 3350.00 54000.00 1.0481
73300 300.01 -78.27 -20918.20 3350.00 54000.00 1.0481
73400 300.01 -78.27 -20918.20 3350.00 54000.00 1.0481
73500 300.01 -78.27 -20918.20 3350.00 54000.00 1.0481
73600 300.01 -78.27 -20918.20 3350.00 54000.00 1.0481
73700 300.01 -78.27 -20918.20 3350.00 54000.00 1.0481
73800 300.01 -78.27 -20918.20 3350.00 54000.00 1.0481
73900 300.01 -78.27 -20918.20 3350.00 54000.00 1.0481
74000 300.01 -78.27 -20918.20 3350.00 54000.00 1.0481
74100 300.01 -78.27 -20918.20 3350.00 54000.00 1.0481
74200 300.01 -78.27 -20918.20 3350.00 54000.00 1.0481
74300 300.01 -78.27 -20918.20 3350.00 54000.00 1.0481
74400 300.01 -78.27 -20918.20 3350.00 54000.00 1.0481
74500 300.01 -78.27 -20918.20 3350.00 54000.00 1.0481
74600 300.01 -78.27 -20918.20 3350.00 54000.00 1.0481
74700 300.01 -78.27 -20918.20 3350.00 54000.00 1.0481
74800 300.01 -78.27 -20918.20 3350.00 54000.00 1.0481
74900 300.01 -78.27 -20918.20 3350.00 54000.00 1.0481
75000 300.01 -78.27 -20918.20 3350.00 54000.00 1.0481
75100 300.01 -78.27 -20918.20 3350.00 54000.00 1.0481
75200 300.01 -78.27 -20918.20 3350.00 54000.00 1.0481
75300 300.01 -78.27 -20918.20 3350.00 54000.00 1.0481
75400 300.01 -78.27 -20918.20 3350.00 54000.00 1.0481
75500 300.01 -78.27 -20918.20 3350.00 54000.00 1.0481
75600 300.01 -78.27 -20918.20 3350.00 54000.00 1.0481
75700 300.01 -78.27 -20918.20 3350.00 54000.00 1.0481
75800 300.01 -78.27 -20918.20 3350.00 54000.00 1.0481
75900 300.01 -78.27 -20918.20 3350.00 54000.00 1.0481
76000 300.01 -78.27 -20918.20 3350.00 54000.00 1.0481
76100 300.01 -78.27 -20918.20 3350.00 54000.00 1.0481
76200 300.01 -78.27 -20918.20 3350.00 54000.00 1.0481
76300 300.01 -78.27 -20918.20 3350.00 54000.00 1.0481
76400 300.01 -78.27 -20918.20 3350.00 54000.00 1.0481
76500 300.01 -78.27 -20918.20 3350.00 54000.00 1.0481
76600 300.01 -78.27 -20918.20 3350.00 54000.00 1.0481
76700 300.01 -78.27 -20918.20 3350.00 54000.00 1.0481
76800 300.01 -78.27 -20918.20 3350.00 54000.00 1.0481
76900 300.01 -78.27 -20918.20 3350.00 54000.00 1.0481
77000 300.01 -78.27 -20918.20 3350.00 54000.00 1.0481
77100 300.01 -78.27 -20918.20 3350.00 54000.00 1.0481
77200 300.01 -78.27 -20918.20 3350.00 54000.00 1.0481
77300 300.01 -78.27 -20918.20 3350.00 54000.00 1.0481
77400 300.01 -78.27 -20918.20 3350.00 54000.00 1.0481
77500 300.01 -78.27 -20918.20 3350.00 54000.00 1.0481
77600 300.01 -78.27 -20918.20 3350.00 54000.00 1.0481
77700 300.01 -78.27 -20918.20 3350.00 54000.00 1.0481
77800 300.01 -78.27 -20918.20 3350.00 54000.00 1.0481
77900 300.01 -78.27 -20918.20 3350.00 54000.00 1.0481
78000 300.01 -78.27 -20918.20 3350.00 54000.00 1.0481
78100 300.01 -78.27 -20918.20 3350.00 54000.00 1.0481
78200 300.01 -78.27 -20918.20 3350.00 54000.00 1.0481
78300 300.01 -78.27 -20918.20 3350.00 54000.00 1.0481
78400 300.01 -78.27 -20918.20 3350.00 54000.00 1.0481
78500 300.01 -78.27 -20918.20 3350.00 54000.00 1.0481
78600 300.01 -78.27 -20918.20 3350.00 54000.00 1.0481
78700 300.01 -78.27 -20918.20 3350.00 54000.00 1.0481
78800 300.01 -78.27 -20918.20 3350.00 54000.00 1.0481
78900 300.01 -78.27 -20918.20 3350.00 54000.00 1.0481
79000 300.01 -78.27 -20918.20 3350.00 54000.00 1.0481
79100 300.01 -78.27 -20918.20 3350.00 54000.00 1.0481
79200 300.01 -78.27 -20918.20 3350.00 54000.00 1.0481
79300 300.01 -78.27 -20918.20 3350.00 54000.00 1.0481
79400 300.01 -78.27 -20918.20 3350.00 54000.00 1.0481
79500 300.01 -78.27 -20918.20 3350.00 54000.00 1.0481
79600 300.01 -78.27 -20918.20 3350.00 54000.00 1.0481
79700 300.01 -78.27 -20918.20 3350.00 54000.00 1.0481
79800 300.01 -78.27 -20918.20 3350.00 54000.00 1.0481
79900 300.01 -78.27 -20918.20 3350.00 54000.00 1.0481
80000 300.01 -78.27 -20918.20 3350.00 54000.00 1.0481
80100 300.01 -78.27 -20918.20 3350.00 54000.00 1.0481
80200 300.01 -78.27 -20918.20 3350.00 54000.00 1.0481
80300 300.01 -78.27 -20918.20 3350.00 54000.00 1.0481
80400 300.01 -78.27 -20918.20 3350.00 54000.00 1.0481
80500 300.01 -78.27 -20918.20 3350.00 54000.00 1.0481
80600 300.01 -78.27 -20918.20 3350.00 54000.00 1.0481
80700 300.01 -78.27 -20918.20 3350.00 54000.00 1.0481
80800 300.01 -78.27 -20918.20 3350.00 54000.00 1.0481
80900 300.01 -78.27 -20918.20 3350.00 54000.00 1.0481
81000 300.01 -78.27 -20918.20 3350.00 54000.00 1.0481
81100 300.01 -78.27 -20918.20 3350.00 54000.00 1.0481
81200 300.01 -78.27 -20918.20 3350.00 54000.00 1.0481
81300 300.01 -78.27 -20918.20 3350.00 54000.00 1.0481
81400 300.01 -78.27 -20918.20 3350.00 54000.00 1.0481
81500 300.01 -78.27 -20918.20 3350.00 54000.00 1.0481
81600 300.01 -78.27 -20918.20 3350.00 54000.00 1.0481
81700 300.01 -78.27 -20918.20 3350.00 54000.00 1.0481
81800 300.01 -78.27 -20918.20 3350.00 54000.00 1.0481
81900 300.01 -78.27 -20918.20 3350.00 54000.00 1.0481
82000 300.01 -78.27 -20918.20 3350.00 54000.00 1.0481
82100 300.01 -78.27 -20918.20 3350.00 54000.00 1.0481
82200 300.01 -78.27 -20918.20 3350.00 54000.00 1.0481
82300 300.01 -78.27 -20918.20 3350.00 54000.00 1.0481
82400 300.01 -78.27 -20918.20 3350.00 54000.00 1.0481
82500 300.01 -78.27 -20918.20 3350.00 54000.00 1.0481
82600 300.01 -78.27 -20918.20 3350.00 54000.00 1.0481
82700 300.01 -78.27 -20918.20 3350.00 54000.00 1.0481
82800 300.01 -78.27 -20918.20 3350.00 54000.00 1.0481
82900 300.01 -78.27 -20918.20 3350.00 54000.00 1.0481
83000 300.01 -78.27 -20918.20 3350.00 54000.00 1.0481
83100 300.01 -78.27 -20918.20 3350.00 54000.00 1.0481
83200 300.01 -78.27 -20918.20 3350.00 54000.00 1.0481
83300 300.01 -78.27 -20918.20 3350.00 54000.00 1.0481
83400 300.01 -78.27 -20918.20 3350.00 54000.00 1.0481
83500 300.01 -78.27 -20918.20 3350.00 54000.00 1.0481
83600 300.01 -78.27 -20918.20 3350.00 54000.00 1.0481
83700 300.01 -78.27 -20918.20 3350.00 54000.00 1.0481
83800 300.01 -78.27 -20918.20 3350.00 54000.00 1.0481
83900 300.01 -78.27 -20918.20 3350.00 54000.00 1.0481
84000 300.01 -78.27 -20918.20 3350.00 54000.00 1.0481
84100 300.01 -78.27 -20918.20 3350.00 54000.00 1.0481
84200 300.01 -78.27 -20918.20 3350.00 54000.00 1.0481
84300 300.01 -78.27 -20918.20 3350.00 54000.00 1.0481
84400 300.01 -78.27 -20918.20 3350.00 54000.00 1.0481
84500 300.01 -78.27 -20918.20 3350.00 54000.00 1.0481
84600 300.01 -78.27 -20918.20 3350.00 54000.00 1.0481
84700 300.01 -78.27 -20918.20 3350.00 54000.00 1.0481
84800 300.01 -78.27 -20918.20 3350.00 54000.00 1.0481
84900 300.01 -78.27 -20918.20 3350.00 54000.00 1.0481
85000 300.01 -78.27 -20918.20 3350.00 54000.00 1.0481
85100 300.01 -78.27 -20918.20 3350.00 54000.00 1.0481
85200 300.01 -78.27 -20918.20 3350.00 54000.00 1.0481
85300 300.01 -78.27 -20918.20 3350.00 54000.00 1.0481
85400 300.01 -78.27 -20918.20 3350.00 54000.00 1.0481
85500 300.01 -78.27 -20918.20 3350.00 54000.00 1.0481
85600 300.01 -78.27 -20918.20 3350.00 54000.00 1.0481
85700 300.01 -78.27 -20918.20 3350.00 54000.00 1.0481
85800 300.01 -78.27 -20918.20 3350.00 54000.00 1.0481
85900 300.01 -78.27 -20918.20 3350.00 54000.00 1.0481
86000 300.01 -78.27 -20918.20 3350.00 54000.00 1.0481
86100 300.01 -78.27 -20918.20 3350.00 54000.00 1.0481
86200 300.01 -78.27 -20918.20 3350.00 54000.00 1.0481
86300 300.01 -78.27 -20918.20 3350.00 54000.00 1.0481
86400 300.01 -78.27 -20918.20 3350.00 54000.00 1.0481
86500 300.01 -78.27 -20918.20 3350.00 54000.00 1.0481
86600 300.01 -78.27 -20918.20 3350.00 54000.00 1.0481
86700 300.01 -78.27 -20918.20 3350.00 54000.00 1.0481
86800 300.01 -78.27 -20918.20 3350.00 54000.00 1.0481
86900 300.01 -78.27 -20918.20 3350.00 54000.00 1.0481
87000 300.01 -78.27 -20918.20 3350.00 54000.00 1.0481
87100 300.01 -78.27 -20918.20 3350.00 54000.00 1.0481
87200 300.01 -78.27 -20918.20 3350.00 54000.00 1.0481
87300 300.01 -78.27 -20918.20 3350.00 54000.00 1.0481
87400 300.01 -78.27 -20918.20 3350.00 54000.00 1.0481
87500 300.01 -78.27 -20918.20 3350.00 54000.00 1.0481
87600 300.01 -78.27 -20918.20 3350.00 54000.00 1.0481
87700 300.01 -78.27 -20918.20 3350.00 54000.00 1.0481
87800 300.01 -78.27 -20918.20 3350.00 54000.00 1.0481
87900 300.01 -78.27 -20918.20 3350.00 54000.00 1.0481
88000 300.01 -78.27 -20918.20 3350.00 54000.00 1.0481
88100 300.01 -78.27 -20918.20 3350.00 54000.00 1.0481
88200 300.01 -78.27 -20918.20 3350.00 54000.00 1.0481
88300 300.01 -78.27 -20918.20 3350.00 54000.00 1.0481
88400 300.01 -78.27 -20918.20 3350.00 54000.00 1.0481
88500 300.01 -78.27 -20918.20 3350.00 54000.00 1.0481
88600 300.01 -78.27 -20918.20 3350.00 54000.00 1.0481
88700 300.01 -78.27 -20918.20 3350.00 54000.00 1.0481
88800 300.01 -78.27 -20918.20 3350.00 54000.00 1.0481
88900 300.01 -78.27 -20918.20 3350.00 54000.00 1.0481
89000 300.01 -78.27 -20918.20 3350.00 54000.00 1.0481
89100 300.01 -78.27 -20918.20 3350.00 54000.00 1.0481
89200 300.01 -78.27 -20918.20 3350.00 54000.00 1.0481
89300 300.01 -78.27 -20918.20 3350.00 54000.00 1.0481
89400 300.01 -78.27 -20918.20 3350.00 54000.00 1.0481
89500 300.01 -78.27 -20918.20 3350.00 54000.00 1.0481
89600 300.01 -78.27 -20918.20 3350.00 54000.00 1.0481
89700 300.01 -78.27 -20918.20 3350.00 54000.00 1.0481
89800 300.01 -78.27 -20918.20 3350.00 54000.00 1.0481
89900 300.01 -78.27 -20918.20 3350.00 54000.00 1.0481
90000 300.01 -78.27 -20918.20 3350.00 54000.00 1.0481
90100 300.01 -78.27 -20918.20 3350.00 54000.00 1.0481
90200 300.01 -78.27 -20918.20 3350.00 54000.00 1.0481
90300 300.01 -78.27 -20918.20 3350.00 54000.00 1.0481
90400 300.01 -78.27 -20918.20 3350.00 54000.00 1.0481
90500 300.01 -78.27 -20918.20 3350.00 54000.00 1.0481
90600 300.01 -78.27 -20918.20 3350.00 54000.00 1.0481
90700 300.01 -78.27 -20918.20 3350.00 54000.00 1.0481
90800 300.01 -78.27 -20918.20 3350.00 54000.00 1.0481
90900 300.01 -78.27 -20918.20 3350.00 54000.00 1.0481
91000 300.01 -78.27 -20918.20 3350.00 54000.00 1.0481
91100 300.01 -78.27 -20918.20 3350.00 54000.00 1.0481
91200 300.01 -78.27 -20918.20 3350.00 54000.00 1.0481
91300 300.01 -78.27 -20918.20 3350.00 54000.00 1.0481
91400 300.01 -78.27 -20918.20 3350.00 54000.00 1.0481
91500 300.01 -78.27 -20918.20 3350.00 54000.00 1.0481
91600 300.01 -78.27 -20918.20 3350.00 54000.00 1.0481
91700 300.01 -78.27 -20918.20 3350.00 54000.00 1.0481
91800 300.01 -78.27 -20918.20 3350.00 54000.00 1.0481
91900 300.01 -78.27 -20918.20 3350.00 54000.00 1.0481
92000 300.01 -78.27 -20918.20 3350.00 54000.00 1.0481
92100 300.01 -78.27 -20918.20 3350.00 54000.00 1.0481
92200 300.01 -78.27 -20918.20 3350.00 54000.00 1.0481
92300 300.01 -78.27 -20918.20 3350.00 54000.00 1.0481
92400 300.01 -78.27 -20918.20 3350.00 54000.00 1.0481
92500 300.01 -78.27 -20918.20 3350.00 54000.00 1.0481
92600 300.01 -78.27 -20918.20 3350.00 54000.00 1.0481
92700 300.01 -78.27 -20918.20 3350.00 54000.00 1.0481
92800 300.01 -78.27 -20918.20 3350.00 54000.00 1.0481
92900 300.01 -78.27 -20918.20 3350.00 54000.00 1.0481
93000 300.01 -78.27 -20918.20 3350.00 54000.00 1.0481
93100 300.01 -78.27 -20918.20 3350.00 54000.00 1.0481
93200 300.01 -78.27 -20918.20 3350.00 54000.00 1.0481
93300 300.01 -78.27 -20918.20 3350.00 54000.00 1.0481
93400 300.01 -78.27 -20918.20 3350.00 54000.00 1.0481
93500 300.01 -78.27 -20918.20 3350.00 54000.00 1.0481
93600 300.01 -78.27 -20918.20 3350.00 54000.00 1.0481
93700 300.01 -78.27 -20918.20 3350.00 54000.00 1.0481
93800 300.01 -78.27 -20918.20 3350.00 54000.00 1.0481
93900 300.01 -78.27 -20918.20 3350.00 54000.00 1.0481
94000 300.01 -78.27 -20918.20 3350.00 54000.00 1.0481
94100 300.01 -78.27 -20918.20 3350.00 54000.00 1.0481
94200 300.01 -78.27 -20918.20 3350.00 54000.00 1.0481
94300 300.01 -78.27 -20918.20 3350.00 54000.00 1.0481
94400 300.01 -78.27 -20918.20 3350.00 54000.00 1.0481
94500 300.01 -78.27 -20918.20 3350.00 54000.00 1.0481
94600 300.01 -78.27 -20918.20 3350.00 54000.00 1.0481
94700 300.01 -78.27 -20918.20 3350.00 54000.00 1.0481
94800 300.01 -78.27 -20918.20 3350.00 54000.00 1.0481
94900 300.01 -78.27 -20918.20 3350.00 54000.00 1.0481
95000 300.01 -78.27 -20918.20 3350.00 54000.00 1.0481
95100 300.01 -78.27 -20918.20 3350.00 54000.00 1.0481
95200 300.01 -78.27 -20918.20 3350.00 54000.00 1.0481
95300 300.01 -78.27 -20918.20 3350.00 54000.00 1.0481
95400 300.01 -78.27 -20918.20 3350.00 54000.00 1.0481
95500 300.01 -78.27 -20918.20 3350.00 54000.00 1.0481
95600 300.01 -78.27 -20918.20 3350.00 54000.00 1.0481
95700 300.01 -78.27 -20918.20 3350.00 54000.00 1.0481
95800 300.01 -78.27 -20918.20 3350.00 54000.00 1.0481
95900 300.01 -78.27 -20918.20 3350.00 54000.00 1.0481
96000 300.01 -78.27 -20918.20 3350.00 54000.00 1.0481
96100 300.01 -78.27 -20918.20 3350.00 54000.00 1.0481
96200 300.01 -78.27 -20918.20 3350.00 54000.00 1.0481
96300 300.01 -78.27 -20918.20 3350.00 54000.00 1.0481
96400 300.01 -78.27 -20918.20 3350.00 54000.00 1.0481
96500 300.01 -78.27 -20918.20 3350.00 54000.00 1.0481
96600 300.01 -78.27 -20918.20 3350.00 54000.00 1.0481
96700 300.01 -78.27 -20918.20 3350.00 54000.00 1.0481
96800 300.01 -78.27 -20918.20 3350.00 54000.00 1.0481
96900 300.01 -78.27 -20918.20 3350.00 54000.00 1.0481
97000 300.01 -78.27 -20918.20 3350.00 54000.00 1.0481
97100 300.01 -78.27 -20918.20 3350.00 54000.00 1.0481
97200 300.01 -78.27 -20918.20 3350.00 54000.00 1.0481
97300 300.01 -78.27 -20918.20 3350.00 54000.00 1.0481
97400 300.01 -78.27 -20918.20 3350.00 54000.00 1.0481
97500 300.01 -78.27 -20918.20 3350.00 54000.00 1.0481
97600 300.01 -78.27 -20918.20 3350.00 54000.00 1.0481
97700 300.01 -78.27 -20918.20 3350.00 54000.00 1.0481
97800 300.01 -78.27 -20918.20 3350.00 54000.00 1.0481
97900 300.01 -78.27 -20918.20 3350.00 54000.00 1.0481
98000 300.01 -78.27 -20918.20 3350.00 54000.00 1.0481
98100 300.01 -78.27 -20918.20 3350.00 54000.00 1.0481
98200 300.01 -78.27 -20918.20 3350.00 54000.00 1.0481
98300 300.01 -78.27 -20918.20 3350.00 54000.00 1.0481
98400 300.01 -78.27 -20918.20 3350.00 54000.00 1.0481
98500 300.01 -78.27 -20918.20 3350.00 54000.00 1.0481
98600 300.01 -78.27 -20918.20 3350.00 54000.00 1.0481
98700 300.01 -78.27 -20918.20 3350.00 54000.00 1.0481
98800 300.01 -78.27 -20918.20 3350.00 54000.00 1.0481
98900 300.01 -78.27 -20918.20 3350.00 54000.00 1.0481
99000 300.01 -78.27 -20918.20 3350.00 54000.00 1.0481
99100 300.01 -78.27 -20918.20 3350.00 54000.00 1.0481
99200 300.01 -78.27 -20918.20 3350.00 54000.00 1.0481
99300 300.01 -78.27 -20918.20 3350.00 54000.00 1.0481
99400 300.01 -78.27 -20918.20 3350.00 54000.00 1.0481
99500 300.01 -78.27 -20918.20 3350.00 54000.00 1.0481
99600 300.01 -78.27 -20918.20 3350.00 54000.00 1.0481
99700 300.01 -78.27 -20918.20 3350.00 54000.00 1.0481
99800 300.01 -78.27 -20918.20 3350.00 54000.00 1.0481
99900 300.01 -78.27 -20918.20 3350.00 54000.00 1.0481
