# TimeStep Temp Press PotEng KinEng Volume Density
0 297.17 -55.88 -21141.71 3350.00 54000.00 1.0447
100 298.28 -152.63 -21055.46 3350.00 54000.00 1.0468
200 298.84 -159.06 -21030.74 3350.00 54000.00 1.0472
300 299.23 -155.29 -21006.06 3350.00 54000.00 1.0475
400 299.48 -147.13 -20983.50 3350.00 54000.00 1.0477
500 299.66 -137.83 -20964.28 3350.00 54000.00 1.0478
600 299.78 -128.94 -20948.57 3350.00 54000.00 1.0478
700 299.86 -121.09 -20936.07 3350.00 54000.00 1.0478
800 299.91 -114.47 -20926.32 3350.00 54000.00 1.0477
900 299.95 -109.06 -20918.79 3350.00 54000.00 1.0477
1000 299.98 -104.71 -20913.05 3350.00 54000.00 1.0477
1100 300.00 -101.27 -20908.69 3350.00 54000.00 1.0476
1200 300.01 -98.57 -20905.38 3350.00 54000.00 1.0476
1300 300.02 -96.45 -20902.86 3350.00 54000.00 1.0476
1400 300.03 -94.80 -20900.95 3350.00 54000.00 1.0476
1500 300.04 -93.51 -20899.48 3350.00 54000.00 1.0476
1600 300.04 -92.50 -20898.35 3350.00 54000.00 1.0476
1700 300.04 -91.71 -20897.48 3350.00 54000.00 1.0475
1800 300.05 -91.08 -20896.79 3350.00 54000.00 1.0475
1900 300.05 -90.59 -20896.25 3350.00 54000.00 1.0475
2000 300.05 -90.20 -20895.83 3350.00 54000.00 1.0475
2100 300.05 -89.88 -20895.48 3350.00 54000.00 1.0475
2200 300.05 -89.62 -20895.21 3350.00 54000.00 1.0475
2300 300.05 -89.42 -20894.98 3350.00 54000.00 1.0475
2400 300.05 -89.25 -20894.80 3350.00 54000.00 1.0475
2500 300.05 -89.11 -20894.65 3350.00 54000.00 1.0475
2600 300.05 -88.99 -20894.52 3350.00 54000.00 1.0475
2700 300.05 -88.90 -20894.42 3350.00 54000.00 1.0475
2800 300.05 -88.82 -20894.32 3350.00 54000.00 1.0475
2900 300.05 -88.75 -20894.25 3350.00 54000.00 1.0475
3000 300.05 -88.69 -20894.19 3350.00 54000.00 1.0475
3100 300.06 -88.64 -20894.13 3350.00 54000.00 1.0475
3200 300.06 -88.60 -20894.09 3350.00 54000.00 1.0475
3300 300.06 -88.56 -20894.04 3350.00 54000.00 1.0475
3400 300.06 -88.53 -20894.01 3350.00 54000.00 1.0475
3500 300.06 -88.50 -20893.97 3350.00 54000.00 1.0475
3600 300.06 -88.48 -20893.94 3350.00 54000.00 1.0475
3700 300.06 -88.45 -20893.92 3350.00 54000.00 1.0475
3800 300.06 -88.44 -20893.90 3350.00 54000.00 1.0475
3900 300.06 -88.42 -20893.87 3350.00 54000.00 1.0475
4000 300.06 -88.40 -20893.85 3350.00 54000.00 1.0475
4100 300.06 -88.39 -20893.84 3350.00 54000.00 1.0475
4200 300.06 -88.37 -20893.82 3350.00 54000.00 1.0475
4300 300.06 -88.36 -20893.81 3350.00 54000.00 1.0475
4400 300.06 -88.35 -20893.80 3350.00 54000.00 1.0475
4500 300.06 -88.34 -20893.79 3350.00 54000.00 1.0475
4600 300.06 -88.33 -20893.79 3350.00 54000.00 1.0475
4700 300.06 -88.33 -20893.78 3350.00 54000.00 1.0475
4800 300.06 -88.32 -20893.77 3350.00 54000.00 1.0475
4900 300.06 -88.31 -20893.76 3350.00 54000.00 1.0475
5000 300.06 -88.31 -20893.76 3350.00 54000.00 1.0475
5100 300.06 -88.30 -20893.75 3350.00 54000.00 1.0475
5200 300.06 -88.30 -20893.74 3350.00 54000.00 1.0475
5300 300.06 -88.29 -20893.73 3350.00 54000.00 1.0475
5400 300.06 -88.29 -20893.72 3350.00 54000.00 1.0475
5500 300.06 -88.28 -20893.72 3350.00 54000.00 1.0475
5600 300.06 -88.27 -20893.72 3350.00 54000.00 1.0475
5700 300.06 -88.27 -20893.71 3350.00 54000.00 1.0475
5800 300.06 -88.27 -20893.71 3350.00 54000.00 1.0475
5900 300.06 -88.26 -20893.70 3350.00 54000.00 1.0475
6000 300.06 -88.26 -20893.70 3350.00 54000.00 1.0475
6100 300.06 -88.26 -20893.70 3350.00 54000.00 1.0475
6200 300.06 -88.25 -20893.69 3350.00 54000.00 1.0475
6300 300.06 -88.25 -20893.69 3350.00 54000.00 1.0475
6400 300.06 -88.25 -20893.69 3350.00 54000.00 1.0475
6500 300.06 -88.25 -20893.69 3350.00 54000.00 1.0475
6600 300.06 -88.25 -20893.69 3350.00 54000.00 1.0475
6700 300.06 -88.25 -20893.69 3350.00 54000.00 1.0475
6800 300.06 -88.25 -20893.69 3350.00 54000.00 1.0475
6900 300.06 -88.24 -20893.69 3350.00 54000.00 1.0475
7000 300.06 -88.24 -20893.68 3350.00 54000.00 1.0475
7100 300.06 -88.24 -20893.68 3350.00 54000.00 1.0475
7200 300.06 -88.24 -20893.68 3350.00 54000.00 1.0475
7300 300.06 -88.23 -20893.68 3350.00 54000.00 1.0475
7400 300.06 -88.23 -20893.68 3350.00 54000.00 1.0475
7500 300.06 -88.23 -20893.67 3350.00 54000.00 1.0475
7600 300.06 -88.23 -20893.67 3350.00 54000.00 1.0475
7700 300.06 -88.23 -20893.67 3350.00 54000.00 1.0475
7800 300.06 -88.23 -20893.67 3350.00 54000.00 1.0475
7900 300.06 -88.23 -20893.67 3350.00 54000.00 1.0475
8000 300.06 -88.23 -20893.67 3350.00 54000.00 1.0475
8100 300.06 -88.23 -20893.67 3350.00 54000.00 1.0475
8200 300.06 -88.22 -20893.67 3350.00 54000.00 1.0475
8300 300.06 -88.22 -20893.67 3350.00 54000.00 1.0475
8400 300.06 -88.22 -20893.67 3350.00 54000.00 1.0475
8500 300.06 -88.22 -20893.67 3350.00 54000.00 1.0475
8600 300.06 -88.22 -20893.66 3350.00 54000.00 1.0475
8700 300.06 -88.22 -20893.66 3350.00 54000.00 1.0475
8800 300.06 -88.22 -20893.66 3350.00 54000.00 1.0475
8900 300.06 -88.22 -20893.66 3350.00 54000.00 1.0475
9000 300.06 -88.22 -20893.66 3350.00 54000.00 1.0475
9100 300.06 -88.22 -20893.66 3350.00 54000.00 1.0475
9200 300.06 -88.22 -20893.66 3350.00 54000.00 1.0475
9300 300.06 -88.22 -20893.66 3350.00 54000.00 1.0475
9400 300.06 -88.22 -20893.66 3350.00 54000.00 1.0475
9500 300.06 -88.22 -20893.66 3350.00 54000.00 1.0475
9600 300.06 -88.22 -20893.66 3350.00 54000.00 1.0475
9700 300.06 -88.22 -20893.66 3350.00 54000.00 1.0475
9800 300.06 -88.22 -20893.66 3350.00 54000.00 1.0475
9900 300.06 -88.22 -20893.66 3350.00 54000.00 1.0475
10000 300.06 -88.22 -20893.66 3350.00 54000.00 1.0475
10100 300.06 -88.22 -20893.66 3350.00 54000.00 1.0475
10200 300.06 -88.22 -20893.66 3350.00 54000.00 1.0475
10300 300.06 -88.22 -20893.66 3350.00 54000.00 1.0475
10400 300.06 -88.22 -20893.66 3350.00 54000.00 1.0475
10500 300.06 -88.22 -20893.66 3350.00 54000.00 1.0475
10600 300.06 -88.22 -20893.66 3350.00 54000.00 1.0475
10700 300.06 -88.22 -20893.66 3350.00 54000.00 1.0475
10800 300.06 -88.22 -20893.66 3350.00 54000.00 1.0475
10900 300.06 -88.22 -20893.66 3350.00 54000.00 1.0475
11000 300.06 -88.22 -20893.66 3350.00 54000.00 1.0475
11100 300.06 -88.22 -20893.66 3350.00 54000.00 1.0475
11200 300.06 -88.22 -20893.66 3350.00 54000.00 1.0475
11300 300.06 -88.22 -20893.66 3350.00 54000.00 1.0475
11400 300.06 -88.22 -20893.66 3350.00 54000.00 1.0475
11500 300.06 -88.22 -20893.66 3350.00 54000.00 1.0475
11600 300.06 -88.22 -20893.66 3350.00 54000.00 1.0475
11700 300.06 -88.22 -20893.66 3350.00 54000.00 1.0475
11800 300.06 -88.22 -20893.66 3350.00 54000.00 1.0475
11900 300.06 -88.22 -20893.66 3350.00 54000.00 1.0475
12000 300.06 -88.22 -20893.66 3350.00 54000.00 1.0475
12100 300.06 -88.22 -20893.66 3350.00 54000.00 1.0475
12200 300.06 -88.22 -20893.66 3350.00 54000.00 1.0475
12300 300.06 -88.22 -20893.66 3350.00 54000.00 1.0475
12400 300.06 -88.22 -20893.66 3350.00 54000.00 1.0475
12500 300.06 -88.22 -20893.66 3350.00 54000.00 1.0475
12600 300.06 -88.22 -20893.66 3350.00 54000.00 1.0475
12700 300.06 -88.22 -20893.66 3350.00 54000.00 1.0475
12800 300.06 -88.22 -20893.66 3350.00 54000.00 1.0475
12900 300.06 -88.22 -20893.66 3350.00 54000.00 1.0475
13000 300.06 -88.22 -20893.66 3350.00 54000.00 1.0475
13100 300.06 -88.22 -20893.65 3350.00 54000.00 1.0475
13200 300.06 -88.22 -20893.65 3350.00 54000.00 1.0475
13300 300.06 -88.22 -20893.65 3350.00 54000.00 1.0475
13400 300.06 -88.22 -20893.65 3350.00 54000.00 1.0475
13500 300.06 -88.22 -20893.65 3350.00 54000.00 1.0475
13600 300.06 -88.22 -20893.65 3350.00 54000.00 1.0475
13700 300.06 -88.22 -20893.66 3350.00 54000.00 1.0475
13800 300.06 -88.22 -20893.66 3350.00 54000.00 1.0475
13900 300.06 -88.22 -20893.66 3350.00 54000.00 1.0475
14000 300.06 -88.22 -20893.66 3350.00 54000.00 1.0475
14100 300.06 -88.22 -20893.66 3350.00 54000.00 1.0475
14200 300.06 -88.22 -20893.66 3350.00 54000.00 1.0475
14300 300.06 -88.22 -20893.66 3350.00 54000.00 1.0475
14400 300.06 -88.22 -20893.66 3350.00 54000.00 1.0475
14500 300.06 -88.22 -20893.66 3350.00 54000.00 1.0475
14600 300.06 -88.22 -20893.66 3350.00 54000.00 1.0475
14700 300.06 -88.22 -20893.66 3350.00 54000.00 1.0475
14800 300.06 -88.22 -20893.66 3350.00 54000.00 1.0475
14900 300.06 -88.22 -20893.66 3350.00 54000.00 1.0475
15000 300.06 -88.22 -20893.66 3350.00 54000.00 1.0475
15100 300.06 -88.22 -20893.66 3350.00 54000.00 1.0475
15200 300.06 -88.22 -20893.66 3350.00 54000.00 1.0475
15300 300.06 -88.22 -20893.66 3350.00 54000.00 1.0475
15400 300.06 -88.22 -20893.66 3350.00 54000.00 1.0475
15500 300.06 -88.22 -20893.66 3350.00 54000.00 1.0475
15600 300.06 -88.22 -20893.66 3350.00 54000.00 1.0475
15700 300.06 -88.22 -20893.66 3350.00 54000.00 1.0475
15800 300.06 -88.22 -20893.66 3350.00 54000.00 1.0475
15900 300.06 -88.22 -20893.66 3350.00 54000.00 1.0475
16000 300.06 -88.22 -20893.66 3350.00 54000.00 1.0475
16100 300.06 -88.22 -20893.66 3350.00 54000.00 1.0475
16200 300.06 -88.22 -20893.66 3350.00 54000.00 1.0475
16300 300.06 -88.22 -20893.66 3350.00 54000.00 1.0475
16400 300.06 -88.22 -20893.66 3350.00 54000.00 1.0475
16500 300.06 -88.22 -20893.66 3350.00 54000.00 1.0475
16600 300.06 -88.22 -20893.66 3350.00 54000.00 1.0475
16700 300.06 -88.22 -20893.66 3350.00 54000.00 1.0475
16800 300.06 -88.22 -20893.66 3350.00 54000.00 1.0475
16900 300.06 -88.22 -20893.66 3350.00 54000.00 1.0475
17000 300.06 -88.22 -20893.66 3350.00 54000.00 1.0475
17100 300.06 -88.22 -20893.66 3350.00 54000.00 1.0475
17200 300.06 -88.22 -20893.66 3350.00 54000.00 1.0475
17300 300.06 -88.22 -20893.66 3350.00 54000.00 1.0475
17400 300.06 -88.22 -20893.66 3350.00 54000.00 1.0475
17500 300.06 -88.22 -20893.66 3350.00 54000.00 1.0475
17600 300.06 -88.22 -20893.66 3350.00 54000.00 1.0475
17700 300.06 -88.22 -20893.66 3350.00 54000.00 1.0475
17800 300.06 -88.22 -20893.66 3350.00 54000.00 1.0475
17900 300.06 -88.22 -20893.66 3350.00 54000.00 1.0475
18000 300.06 -88.22 -20893.66 3350.00 54000.00 1.0475
18100 300.06 -88.22 -20893.66 3350.00 54000.00 1.0475
18200 300.06 -88.22 -20893.66 3350.00 54000.00 1.0475
18300 300.06 -88.22 -20893.66 3350.00 54000.00 1.0475
18400 300.06 -88.22 -20893.66 3350.00 54000.00 1.0475
18500 300.06 -88.22 -20893.66 3350.00 54000.00 1.0475
18600 300.06 -88.22 -20893.66 3350.00 54000.00 1.0475
18700 300.06 -88.22 -20893.66 3350.00 54000.00 1.0475
18800 300.06 -88.22 -20893.66 3350.00 54000.00 1.0475
18900 300.06 -88.22 -20893.66 3350.00 54000.00 1.0475
19000 300.06 -88.22 -20893.66 3350.00 54000.00 1.0475
19100 300.06 -88.22 -20893.66 3350.00 54000.00 1.0475
19200 300.06 -88.22 -20893.66 3350.00 54000.00 1.0475
19300 300.06 -88.22 -20893.66 3350.00 54000.00 1.0475
19400 300.06 -88.22 -20893.66 3350.00 54000.00 1.0475
19500 300.06 -88.22 -20893.66 3350.00 54000.00 1.0475
19600 300.06 -88.22 -20893.66 3350.00 54000.00 1.0475
19700 300.06 -88.22 -20893.66 3350.00 54000.00 1.0475
19800 300.06 -88.22 -20893.66 3350.00 54000.00 1.0475
19900 300.06 -88.22 -20893.66 3350.00 54000.00 1.0475
20000 300.06 -88.22 -20893.66 3350.00 54000.00 1.0475
20100 300.06 -88.22 -20893.66 3350.00 54000.00 1.0475
20200 300.06 -88.22 -20893.66 3350.00 54000.00 1.0475
20300 300.06 -88.22 -20893.66 3350.00 54000.00 1.0475
20400 300.06 -88.22 -20893.66 3350.00 54000.00 1.0475
20500 300.06 -88.22 -20893.66 3350.00 54000.00 1.0475
20600 300.06 -88.22 -20893.66 3350.00 54000.00 1.0475
20700 300.06 -88.22 -20893.66 3350.00 54000.00 1.0475
20800 300.06 -88.22 -20893.66 3350.00 54000.00 1.0475
20900 300.06 -88.22 -20893.66 3350.00 54000.00 1.0475
21000 300.06 -88.22 -20893.66 3350.00 54000.00 1.0475
21100 300.06 -88.22 -20893.66 3350.00 54000.00 1.0475
21200 300.06 -88.22 -20893.66 3350.00 54000.00 1.0475
21300 300.06 -88.22 -20893.66 3350.00 54000.00 1.0475
21400 300.06 -88.22 -20893.66 3350.00 54000.00 1.0475
21500 300.06 -88.22 -20893.66 3350.00 54000.00 1.0475
21600 300.06 -88.22 -20893.66 3350.00 54000.00 1.0475
21700 300.06 -88.22 -20893.66 3350.00 54000.00 1.0475
21800 300.06 -88.22 -20893.66 3350.00 54000.00 1.0475
21900 300.06 -88.22 -20893.66 3350.00 54000.00 1.0475
22000 300.06 -88.22 -20893.66 3350.00 54000.00 1.0475
22100 300.06 -88.22 -20893.66 3350.00 54000.00 1.0475
22200 300.06 -88.22 -20893.66 3350.00 54000.00 1.0475
22300 300.06 -88.22 -20893.66 3350.00 54000.00 1.0475
22400 300.06 -88.22 -20893.66 3350.00 54000.00 1.0475
22500 300.06 -88.22 -20893.66 3350.00 54000.00 1.0475
22600 300.06 -88.22 -20893.66 3350.00 54000.00 1.0475
22700 300.06 -88.22 -20893.66 3350.00 54000.00 1.0475
22800 300.06 -88.22 -20893.66 3350.00 54000.00 1.0475
22900 300.06 -88.22 -20893.66 3350.00 54000.00 1.0475
23000 300.06 -88.22 -20893.66 3350.00 54000.00 1.0475
23100 300.06 -88.22 -20893.66 3350.00 54000.00 1.0475
23200 300.06 -88.22 -20893.66 3350.00 54000.00 1.0475
23300 300.06 -88.22 -20893.66 3350.00 54000.00 1.0475
23400 300.06 -88.22 -20893.66 3350.00 54000.00 1.0475
23500 300.06 -88.22 -20893.66 3350.00 54000.00 1.0475
23600 300.06 -88.22 -20893.66 3350.00 54000.00 1.0475
23700 300.06 -88.22 -20893.66 3350.00 54000.00 1.0475
23800 300.06 -88.22 -20893.66 3350.00 54000.00 1.0475
23900 300.06 -88.22 -20893.66 3350.00 54000.00 1.0475
24000 300.06 -88.22 -20893.66 3350.00 54000.00 1.0475
24100 300.06 -88.22 -20893.66 3350.00 54000.00 1.0475
24200 300.06 -88.22 -20893.66 3350.00 54000.00 1.0475
24300 300.06 -88.22 -20893.66 3350.00 54000.00 1.0475
24400 300.06 -88.22 -20893.66 3350.00 54000.00 1.0475
24500 300.06 -88.22 -20893.66 3350.00 54000.00 1.0475
24600 300.06 -88.22 -20893.66 3350.00 54000.00 1.0475
24700 300.06 -88.22 -20893.66 3350.00 54000.00 1.0475
24800 300.06 -88.22 -20893.66 3350.00 54000.00 1.0475
24900 300.06 -88.22 -20893.66 3350.00 54000.00 1.0475
25000 300.06 -88.22 -20893.66 3350.00 54000.00 1.0475
25100 300.06 -88.22 -20893.66 3350.00 54000.00 1.0475
25200 300.06 -88.22 -20893.66 3350.00 54000.00 1.0475
25300 300.06 -88.22 -20893.66 3350.00 54000.00 1.0475
25400 300.06 -88.22 -20893.66 3350.00 54000.00 1.0475
25500 300.06 -88.22 -20893.66 3350.00 54000.00 1.0475
25600 300.06 -88.22 -20893.66 3350.00 54000.00 1.0475
25700 300.06 -88.22 -20893.66 3350.00 54000.00 1.0475
25800 300.06 -88.22 -20893.66 3350.00 54000.00 1.0475
25900 300.06 -88.22 -20893.66 3350.00 54000.00 1.0475
26000 300.06 -88.22 -20893.66 3350.00 54000.00 1.0475
26100 300.06 -88.22 -20893.66 3350.00 54000.00 1.0475
26200 300.06 -88.22 -20893.66 3350.00 54000.00 1.0475
26300 300.06 -88.22 -20893.66 3350.00 54000.00 1.0475
26400 300.06 -88.22 -20893.66 3350.00 54000.00 1.0475
26500 300.06 -88.22 -20893.66 3350.00 54000.00 1.0475
26600 300.06 -88.22 -20893.66 3350.00 54000.00 1.0475
26700 300.06 -88.22 -20893.66 3350.00 54000.00 1.0475
26800 300.06 -88.22 -20893.66 3350.00 54000.00 1.0475
26900 300.06 -88.22 -20893.66 3350.00 54000.00 1.0475
27000 300.06 -88.22 -20893.66 3350.00 54000.00 1.0475
27100 300.06 -88.22 -20893.66 3350.00 54000.00 1.0475
27200 300.06 -88.22 -20893.66 3350.00 54000.00 1.0475
27300 300.06 -88.22 -20893.66 3350.00 54000.00 1.0475
27400 300.06 -88.22 -20893.66 3350.00 54000.00 1.0475
27500 300.06 -88.22 -20893.66 3350.00 54000.00 1.0475
27600 300.06 -88.22 -20893.66 3350.00 54000.00 1.0475
27700 300.06 -88.22 -20893.66 3350.00 54000.00 1.0475
27800 300.06 -88.22 -20893.66 3350.00 54000.00 1.0475
27900 300.06 -88.22 -20893.66 3350.00 54000.00 1.0475
28000 300.06 -88.22 -20893.66 3350.00 54000.00 1.0475
28100 300.06 -88.22 -20893.66 3350.00 54000.00 1.0475
28200 300.06 -88.22 -20893.66 3350.00 54000.00 1.0475
28300 300.06 -88.22 -20893.66 3350.00 54000.00 1.0475
28400 300.06 -88.22 -20893.66 3350.00 54000.00 1.0475
28500 300.06 -88.22 -20893.66 3350.00 54000.00 1.0475
28600 300.06 -88.22 -20893.66 3350.00 54000.00 1.0475
28700 300.06 -88.22 -20893.66 3350.00 54000.00 1.0475
28800 300.06 -88.22 -20893.66 3350.00 54000.00 1.0475
28900 300.06 -88.22 -20893.66 3350.00 54000.00 1.0475
29000 300.06 -88.22 -20893.66 3350.00 54000.00 1.0475
29100 300.06 -88.22 -20893.66 3350.00 54000.00 1.0475
29200 300.06 -88.22 -20893.66 3350.00 54000.00 1.0475
29300 300.06 -88.22 -20893.66 3350.00 54000.00 1.0475
29400 300.06 -88.22 -20893.66 3350.00 54000.00 1.0475
29500 300.06 -88.22 -20893.66 3350.00 54000.00 1.0475
29600 300.06 -88.22 -20893.66 3350.00 54000.00 1.0475
29700 300.06 -88.22 -20893.66 3350.00 54000.00 1.0475
29800 300.06 -88.22 -20893.66 3350.00 54000.00 1.0475
29900 300.06 -88.22 -20893.66 3350.00 54000.00 1.0475
30000 300.06 -88.22 -20893.66 3350.00 54000.00 1.0475
30100 300.06 -88.22 -20893.66 3350.00 54000.00 1.0475
30200 300.06 -88.22 -20893.66 3350.00 54000.00 1.0475
30300 300.06 -88.22 -20893.66 3350.00 54000.00 1.0475
30400 300.06 -88.22 -20893.66 3350.00 54000.00 1.0475
30500 300.06 -88.22 -20893.66 3350.00 54000.00 1.0475
30600 300.06 -88.22 -20893.66 3350.00 54000.00 1.0475
30700 300.06 -88.22 -20893.66 3350.00 54000.00 1.0475
30800 300.06 -88.22 -20893.66 3350.00 54000.00 1.0475
30900 300.06 -88.22 -20893.66 3350.00 54000.00 1.0475
31000 300.06 -88.22 -20893.66 3350.00 54000.00 1.0475
31100 300.06 -88.22 -20893.66 3350.00 54000.00 1.0475
31200 300.06 -88.22 -20893.66 3350.00 54000.00 1.0475
31300 300.06 -88.22 -20893.66 3350.00 54000.00 1.0475
31400 300.06 -88.22 -20893.66 3350.00 54000.00 1.0475
31500 300.06 -88.22 -20893.66 3350.00 54000.00 1.0475
31600 300.06 -88.22 -20893.66 3350.00 54000.00 1.0475
31700 300.06 -88.22 -20893.66 3350.00 54000.00 1.0475
31800 300.06 -88.22 -20893.66 3350.00 54000.00 1.0475
31900 300.06 -88.22 -20893.66 3350.00 54000.00 1.0475
32000 300.06 -88.22 -20893.66 3350.00 54000.00 1.0475
32100 300.06 -88.22 -20893.66 3350.00 54000.00 1.0475
32200 300.06 -88.22 -20893.66 3350.00 54000.00 1.0475
32300 300.06 -88.22 -20893.66 3350.00 54000.00 1.0475
32400 300.06 -88.22 -20893.66 3350.00 54000.00 1.0475
32500 300.06 -88.22 -20893.66 3350.00 54000.00 1.0475
32600 300.06 -88.22 -20893.66 3350.00 54000.00 1.0475
32700 300.06 -88.22 -20893.66 3350.00 54000.00 1.0475
32800 300.06 -88.22 -20893.66 3350.00 54000.00 1.0475
32900 300.06 -88.22 -20893.66 3350.00 54000.00 1.0475
33000 300.06 -88.22 -20893.66 3350.00 54000.00 1.0475
33100 300.06 -88.22 -20893.66 3350.00 54000.00 1.0475
33200 300.06 -88.22 -20893.66 3350.00 54000.00 1.0475
33300 300.06 -88.22 -20893.66 3350.00 54000.00 1.0475
33400 300.06 -88.22 -20893.66 3350.00 54000.00 1.0475
33500 300.06 -88.22 -20893.66 3350.00 54000.00 1.0475
33600 300.06 -88.22 -20893.66 3350.00 54000.00 1.0475
33700 300.06 -88.22 -20893.66 3350.00 54000.00 1.0475
33800 300.06 -88.22 -20893.66 3350.00 54000.00 1.0475
33900 300.06 -88.22 -20893.66 3350.00 54000.00 1.0475
34000 300.06 -88.22 -20893.66 3350.00 54000.00 1.0475
34100 300.06 -88.22 -20893.66 3350.00 54000.00 1.0475
34200 300.06 -88.22 -20893.66 3350.00 54000.00 1.0475
34300 300.06 -88.22 -20893.66 3350.00 54000.00 1.0475
34400 300.06 -88.22 -20893.66 3350.00 54000.00 1.0475
34500 300.06 -88.22 -20893.66 3350.00 54000.00 1.0475
34600 300.06 -88.22 -20893.66 3350.00 54000.00 1.0475
34700 300.06 -88.22 -20893.66 3350.00 54000.00 1.0475
34800 300.06 -88.22 -20893.66 3350.00 54000.00 1.0475
34900 300.06 -88.22 -20893.66 3350.00 54000.00 1.0475
35000 300.06 -88.22 -20893.66 3350.00 54000.00 1.0475
35100 300.06 -88.22 -20893.66 3350.00 54000.00 1.0475
35200 300.06 -88.22 -20893.66 3350.00 54000.00 1.0475
35300 300.06 -88.22 -20893.66 3350.00 54000.00 1.0475
35400 300.06 -88.22 -20893.66 3350.00 54000.00 1.0475
35500 300.06 -88.22 -20893.66 3350.00 54000.00 1.0475
35600 300.06 -88.22 -20893.66 3350.00 54000.00 1.0475
35700 300.06 -88.22 -20893.66 3350.00 54000.00 1.0475
35800 300.06 -88.22 -20893.66 3350.00 54000.00 1.0475
35900 300.06 -88.22 -20893.66 3350.00 54000.00 1.0475
36000 300.06 -88.22 -20893.66 3350.00 54000.00 1.0475
36100 300.06 -88.22 -20893.66 3350.00 54000.00 1.0475
36200 300.06 -88.22 -20893.66 3350.00 54000.00 1.0475
36300 300.06 -88.22 -20893.66 3350.00 54000.00 1.0475
36400 300.06 -88.22 -20893.66 3350.00 54000.00 1.0475
36500 300.06 -88.22 -20893.66 3350.00 54000.00 1.0475
36600 300.06 -88.22 -20893.66 3350.00 54000.00 1.0475
36700 300.06 -88.22 -20893.66 3350.00 54000.00 1.0475
36800 300.06 -88.22 -20893.66 3350.00 54000.00 1.0475
36900 300.06 -88.22 -20893.66 3350.00 54000.00 1.0475
37000 300.06 -88.22 -20893.66 3350.00 54000.00 1.0475
37100 300.06 -88.22 -20893.66 3350.00 54000.00 1.0475
37200 300.06 -88.22 -20893.66 3350.00 54000.00 1.0475
37300 300.06 -88.22 -20893.66 3350.00 54000.00 1.0475
37400 300.06 -88.22 -20893.66 3350.00 54000.00 1.0475
37500 300.06 -88.22 -20893.66 3350.00 54000.00 1.0475
37600 300.06 -88.22 -20893.66 3350.00 54000.00 1.0475
37700 300.06 -88.22 -20893.66 3350.00 54000.00 1.0475
37800 300.06 -88.22 -20893.66 3350.00 54000.00 1.0475
37900 300.06 -88.22 -20893.66 3350.00 54000.00 1.0475
38000 300.06 -88.22 -20893.66 3350.00 54000.00 1.0475
38100 300.06 -88.22 -20893.66 3350.00 54000.00 1.0475
38200 300.06 -88.22 -20893.66 3350.00 54000.00 1.0475
38300 300.06 -88.22 -20893.66 3350.00 54000.00 1.0475
38400 300.06 -88.22 -20893.66 3350.00 54000.00 1.0475
38500 300.06 -88.22 -20893.66 3350.00 54000.00 1.0475
38600 300.06 -88.22 -20893.66 3350.00 54000.00 1.0475
38700 300.06 -88.22 -20893.66 3350.00 54000.00 1.0475
38800 300.06 -88.22 -20893.66 3350.00 54000.00 1.0475
38900 300.06 -88.22 -20893.66 3350.00 54000.00 1.0475
39000 300.06 -88.22 -20893.66 3350.00 54000.00 1.0475
39100 300.06 -88.22 -20893.66 3350.00 54000.00 1.0475
39200 300.06 -88.22 -20893.66 3350.00 54000.00 1.0475
39300 300.06 -88.22 -20893.66 3350.00 54000.00 1.0475
39400 300.06 -88.22 -20893.66 3350.00 54000.00 1.0475
39500 300.06 -88.22 -20893.66 3350.00 54000.00 1.0475
39600 300.06 -88.22 -20893.66 3350.00 54000.00 1.0475
39700 300.06 -88.22 -20893.66 3350.00 54000.00 1.0475
39800 300.06 -88.22 -20893.66 3350.00 54000.00 1.0475
39900 300.06 -88.22 -20893.66 3350.00 54000.00 1.0475
40000 300.06 -88.22 -20893.66 3350.00 54000.00 1.0475
40100 300.06 -88.22 -20893.66 3350.00 54000.00 1.0475
40200 300.06 -88.22 -20893.66 3350.00 54000.00 1.0475
40300 300.06 -88.22 -20893.66 3350.00 54000.00 1.0475
40400 300.06 -88.22 -20893.66 3350.00 54000.00 1.0475
40500 300.06 -88.22 -20893.66 3350.00 54000.00 1.0475
40600 300.06 -88.22 -20893.66 3350.00 54000.00 1.0475
40700 300.06 -88.22 -20893.66 3350.00 54000.00 1.0475
40800 300.06 -88.22 -20893.66 3350.00 54000.00 1.0475
40900 300.06 -88.22 -20893.66 3350.00 54000.00 1.0475
41000 300.06 -88.22 -20893.66 3350.00 54000.00 1.0475
41100 300.06 -88.22 -20893.66 3350.00 54000.00 1.0475
41200 300.06 -88.22 -20893.66 3350.00 54000.00 1.0475
41300 300.06 -88.22 -20893.66 3350.00 54000.00 1.0475
41400 300.06 -88.22 -20893.66 3350.00 54000.00 1.0475
41500 300.06 -88.22 -20893.66 3350.00 54000.00 1.0475
41600 300.06 -88.22 -20893.66 3350.00 54000.00 1.0475
41700 300.06 -88.22 -20893.66 3350.00 54000.00 1.0475
41800 300.06 -88.22 -20893.66 3350.00 54000.00 1.0475
41900 300.06 -88.22 -20893.66 3350.00 54000.00 1.0475
42000 300.06 -88.22 -20893.66 3350.00 54000.00 1.0475
42100 300.06 -88.22 -20893.66 3350.00 54000.00 1.0475
42200 300.06 -88.22 -20893.66 3350.00 54000.00 1.0475
42300 300.06 -88.22 -20893.66 3350.00 54000.00 1.0475
42400 300.06 -88.22 -20893.66 3350.00 54000.00 1.0475
42500 300.06 -88.22 -20893.66 3350.00 54000.00 1.0475
42600 300.06 -88.22 -20893.66 3350.00 54000.00 1.0475
42700 300.06 -88.22 -20893.66 3350.00 54000.00 1.0475
42800 300.06 -88.22 -20893.66 3350.00 54000.00 1.0475
42900 300.06 -88.22 -20893.66 3350.00 54000.00 1.0475
43000 300.06 -88.22 -20893.66 3350.00 54000.00 1.0475
43100 300.06 -88.22 -20893.66 3350.00 54000.00 1.0475
43200 300.06 -88.22 -20893.66 3350.00 54000.00 1.0475
43300 300.06 -88.22 -20893.66 3350.00 54000.00 1.0475
43400 300.06 -88.22 -20893.66 3350.00 54000.00 1.0475
43500 300.06 -88.22 -20893.66 3350.00 54000.00 1.0475
43600 300.06 -88.22 -20893.66 3350.00 54000.00 1.0475
43700 300.06 -88.22 -20893.66 3350.00 54000.00 1.0475
43800 300.06 -88.22 -20893.66 3350.00 54000.00 1.0475
43900 300.06 -88.22 -20893.66 3350.00 54000.00 1.0475
44000 300.06 -88.22 -20893.66 3350.00 54000.00 1.0475
44100 300.06 -88.22 -20893.66 3350.00 54000.00 1.0475
44200 300.06 -88.22 -20893.66 3350.00 54000.00 1.0475
44300 300.06 -88.22 -20893.66 3350.00 54000.00 1.0475
44400 300.06 -88.22 -20893.66 3350.00 54000.00 1.0475
44500 300.06 -88.22 -20893.66 3350.00 54000.00 1.0475
44600 300.06 -88.22 -20893.66 3350.00 54000.00 1.0475
44700 300.06 -88.22 -20893.66 3350.00 54000.00 1.0475
44800 300.06 -88.22 -20893.66 3350.00 54000.00 1.0475
44900 300.06 -88.22 -20893.66 3350.00 54000.00 1.0475
45000 300.06 -88.22 -20893.66 3350.00 54000.00 1.0475
45100 300.06 -88.22 -20893.66 3350.00 54000.00 1.0475
45200 300.06 -88.22 -20893.66 3350.00 54000.00 1.0475
45300 300.06 -88.22 -20893.66 3350.00 54000.00 1.0475
45400 300.06 -88.22 -20893.66 3350.00 54000.00 1.0475
45500 300.06 -88.22 -20893.66 3350.00 54000.00 1.0475
45600 300.06 -88.22 -20893.66 3350.00 54000.00 1.0475
45700 300.06 -88.22 -20893.66 3350.00 54000.00 1.0475
45800 300.06 -88.22 -20893.66 3350.00 54000.00 1.0475
45900 300.06 -88.22 -20893.66 3350.00 54000.00 1.0475
46000 300.06 -88.22 -20893.66 3350.00 54000.00 1.0475
46100 300.06 -88.22 -20893.66 3350.00 54000.00 1.0475
46200 300.06 -88.22 -20893.66 3350.00 54000.00 1.0475
46300 300.06 -88.22 -20893.66 3350.00 54000.00 1.0475
46400 300.06 -88.22 -20893.66 3350.00 54000.00 1.0475
46500 300.06 -88.22 -20893.66 3350.00 54000.00 1.0475
46600 300.06 -88.22 -20893.66 3350.00 54000.00 1.0475
46700 300.06 -88.22 -20893.66 3350.00 54000.00 1.0475
46800 300.06 -88.22 -20893.66 3350.00 54000.00 1.0475
46900 300.06 -88.22 -20893.66 3350.00 54000.00 1.0475
47000 300.06 -88.22 -20893.66 3350.00 54000.00 1.0475
47100 300.06 -88.22 -20893.66 3350.00 54000.00 1.0475
47200 300.06 -88.22 -20893.66 3350.00 54000.00 1.0475
47300 300.06 -88.22 -20893.66 3350.00 54000.00 1.0475
47400 300.06 -88.22 -20893.66 3350.00 54000.00 1.0475
47500 300.06 -88.22 -20893.66 3350.00 54000.00 1.0475
47600 300.06 -88.22 -20893.66 3350.00 54000.00 1.0475
47700 300.06 -88.22 -20893.66 3350.00 54000.00 1.0475
47800 300.06 -88.22 -20893.66 3350.00 54000.00 1.0475
47900 300.06 -88.22 -20893.66 3350.00 54000.00 1.0475
48000 300.06 -88.22 -20893.66 3350.00 54000.00 1.0475
48100 300.06 -88.22 -20893.66 3350.00 54000.00 1.0475
48200 300.06 -88.22 -20893.66 3350.00 54000.00 1.0475
48300 300.06 -88.22 -20893.66 3350.00 54000.00 1.0475
48400 300.06 -88.22 -20893.66 3350.00 54000.00 1.0475
48500 300.06 -88.22 -20893.66 3350.00 54000.00 1.0475
48600 300.06 -88.22 -20893.66 3350.00 54000.00 1.0475
48700 300.06 -88.22 -20893.66 3350.00 54000.00 1.0475
48800 300.06 -88.22 -20893.66 3350.00 54000.00 1.0475
48900 300.06 -88.22 -20893.66 3350.00 54000.00 1.0475
49000 300.06 -88.22 -20893.66 3350.00 54000.00 1.0475
49100 300.06 -88.22 -20893.66 3350.00 54000.00 1.0475
49200 300.06 -88.22 -20893.66 3350.00 54000.00 1.0475
49300 300.06 -88.22 -20893.66 3350.00 54000.00 1.0475
49400 300.06 -88.22 -20893.66 3350.00 54000.00 1.0475
49500 300.06 -88.22 -20893.66 3350.00 54000.00 1.0475
49600 300.06 -88.22 -20893.66 3350.00 54000.00 1.0475
49700 300.06 -88.22 -20893.66 3350.00 54000.00 1.0475
49800 300.06 -88.22 -20893.66 3350.00 54000.00 1.0475
49900 300.06 -88.22 -20893.66 3350.00 54000.00 1.0475
50000 300.06 -88.22 -20893.66 3350.00 54000.00 1.0475
50100 300.06 -88.22 -20893.66 3350.00 54000.00 1.0475
50200 300.06 -88.22 -20893.66 3350.00 54000.00 1.0475
50300 300.06 -88.22 -20893.66 3350.00 54000.00 1.0475
50400 300.06 -88.22 -20893.66 3350.00 54000.00 1.0475
50500 300.06 -88.22 -20893.66 3350.00 54000.00 1.0475
50600 300.06 -88.22 -20893.66 3350.00 54000.00 1.0475
50700 300.06 -88.22 -20893.66 3350.00 54000.00 1.0475
50800 300.06 -88.22 -20893.66 3350.00 54000.00 1.0475
50900 300.06 -88.22 -20893.66 3350.00 54000.00 1.0475
51000 300.06 -88.22 -20893.66 3350.00 54000.00 1.0475
51100 300.06 -88.22 -20893.66 3350.00 54000.00 1.0475
51200 300.06 -88.22 -20893.66 3350.00 54000.00 1.0475
51300 300.06 -88.22 -20893.66 3350.00 54000.00 1.0475
51400 300.06 -88.22 -20893.66 3350.00 54000.00 1.0475
51500 300.06 -88.22 -20893.66 3350.00 54000.00 1.0475
51600 300.06 -88.22 -20893.66 3350.00 54000.00 1.0475
51700 300.06 -88.22 -20893.66 3350.00 54000.00 1.0475
51800 300.06 -88.22 -20893.66 3350.00 54000.00 1.0475
51900 300.06 -88.22 -20893.66 3350.00 54000.00 1.0475
52000 300.06 -88.22 -20893.66 3350.00 54000.00 1.0475
52100 300.06 -88.22 -20893.66 3350.00 54000.00 1.0475
52200 300.06 -88.22 -20893.66 3350.00 54000.00 1.0475
52300 300.06 -88.22 -20893.66 3350.00 54000.00 1.0475
52400 300.06 -88.22 -20893.66 3350.00 54000.00 1.0475
52500 300.06 -88.22 -20893.66 3350.00 54000.00 1.0475
52600 300.06 -88.22 -20893.66 3350.00 54000.00 1.0475
52700 300.06 -88.22 -20893.66 3350.00 54000.00 1.0475
52800 300.06 -88.22 -20893.66 3350.00 54000.00 1.0475
52900 300.06 -88.22 -20893.66 3350.00 54000.00 1.0475
53000 300.06 -88.22 -20893.66 3350.00 54000.00 1.0475
53100 300.06 -88.22 -20893.66 3350.00 54000.00 1.0475
53200 300.06 -88.22 -20893.66 3350.00 54000.00 1.0475
53300 300.06 -88.22 -20893.66 3350.00 54000.00 1.0475
53400 300.06 -88.22 -20893.66 3350.00 54000.00 1.0475
53500 300.06 -88.22 -20893.66 3350.00 54000.00 1.0475
53600 300.06 -88.22 -20893.66 3350.00 54000.00 1.0475
53700 300.06 -88.22 -20893.66 3350.00 54000.00 1.0475
53800 300.06 -88.22 -20893.66 3350.00 54000.00 1.0475
53900 300.06 -88.22 -20893.66 3350.00 54000.00 1.0475
54000 300.06 -88.22 -20893.66 3350.00 54000.00 1.0475
54100 300.06 -88.22 -20893.66 3350.00 54000.00 1.0475
54200 300.06 -88.22 -20893.66 3350.00 54000.00 1.0475
54300 300.06 -88.22 -20893.66 3350.00 54000.00 1.0475
54400 300.06 -88.22 -20893.66 3350.00 54000.00 1.0475
54500 300.06 -88.22 -20893.66 3350.00 54000.00 1.0475
54600 300.06 -88.22 -20893.66 3350.00 54000.00 1.0475
54700 300.06 -88.22 -20893.66 3350.00 54000.00 1.0475
54800 300.06 -88.22 -20893.66 3350.00 54000.00 1.0475
54900 300.06 -88.22 -20893.66 3350.00 54000.00 1.0475
55000 300.06 -88.22 -20893.66 3350.00 54000.00 1.0475
55100 300.06 -88.22 -20893.66 3350.00 54000.00 1.0475
55200 300.06 -88.22 -20893.66 3350.00 54000.00 1.0475
55300 300.06 -88.22 -20893.66 3350.00 54000.00 1.0475
55400 300.06 -88.22 -20893.66 3350.00 54000.00 1.0475
55500 300.06 -88.22 -20893.66 3350.00 54000.00 1.0475
55600 300.06 -88.22 -20893.66 3350.00 54000.00 1.0475
55700 300.06 -88.22 -20893.66 3350.00 54000.00 1.0475
55800 300.06 -88.22 -20893.66 3350.00 54000.00 1.0475
55900 300.06 -88.22 -20893.66 3350.00 54000.00 1.0475
56000 300.06 -88.22 -20893.66 3350.00 54000.00 1.0475
56100 300.06 -88.22 -20893.66 3350.00 54000.00 1.0475
56200 300.06 -88.22 -20893.66 3350.00 54000.00 1.0475
56300 300.06 -88.22 -20893.66 3350.00 54000.00 1.0475
56400 300.06 -88.22 -20893.66 3350.00 54000.00 1.0475
56500 300.06 -88.22 -20893.66 3350.00 54000.00 1.0475
56600 300.06 -88.22 -20893.66 3350.00 54000.00 1.0475
56700 300.06 -88.22 -20893.66 3350.00 54000.00 1.0475
56800 300.06 -88.22 -20893.66 3350.00 54000.00 1.0475
56900 300.06 -88.22 -20893.66 3350.00 54000.00 1.0475
57000 300.06 -88.22 -20893.66 3350.00 54000.00 1.0475
57100 300.06 -88.22 -20893.66 3350.00 54000.00 1.0475
57200 300.06 -88.22 -20893.66 3350.00 54000.00 1.0475
57300 300.06 -88.22 -20893.66 3350.00 54000.00 1.0475
57400 300.06 -88.22 -20893.66 3350.00 54000.00 1.0475
57500 300.06 -88.22 -20893.66 3350.00 54000.00 1.0475
57600 300.06 -88.22 -20893.66 3350.00 54000.00 1.0475
57700 300.06 -88.22 -20893.66 3350.00 54000.00 1.0475
57800 300.06 -88.22 -20893.66 3350.00 54000.00 1.0475
57900 300.06 -88.22 -20893.66 3350.00 54000.00 1.0475
58000 300.06 -88.22 -20893.66 3350.00 54000.00 1.0475
58100 300.06 -88.22 -20893.66 3350.00 54000.00 1.0475
58200 300.06 -88.22 -20893.66 3350.00 54000.00 1.0475
58300 300.06 -88.22 -20893.66 3350.00 54000.00 1.0475
58400 300.06 -88.22 -20893.66 3350.00 54000.00 1.0475
58500 300.06 -88.22 -20893.66 3350.00 54000.00 1.0475
58600 300.06 -88.22 -20893.66 3350.00 54000.00 1.0475
58700 300.06 -88.22 -20893.66 3350.00 54000.00 1.0475
58800 300.06 -88.22 -20893.66 3350.00 54000.00 1.0475
58900 300.06 -88.22 -20893.66 3350.00 54000.00 1.0475
59000 300.06 -88.22 -20893.66 3350.00 54000.00 1.0475
59100 300.06 -88.22 -20893.66 3350.00 54000.00 1.0475
59200 300.06 -88.22 -20893.66 3350.00 54000.00 1.0475
59300 300.06 -88.22 -20893.66 3350.00 54000.00 1.0475
59400 300.06 -88.22 -20893.66 3350.00 54000.00 1.0475
59500 300.06 -88.22 -20893.66 3350.00 54000.00 1.0475
59600 300.06 -88.22 -20893.66 3350.00 54000.00 1.0475
59700 300.06 -88.22 -20893.66 3350.00 54000.00 1.0475
59800 300.06 -88.22 -20893.66 3350.00 54000.00 1.0475
59900 300.06 -88.22 -20893.66 3350.00 54000.00 1.0475
60000 300.06 -88.22 -20893.66 3350.00 54000.00 1.0475
60100 300.06 -88.22 -20893.66 3350.00 54000.00 1.0475
60200 300.06 -88.22 -20893.66 3350.00 54000.00 1.0475
60300 300.06 -88.22 -20893.66 3350.00 54000.00 1.0475
60400 300.06 -88.22 -20893.66 3350.00 54000.00 1.0475
60500 300.06 -88.22 -20893.66 3350.00 54000.00 1.0475
60600 300.06 -88.22 -20893.66 3350.00 54000.00 1.0475
60700 300.06 -88.22 -20893.66 3350.00 54000.00 1.0475
60800 300.06 -88.22 -20893.66 3350.00 54000.00 1.0475
60900 300.06 -88.22 -20893.66 3350.00 54000.00 1.0475
61000 300.06 -88.22 -20893.66 3350.00 54000.00 1.0475
61100 300.06 -88.22 -20893.66 3350.00 54000.00 1.0475
61200 300.06 -88.22 -20893.66 3350.00 54000.00 1.0475
61300 300.06 -88.22 -20893.66 3350.00 54000.00 1.0475
61400 300.06 -88.22 -20893.66 3350.00 54000.00 1.0475
61500 300.06 -88.22 -20893.66 3350.00 54000.00 1.0475
61600 300.06 -88.22 -20893.66 3350.00 54000.00 1.0475
61700 300.06 -88.22 -20893.66 3350.00 54000.00 1.0475
61800 300.06 -88.22 -20893.66 3350.00 54000.00 1.0475
61900 300.06 -88.22 -20893.66 3350.00 54000.00 1.0475
62000 300.06 -88.22 -20893.66 3350.00 54000.00 1.0475
62100 300.06 -88.22 -20893.66 3350.00 54000.00 1.0475
62200 300.06 -88.22 -20893.66 3350.00 54000.00 1.0475
62300 300.06 -88.22 -20893.66 3350.00 54000.00 1.0475
62400 300.06 -88.22 -20893.66 3350.00 54000.00 1.0475
62500 300.06 -88.22 -20893.66 3350.00 54000.00 1.0475
62600 300.06 -88.22 -20893.66 3350.00 54000.00 1.0475
62700 300.06 -88.22 -20893.66 3350.00 54000.00 1.0475
62800 300.06 -88.22 -20893.66 3350.00 54000.00 1.0475
62900 300.06 -88.22 -20893.66 3350.00 54000.00 1.0475
63000 300.06 -88.22 -20893.66 3350.00 54000.00 1.0475
63100 300.06 -88.22 -20893.66 3350.00 54000.00 1.0475
63200 300.06 -88.22 -20893.66 3350.00 54000.00 1.0475
63300 300.06 -88.22 -20893.66 3350.00 54000.00 1.0475
63400 300.06 -88.22 -20893.66 3350.00 54000.00 1.0475
63500 300.06 -88.22 -20893.66 3350.00 54000.00 1.0475
63600 300.06 -88.22 -20893.66 3350.00 54000.00 1.0475
63700 300.06 -88.22 -20893.66 3350.00 54000.00 1.0475
63800 300.06 -88.22 -20893.66 3350.00 54000.00 1.0475
63900 300.06 -88.22 -20893.66 3350.00 54000.00 1.0475
64000 300.06 -88.22 -20893.66 3350.00 54000.00 1.0475
64100 300.06 -88.22 -20893.66 3350.00 54000.00 1.0475
64200 300.06 -88.22 -20893.66 3350.00 54000.00 1.0475
64300 300.06 -88.22 -20893.66 3350.00 54000.00 1.0475
64400 300.06 -88.22 -20893.66 3350.00 54000.00 1.0475
64500 300.06 -88.22 -20893.66 3350.00 54000.00 1.0475
64600 300.06 -88.22 -20893.66 3350.00 54000.00 1.0475
64700 300.06 -88.22 -20893.66 3350.00 54000.00 1.0475
64800 300.06 -88.22 -20893.66 3350.00 54000.00 1.0475
64900 300.06 -88.22 -20893.66 3350.00 54000.00 1.0475
65000 300.06 -88.22 -20893.66 3350.00 54000.00 1.0475
65100 300.06 -88.22 -20893.66 3350.00 54000.00 1.0475
65200 300.06 -88.22 -20893.66 3350.00 54000.00 1.0475
65300 300.06 -88.22 -20893.66 3350.00 54000.00 1.0475
65400 300.06 -88.22 -20893.66 3350.00 54000.00 1.0475
65500 300.06 -88.22 -20893.66 3350.00 54000.00 1.0475
65600 300.06 -88.22 -20893.66 3350.00 54000.00 1.0475
65700 300.06 -88.22 -20893.66 3350.00 54000.00 1.0475
65800 300.06 -88.22 -20893.66 3350.00 54000.00 1.0475
65900 300.06 -88.22 -20893.66 3350.00 54000.00 1.0475
66000 300.06 -88.22 -20893.66 3350.00 54000.00 1.0475
66100 300.06 -88.22 -20893.66 3350.00 54000.00 1.0475
66200 300.06 -88.22 -20893.66 3350.00 54000.00 1.0475
66300 300.06 -88.22 -20893.66 3350.00 54000.00 1.0475
66400 300.06 -88.22 -20893.66 3350.00 54000.00 1.0475
66500 300.06 -88.22 -20893.66 3350.00 54000.00 1.0475
66600 300.06 -88.22 -20893.66 3350.00 54000.00 1.0475
66700 300.06 -88.22 -20893.66 3350.00 54000.00 1.0475
66800 300.06 -88.22 -20893.66 3350.00 54000.00 1.0475
66900 300.06 -88.22 -20893.66 3350.00 54000.00 1.0475
67000 300.06 -88.22 -20893.66 3350.00 54000.00 1.0475
67100 300.06 -88.22 -20893.66 3350.00 54000.00 1.0475
67200 300.06 -88.22 -20893.66 3350.00 54000.00 1.0475
67300 300.06 -88.22 -20893.66 3350.00 54000.00 1.0475
67400 300.06 -88.22 -20893.66 3350.00 54000.00 1.0475
67500 300.06 -88.22 -20893.66 3350.00 54000.00 1.0475
67600 300.06 -88.22 -20893.66 3350.00 54000.00 1.0475
67700 300.06 -88.22 -20893.66 3350.00 54000.00 1.0475
67800 300.06 -88.22 -20893.66 3350.00 54000.00 1.0475
67900 300.06 -88.22 -20893.66 3350.00 54000.00 1.0475
68000 300.06 -88.22 -20893.66 3350.00 54000.00 1.0475
68100 300.06 -88.22 -20893.66 3350.00 54000.00 1.0475
68200 300.06 -88.22 -20893.66 3350.00 54000.00 1.0475
68300 300.06 -88.22 -20893.66 3350.00 54000.00 1.0475
68400 300.06 -88.22 -20893.66 3350.00 54000.00 1.0475
68500 300.06 -88.22 -20893.66 3350.00 54000.00 1.0475
68600 300.06 -88.22 -20893.66 3350.00 54000.00 1.0475
68700 300.06 -88.22 -20893.66 3350.00 54000.00 1.0475
68800 300.06 -88.22 -20893.66 3350.00 54000.00 1.0475
68900 300.06 -88.22 -20893.66 3350.00 54000.00 1.0475
69000 300.06 -88.22 -20893.66 3350.00 54000.00 1.0475
69100 300.06 -88.22 -20893.66 3350.00 54000.00 1.0475
69200 300.06 -88.22 -20893.66 3350.00 54000.00 1.0475
69300 300.06 -88.22 -20893.66 3350.00 54000.00 1.0475
69400 300.06 -88.22 -20893.66 3350.00 54000.00 1.0475
69500 300.06 -88.22 -20893.66 3350.00 54000.00 1.0475
69600 300.06 -88.22 -20893.66 3350.00 54000.00 1.0475
69700 300.06 -88.22 -20893.66 3350.00 54000.00 1.0475
69800 300.06 -88.22 -20893.66 3350.00 54000.00 1.0475
69900 300.06 -88.22 -20893.66 3350.00 54000.00 1.0475
70000 300.06 -88.22 -20893.66 3350.00 54000.00 1.0475
70100 300.06 -88.22 -20893.66 3350.00 54000.00 1.0475
70200 300.06 -88.22 -20893.66 3350.00 54000.00 1.0475
70300 300.06 -88.22 -20893.66 3350.00 54000.00 1.0475
70400 300.06 -88.22 -20893.66 3350.00 54000.00 1.0475
70500 300.06 -88.22 -20893.66 3350.00 54000.00 1.0475
70600 300.06 -88.22 -20893.66 3350.00 54000.00 1.0475
70700 300.06 -88.22 -20893.66 3350.00 54000.00 1.0475
70800 300.06 -88.22 -20893.66 3350.00 54000.00 1.0475
70900 300.06 -88.22 -20893.66 3350.00 54000.00 1.0475
71000 300.06 -88.22 -20893.66 3350.00 54000.00 1.0475
71100 300.06 -88.22 -20893.66 3350.00 54000.00 1.0475
71200 300.06 -88.22 -20893.66 3350.00 54000.00 1.0475
71300 300.06 -88.22 -20893.66 3350.00 54000.00 1.0475
71400 300.06 -88.22 -20893.66 3350.00 54000.00 1.0475
71500 300.06 -88.22 -20893.66 3350.00 54000.00 1.0475
71600 300.06 -88.22 -20893.66 3350.00 54000.00 1.0475
71700 300.06 -88.22 -20893.66 3350.00 54000.00 1.0475
71800 300.06 -88.22 -20893.66 3350.00 54000.00 1.0475
71900 300.06 -88.22 -20893.66 3350.00 54000.00 1.0475
72000 300.06 -88.22 -20893.66 3350.00 54000.00 1.0475
72100 300.06 -88.22 -20893.66 3350.00 54000.00 1.0475
72200 300.06 -88.22 -20893.66 3350.00 54000.00 1.0475
72300 300.06 -88.22 -20893.66 3350.00 54000.00 1.0475
72400 300.06 -88.22 -20893.66 3350.00 54000.00 1.0475
72500 300.06 -88.22 -20893.66 3350.00 54000.00 1.0475
72600 300.06 -88.22 -20893.66 3350.00 54000.00 1.0475
72700 300.06 -88.22 -20893.66 3350.00 54000.00 1.0475
72800 300.06 -88.22 -20893.66 3350.00 54000.00 1.0475
72900 300.06 -88.22 -20893.66 3350.00 54000.00 1.0475
73000 300.06 -88.22 -20893.66 3350.00 54000.00 1.0475
73100 300.06 -88.22 -20893.66 3350.00 54000.00 1.0475
73200 300.06 -88.22 -20893.66 3350.00 54000.00 1.0475
73300 300.06 -88.22 -20893.66 3350.00 54000.00 1.0475
73400 300.06 -88.22 -20893.66 3350.00 54000.00 1.0475
73500 300.06 -88.22 -20893.66 3350.00 54000.00 1.0475
73600 300.06 -88.22 -20893.66 3350.00 54000.00 1.0475
73700 300.06 -88.22 -20893.66 3350.00 54000.00 1.0475
73800 300.06 -88.22 -20893.66 3350.00 54000.00 1.0475
73900 300.06 -88.22 -20893.66 3350.00 54000.00 1.0475
74000 300.06 -88.22 -20893.66 3350.00 54000.00 1.0475
74100 300.06 -88.22 -20893.66 3350.00 54000.00 1.0475
74200 300.06 -88.22 -20893.66 3350.00 54000.00 1.0475
74300 300.06 -88.22 -20893.66 3350.00 54000.00 1.0475
74400 300.06 -88.22 -20893.66 3350.00 54000.00 1.0475
74500 300.06 -88.22 -20893.66 3350.00 54000.00 1.0475
74600 300.06 -88.22 -20893.66 3350.00 54000.00 1.0475
74700 300.06 -88.22 -20893.66 3350.00 54000.00 1.0475
74800 300.06 -88.22 -20893.66 3350.00 54000.00 1.0475
74900 300.06 -88.22 -20893.66 3350.00 54000.00 1.0475
75000 300.06 -88.22 -20893.66 3350.00 54000.00 1.0475
75100 300.06 -88.22 -20893.66 3350.00 54000.00 1.0475
75200 300.06 -88.22 -20893.66 3350.00 54000.00 1.0475
75300 300.06 -88.22 -20893.66 3350.00 54000.00 1.0475
75400 300.06 -88.22 -20893.66 3350.00 54000.00 1.0475
75500 300.06 -88.22 -20893.66 3350.00 54000.00 1.0475
75600 300.06 -88.22 -20893.66 3350.00 54000.00 1.0475
75700 300.06 -88.22 -20893.66 3350.00 54000.00 1.0475
75800 300.06 -88.22 -20893.66 3350.00 54000.00 1.0475
75900 300.06 -88.22 -20893.66 3350.00 54000.00 1.0475
76000 300.06 -88.22 -20893.66 3350.00 54000.00 1.0475
76100 300.06 -88.22 -20893.66 3350.00 54000.00 1.0475
76200 300.06 -88.22 -20893.66 3350.00 54000.00 1.0475
76300 300.06 -88.22 -20893.66 3350.00 54000.00 1.0475
76400 300.06 -88.22 -20893.66 3350.00 54000.00 1.0475
76500 300.06 -88.22 -20893.66 3350.00 54000.00 1.0475
76600 300.06 -88.22 -20893.66 3350.00 54000.00 1.0475
76700 300.06 -88.22 -20893.66 3350.00 54000.00 1.0475
76800 300.06 -88.22 -20893.66 3350.00 54000.00 1.0475
76900 300.06 -88.22 -20893.66 3350.00 54000.00 1.0475
77000 300.06 -88.22 -20893.66 3350.00 54000.00 1.0475
77100 300.06 -88.22 -20893.66 3350.00 54000.00 1.0475
77200 300.06 -88.22 -20893.66 3350.00 54000.00 1.0475
77300 300.06 -88.22 -20893.66 3350.00 54000.00 1.0475
77400 300.06 -88.22 -20893.66 3350.00 54000.00 1.0475
77500 300.06 -88.22 -20893.66 3350.00 54000.00 1.0475
77600 300.06 -88.22 -20893.66 3350.00 54000.00 1.0475
77700 300.06 -88.22 -20893.66 3350.00 54000.00 1.0475
77800 300.06 -88.22 -20893.66 3350.00 54000.00 1.0475
77900 300.06 -88.22 -20893.66 3350.00 54000.00 1.0475
78000 300.06 -88.22 -20893.66 3350.00 54000.00 1.0475
78100 300.06 -88.22 -20893.66 3350.00 54000.00 1.0475
78200 300.06 -88.22 -20893.66 3350.00 54000.00 1.0475
78300 300.06 -88.22 -20893.66 3350.00 54000.00 1.0475
78400 300.06 -88.22 -20893.66 3350.00 54000.00 1.0475
78500 300.06 -88.22 -20893.66 3350.00 54000.00 1.0475
78600 300.06 -88.22 -20893.66 3350.00 54000.00 1.0475
78700 300.06 -88.22 -20893.66 3350.00 54000.00 1.0475
78800 300.06 -88.22 -20893.66 3350.00 54000.00 1.0475
78900 300.06 -88.22 -20893.66 3350.00 54000.00 1.0475
79000 300.06 -88.22 -20893.66 3350.00 54000.00 1.0475
79100 300.06 -88.22 -20893.66 3350.00 54000.00 1.0475
79200 300.06 -88.22 -20893.66 3350.00 54000.00 1.0475
79300 300.06 -88.22 -20893.66 3350.00 54000.00 1.0475
79400 300.06 -88.22 -20893.66 3350.00 54000.00 1.0475
79500 300.06 -88.22 -20893.66 3350.00 54000.00 1.0475
79600 300.06 -88.22 -20893.66 3350.00 54000.00 1.0475
79700 300.06 -88.22 -20893.66 3350.00 54000.00 1.0475
79800 300.06 -88.22 -20893.66 3350.00 54000.00 1.0475
79900 300.06 -88.22 -20893.66 3350.00 54000.00 1.0475
80000 300.06 -88.22 -20893.66 3350.00 54000.00 1.0475
80100 300.06 -88.22 -20893.66 3350.00 54000.00 1.0475
80200 300.06 -88.22 -20893.66 3350.00 54000.00 1.0475
80300 300.06 -88.22 -20893.66 3350.00 54000.00 1.0475
80400 300.06 -88.22 -20893.66 3350.00 54000.00 1.0475
80500 300.06 -88.22 -20893.66 3350.00 54000.00 1.0475
80600 300.06 -88.22 -20893.66 3350.00 54000.00 1.0475
80700 300.06 -88.22 -20893.66 3350.00 54000.00 1.0475
80800 300.06 -88.22 -20893.66 3350.00 54000.00 1.0475
80900 300.06 -88.22 -20893.66 3350.00 54000.00 1.0475
81000 300.06 -88.22 -20893.66 3350.00 54000.00 1.0475
81100 300.06 -88.22 -20893.66 3350.00 54000.00 1.0475
81200 300.06 -88.22 -20893.66 3350.00 54000.00 1.0475
81300 300.06 -88.22 -20893.66 3350.00 54000.00 1.0475
81400 300.06 -88.22 -20893.66 3350.00 54000.00 1.0475
81500 300.06 -88.22 -20893.66 3350.00 54000.00 1.0475
81600 300.06 -88.22 -20893.66 3350.00 54000.00 1.0475
81700 300.06 -88.22 -20893.66 3350.00 54000.00 1.0475
81800 300.06 -88.22 -20893.66 3350.00 54000.00 1.0475
81900 300.06 -88.22 -20893.66 3350.00 54000.00 1.0475
82000 300.06 -88.22 -20893.66 3350.00 54000.00 1.0475
82100 300.06 -88.22 -20893.66 3350.00 54000.00 1.0475
82200 300.06 -88.22 -20893.66 3350.00 54000.00 1.0475
82300 300.06 -88.22 -20893.66 3350.00 54000.00 1.0475
82400 300.06 -88.22 -20893.66 3350.00 54000.00 1.0475
82500 300.06 -88.22 -20893.66 3350.00 54000.00 1.0475
82600 300.06 -88.22 -20893.66 3350.00 54000.00 1.0475
82700 300.06 -88.22 -20893.66 3350.00 54000.00 1.0475
82800 300.06 -88.22 -20893.66 3350.00 54000.00 1.0475
82900 300.06 -88.22 -20893.66 3350.00 54000.00 1.0475
83000 300.06 -88.22 -20893.66 3350.00 54000.00 1.0475
83100 300.06 -88.22 -20893.66 3350.00 54000.00 1.0475
83200 300.06 -88.22 -20893.66 3350.00 54000.00 1.0475
83300 300.06 -88.22 -20893.66 3350.00 54000.00 1.0475
83400 300.06 -88.22 -20893.66 3350.00 54000.00 1.0475
83500 300.06 -88.22 -20893.66 3350.00 54000.00 1.0475
83600 300.06 -88.22 -20893.66 3350.00 54000.00 1.0475
83700 300.06 -88.22 -20893.66 3350.00 54000.00 1.0475
83800 300.06 -88.22 -20893.66 3350.00 54000.00 1.0475
83900 300.06 -88.22 -20893.66 3350.00 54000.00 1.0475
84000 300.06 -88.22 -20893.66 3350.00 54000.00 1.0475
84100 300.06 -88.22 -20893.66 3350.00 54000.00 1.0475
84200 300.06 -88.22 -20893.66 3350.00 54000.00 1.0475
84300 300.06 -88.22 -20893.66 3350.00 54000.00 1.0475
84400 300.06 -88.22 -20893.66 3350.00 54000.00 1.0475
84500 300.06 -88.22 -20893.66 3350.00 54000.00 1.0475
84600 300.06 -88.22 -20893.66 3350.00 54000.00 1.0475
84700 300.06 -88.22 -20893.66 3350.00 54000.00 1.0475
84800 300.06 -88.22 -20893.66 3350.00 54000.00 1.0475
84900 300.06 -88.22 -20893.66 3350.00 54000.00 1.0475
85000 300.06 -88.22 -20893.66 3350.00 54000.00 1.0475
85100 300.06 -88.22 -20893.66 3350.00 54000.00 1.0475
85200 300.06 -88.22 -20893.66 3350.00 54000.00 1.0475
85300 300.06 -88.22 -20893.66 3350.00 54000.00 1.0475
85400 300.06 -88.22 -20893.66 3350.00 54000.00 1.0475
85500 300.06 -88.22 -20893.66 3350.00 54000.00 1.0475
85600 300.06 -88.22 -20893.66 3350.00 54000.00 1.0475
85700 300.06 -88.22 -20893.66 3350.00 54000.00 1.0475
85800 300.06 -88.22 -20893.66 3350.00 54000.00 1.0475
85900 300.06 -88.22 -20893.66 3350.00 54000.00 1.0475
86000 300.06 -88.22 -20893.66 3350.00 54000.00 1.0475
86100 300.06 -88.22 -20893.66 3350.00 54000.00 1.0475
86200 300.06 -88.22 -20893.66 3350.00 54000.00 1.0475
86300 300.06 -88.22 -20893.66 3350.00 54000.00 1.0475
86400 300.06 -88.22 -20893.66 3350.00 54000.00 1.0475
86500 300.06 -88.22 -20893.66 3350.00 54000.00 1.0475
86600 300.06 -88.22 -20893.66 3350.00 54000.00 1.0475
86700 300.06 -88.22 -20893.66 3350.00 54000.00 1.0475
86800 300.06 -88.22 -20893.66 3350.00 54000.00 1.0475
86900 300.06 -88.22 -20893.66 3350.00 54000.00 1.0475
87000 300.06 -88.22 -20893.66 3350.00 54000.00 1.0475
87100 300.06 -88.22 -20893.66 3350.00 54000.00 1.0475
87200 300.06 -88.22 -20893.66 3350.00 54000.00 1.0475
87300 300.06 -88.22 -20893.66 3350.00 54000.00 1.0475
87400 300.06 -88.22 -20893.66 3350.00 54000.00 1.0475
87500 300.06 -88.22 -20893.66 3350.00 54000.00 1.0475
87600 300.06 -88.22 -20893.66 3350.00 54000.00 1.0475
87700 300.06 -88.22 -20893.66 3350.00 54000.00 1.0475
87800 300.06 -88.22 -20893.66 3350.00 54000.00 1.0475
87900 300.06 -88.22 -20893.66 3350.00 54000.00 1.0475
88000 300.06 -88.22 -20893.66 3350.00 54000.00 1.0475
88100 300.06 -88.22 -20893.66 3350.00 54000.00 1.0475
88200 300.06 -88.22 -20893.66 3350.00 54000.00 1.0475
88300 300.06 -88.22 -20893.66 3350.00 54000.00 1.0475
88400 300.06 -88.22 -20893.66 3350.00 54000.00 1.0475
88500 300.06 -88.22 -20893.66 3350.00 54000.00 1.0475
88600 300.06 -88.22 -20893.66 3350.00 54000.00 1.0475
88700 300.06 -88.22 -20893.66 3350.00 54000.00 1.0475
88800 300.06 -88.22 -20893.66 3350.00 54000.00 1.0475
88900 300.06 -88.22 -20893.66 3350.00 54000.00 1.0475
89000 300.06 -88.22 -20893.66 3350.00 54000.00 1.0475
89100 300.06 -88.22 -20893.66 3350.00 54000.00 1.0475
89200 300.06 -88.22 -20893.66 3350.00 54000.00 1.0475
89300 300.06 -88.22 -20893.66 3350.00 54000.00 1.0475
89400 300.06 -88.22 -20893.66 3350.00 54000.00 1.0475
89500 300.06 -88.22 -20893.66 3350.00 54000.00 1.0475
89600 300.06 -88.22 -20893.66 3350.00 54000.00 1.0475
89700 300.06 -88.22 -20893.66 3350.00 54000.00 1.0475
89800 300.06 -88.22 -20893.66 3350.00 54000.00 1.0475
89900 300.06 -88.22 -20893.66 3350.00 54000.00 1.0475
90000 300.06 -88.22 -20893.66 3350.00 54000.00 1.0475
90100 300.06 -88.22 -20893.66 3350.00 54000.00 1.0475
90200 300.06 -88.22 -20893.66 3350.00 54000.00 1.0475
90300 300.06 -88.22 -20893.66 3350.00 54000.00 1.0475
90400 300.06 -88.22 -20893.66 3350.00 54000.00 1.0475
90500 300.06 -88.22 -20893.66 3350.00 54000.00 1.0475
90600 300.06 -88.22 -20893.66 3350.00 54000.00 1.0475
90700 300.06 -88.22 -20893.66 3350.00 54000.00 1.0475
90800 300.06 -88.22 -20893.66 3350.00 54000.00 1.0475
90900 300.06 -88.22 -20893.66 3350.00 54000.00 1.0475
91000 300.06 -88.22 -20893.66 3350.00 54000.00 1.0475
91100 300.06 -88.22 -20893.66 3350.00 54000.00 1.0475
91200 300.06 -88.22 -20893.66 3350.00 54000.00 1.0475
91300 300.06 -88.22 -20893.66 3350.00 54000.00 1.0475
91400 300.06 -88.22 -20893.66 3350.00 54000.00 1.0475
91500 300.06 -88.22 -20893.66 3350.00 54000.00 1.0475
91600 300.06 -88.22 -20893.66 3350.00 54000.00 1.0475
91700 300.06 -88.22 -20893.66 3350.00 54000.00 1.0475
91800 300.06 -88.22 -20893.66 3350.00 54000.00 1.0475
91900 300.06 -88.22 -20893.66 3350.00 54000.00 1.0475
92000 300.06 -88.22 -20893.66 3350.00 54000.00 1.0475
92100 300.06 -88.22 -20893.66 3350.00 54000.00 1.0475
92200 300.06 -88.22 -20893.66 3350.00 54000.00 1.0475
92300 300.06 -88.22 -20893.66 3350.00 54000.00 1.0475
92400 300.06 -88.22 -20893.66 3350.00 54000.00 1.0475
92500 300.06 -88.22 -20893.66 3350.00 54000.00 1.0475
92600 300.06 -88.22 -20893.66 3350.00 54000.00 1.0475
92700 300.06 -88.22 -20893.66 3350.00 54000.00 1.0475
92800 300.06 -88.22 -20893.66 3350.00 54000.00 1.0475
92900 300.06 -88.22 -20893.66 3350.00 54000.00 1.0475
93000 300.06 -88.22 -20893.66 3350.00 54000.00 1.0475
93100 300.06 -88.22 -20893.66 3350.00 54000.00 1.0475
93200 300.06 -88.22 -20893.66 3350.00 54000.00 1.0475
93300 300.06 -88.22 -20893.66 3350.00 54000.00 1.0475
93400 300.06 -88.22 -20893.66 3350.00 54000.00 1.0475
93500 300.06 -88.22 -20893.66 3350.00 54000.00 1.0475
93600 300.06 -88.22 -20893.66 3350.00 54000.00 1.0475
93700 300.06 -88.22 -20893.66 3350.00 54000.00 1.0475
93800 300.06 -88.22 -20893.66 3350.00 54000.00 1.0475
93900 300.06 -88.22 -20893.66 3350.00 54000.00 1.0475
94000 300.06 -88.22 -20893.66 3350.00 54000.00 1.0475
94100 300.06 -88.22 -20893.66 3350.00 54000.00 1.0475
94200 300.06 -88.22 -20893.66 3350.00 54000.00 1.0475
94300 300.06 -88.22 -20893.66 3350.00 54000.00 1.0475
94400 300.06 -88.22 -20893.66 3350.00 54000.00 1.0475
94500 300.06 -88.22 -20893.66 3350.00 54000.00 1.0475
94600 300.06 -88.22 -20893.66 3350.00 54000.00 1.0475
94700 300.06 -88.22 -20893.66 3350.00 54000.00 1.0475
94800 300.06 -88.22 -20893.66 3350.00 54000.00 1.0475
94900 300.06 -88.22 -20893.66 3350.00 54000.00 1.0475
95000 300.06 -88.22 -20893.66 3350.00 54000.00 1.0475
95100 300.06 -88.22 -20893.66 3350.00 54000.00 1.0475
95200 300.06 -88.22 -20893.66 3350.00 54000.00 1.0475
95300 300.06 -88.22 -20893.66 3350.00 54000.00 1.0475
95400 300.06 -88.22 -20893.66 3350.00 54000.00 1.0475
95500 300.06 -88.22 -20893.66 3350.00 54000.00 1.0475
95600 300.06 -88.22 -20893.66 3350.00 54000.00 1.0475
95700 300.06 -88.22 -20893.66 3350.00 54000.00 1.0475
95800 300.06 -88.22 -20893.66 3350.00 54000.00 1.0475
95900 300.06 -88.22 -20893.66 3350.00 54000.00 1.0475
96000 300.06 -88.22 -20893.66 3350.00 54000.00 1.0475
96100 300.06 -88.22 -20893.66 3350.00 54000.00 1.0475
96200 300.06 -88.22 -20893.66 3350.00 54000.00 1.0475
96300 300.06 -88.22 -20893.66 3350.00 54000.00 1.0475
96400 300.06 -88.22 -20893.66 3350.00 54000.00 1.0475
96500 300.06 -88.22 -20893.66 3350.00 54000.00 1.0475
96600 300.06 -88.22 -20893.66 3350.00 54000.00 1.0475
96700 300.06 -88.22 -20893.66 3350.00 54000.00 1.0475
96800 300.06 -88.22 -20893.66 3350.00 54000.00 1.0475
96900 300.06 -88.22 -20893.66 3350.00 54000.00 1.0475
97000 300.06 -88.22 -20893.66 3350.00 54000.00 1.0475
97100 300.06 -88.22 -20893.66 3350.00 54000.00 1.0475
97200 300.06 -88.22 -20893.66 3350.00 54000.00 1.0475
97300 300.06 -88.22 -20893.66 3350.00 54000.00 1.0475
97400 300.06 -88.22 -20893.66 3350.00 54000.00 1.0475
97500 300.06 -88.22 -20893.66 3350.00 54000.00 1.0475
97600 300.06 -88.22 -20893.66 3350.00 54000.00 1.0475
97700 300.06 -88.22 -20893.66 3350.00 54000.00 1.0475
97800 300.06 -88.22 -20893.66 3350.00 54000.00 1.0475
97900 300.06 -88.22 -20893.66 3350.00 54000.00 1.0475
98000 300.06 -88.22 -20893.66 3350.00 54000.00 1.0475
98100 300.06 -88.22 -20893.66 3350.00 54000.00 1.0475
98200 300.06 -88.22 -20893.66 3350.00 54000.00 1.0475
98300 300.06 -88.22 -20893.66 3350.00 54000.00 1.0475
98400 300.06 -88.22 -20893.66 3350.00 54000.00 1.0475
98500 300.06 -88.22 -20893.66 3350.00 54000.00 1.0475
98600 300.06 -88.22 -20893.66 3350.00 54000.00 1.0475
98700 300.06 -88.22 -20893.66 3350.00 54000.00 1.0475
98800 300.06 -88.22 -20893.66 3350.00 54000.00 1.0475
98900 300.06 -88.22 -20893.66 3350.00 54000.00 1.0475
99000 300.06 -88.22 -20893.66 3350.00 54000.00 1.0475
99100 300.06 -88.22 -20893.66 3350.00 54000.00 1.0475
99200 300.06 -88.22 -20893.66 3350.00 54000.00 1.0475
99300 300.06 -88.22 -20893.66 3350.00 54000.00 1.0475
99400 300.06 -88.22 -20893.66 3350.00 54000.00 1.0475
99500 300.06 -88.22 -20893.66 3350.00 54000.00 1.0475
99600 300.06 -88.22 -20893.66 3350.00 54000.00 1.0475
99700 300.06 -88.22 -20893.66 3350.00 54000.00 1.0475
99800 300.06 -88.22 -20893.66 3350.00 54000.00 1.0475
99900 300.06 -88.22 -20893.66 3350.00 54000.00 1.0475
