# TimeStep Temp Press PotEng KinEng Volume Density
0 297.17 -13.91 -21119.16 3350.00 54000.00 1.0452
100 298.23 -170.05 -21046.42 3350.00 54000.00 1.0456
200 298.66 -206.92 -21026.41 3350.00 54000.00 1.0455
300 298.93 -226.18 -21011.42 3350.00 54000.00 1.0454
400 299.11 -234.96 -20999.40 3350.00 54000.00 1.0454
500 299.23 -238.35 -20990.02 3350.00 54000.00 1.0454
600 299.31 -239.03 -20982.80 3350.00 54000.00 1.0454
700 299.38 -238.42 -20977.31 3350.00 54000.00 1.0454
800 299.43 -237.23 -20973.11 3350.00 54000.00 1.0454
900 299.47 -235.84 -20969.89 3350.00 54000.00 1.0454
1000 299.50 -234.46 -20967.42 3350.00 54000.00 1.0455
1100 299.52 -233.17 -20965.50 3350.00 54000.00 1.0455
1200 299.54 -232.01 -20964.01 3350.00 54000.00 1.0455
1300 299.56 -231.00 -20962.83 3350.00 54000.00 1.0455
1400 299.57 -230.14 -20961.93 3350.00 54000.00 1.0455
1500 299.58 -229.40 -20961.21 3350.00 54000.00 1.0455
1600 299.59 -228.77 -20960.65 3350.00 54000.00 1.0455
1700 299.59 -228.26 -20960.20 3350.00 54000.00 1.0456
1800 299.60 -227.83 -20959.85 3350.00 54000.00 1.0456
1900 299.60 -227.47 -20959.57 3350.00 54000.00 1.0456
2000 299.61 -227.19 -20959.36 3350.00 54000.00 1.0456
2100 299.61 -226.94 -20959.18 3350.00 54000.00 1.0456
2200 299.61 -226.75 -20959.05 3350.00 54000.00 1.0456
2300 299.61 -226.58 -20958.94 3350.00 54000.00 1.0456
2400 299.61 -226.45 -20958.84 3350.00 54000.00 1.0456
2500 299.61 -226.34 -20958.77 3350.00 54000.00 1.0456
2600 299.62 -226.25 -20958.72 3350.00 54000.00 1.0456
2700 299.62 -226.18 -20958.67 3350.00 54000.00 1.0456
2800 299.62 -226.13 -20958.64 3350.00 54000.00 1.0456
2900 299.62 -226.09 -20958.61 3350.00 54000.00 1.0456
3000 299.62 -226.05 -20958.59 3350.00 54000.00 1.0456
3100 299.62 -226.02 -20958.57 3350.00 54000.00 1.0456
3200 299.62 -225.99 -20958.57 3350.00 54000.00 1.0456
3300 299.62 -225.97 -20958.56 3350.00 54000.00 1.0456
3400 299.62 -225.95 -20958.55 3350.00 54000.00 1.0456
3500 299.62 -225.94 -20958.54 3350.00 54000.00 1.0456
3600 299.62 -225.93 -20958.54 3350.00 54000.00 1.0456
3700 299.62 -225.92 -20958.53 3350.00 54000.00 1.0456
3800 299.62 -225.91 -20958.53 3350.00 54000.00 1.0456
3900 299.62 -225.90 -20958.53 3350.00 54000.00 1.0456
4000 299.62 -225.89 -20958.53 3350.00 54000.00 1.0456
4100 299.62 -225.89 -20958.52 3350.00 54000.00 1.0456
4200 299.62 -225.88 -20958.53 3350.00 54000.00 1.0456
4300 299.62 -225.88 -20958.53 3350.00 54000.00 1.0456
4400 299.62 -225.88 -20958.53 3350.00 54000.00 1.0456
4500 299.62 -225.88 -20958.53 3350.00 54000.00 1.0456
4600 299.62 -225.87 -20958.53 3350.00 54000.00 1.0456
4700 299.62 -225.87 -20958.53 3350.00 54000.00 1.0456
4800 299.62 -225.87 -20958.53 3350.00 54000.00 1.0456
4900 299.62 -225.87 -20958.53 3350.00 54000.00 1.0456
5000 299.62 -225.87 -20958.53 3350.00 54000.00 1.0456
5100 299.62 -225.87 -20958.53 3350.00 54000.00 1.0456
5200 299.62 -225.87 -20958.53 3350.00 54000.00 1.0456
5300 299.62 -225.87 -20958.53 3350.00 54000.00 1.0456
5400 299.62 -225.87 -20958.53 3350.00 54000.00 1.0456
5500 299.62 -225.87 -20958.53 3350.00 54000.00 1.0456
5600 299.62 -225.87 -20958.53 3350.00 54000.00 1.0456
5700 299.62 -225.87 -20958.53 3350.00 54000.00 1.0456
5800 299.62 -225.87 -20958.53 3350.00 54000.00 1.0456
5900 299.62 -225.87 -20958.53 3350.00 54000.00 1.0456
6000 299.62 -225.87 -20958.53 3350.00 54000.00 1.0456
6100 299.62 -225.87 -20958.53 3350.00 54000.00 1.0456
6200 299.62 -225.86 -20958.53 3350.00 54000.00 1.0456
6300 299.62 -225.86 -20958.53 3350.00 54000.00 1.0456
6400 299.62 -225.86 -20958.54 3350.00 54000.00 1.0456
6500 299.62 -225.86 -20958.54 3350.00 54000.00 1.0456
6600 299.62 -225.86 -20958.54 3350.00 54000.00 1.0456
6700 299.62 -225.86 -20958.54 3350.00 54000.00 1.0456
6800 299.62 -225.86 -20958.54 3350.00 54000.00 1.0456
6900 299.62 -225.86 -20958.54 3350.00 54000.00 1.0456
7000 299.62 -225.86 -20958.54 3350.00 54000.00 1.0456
7100 299.62 -225.86 -20958.54 3350.00 54000.00 1.0456
7200 299.62 -225.86 -20958.54 3350.00 54000.00 1.0456
7300 299.62 -225.86 -20958.54 3350.00 54000.00 1.0456
7400 299.62 -225.86 -20958.54 3350.00 54000.00 1.0456
7500 299.62 -225.86 -20958.54 3350.00 54000.00 1.0456
7600 299.62 -225.86 -20958.54 3350.00 54000.00 1.0456
7700 299.62 -225.86 -20958.54 3350.00 54000.00 1.0456
7800 299.62 -225.86 -20958.54 3350.00 54000.00 1.0456
7900 299.62 -225.86 -20958.54 3350.00 54000.00 1.0456
8000 299.62 -225.86 -20958.54 3350.00 54000.00 1.0456
8100 299.62 -225.86 -20958.54 3350.00 54000.00 1.0456
8200 299.62 -225.86 -20958.54 3350.00 54000.00 1.0456
8300 299.62 -225.86 -20958.54 3350.00 54000.00 1.0456
8400 299.62 -225.86 -20958.54 3350.00 54000.00 1.0456
8500 299.62 -225.86 -20958.54 3350.00 54000.00 1.0456
8600 299.62 -225.86 -20958.54 3350.00 54000.00 1.0456
8700 299.62 -225.86 -20958.54 3350.00 54000.00 1.0456
8800 299.62 -225.86 -20958.54 3350.00 54000.00 1.0456
8900 299.62 -225.86 -20958.54 3350.00 54000.00 1.0456
9000 299.62 -225.86 -20958.54 3350.00 54000.00 1.0456
9100 299.62 -225.86 -20958.54 3350.00 54000.00 1.0456
9200 299.62 -225.86 -20958.54 3350.00 54000.00 1.0456
9300 299.62 -225.86 -20958.54 3350.00 54000.00 1.0456
9400 299.62 -225.86 -20958.54 3350.00 54000.00 1.0456
9500 299.62 -225.86 -20958.54 3350.00 54000.00 1.0456
9600 299.62 -225.86 -20958.54 3350.00 54000.00 1.0456
9700 299.62 -225.86 -20958.54 3350.00 54000.00 1.0456
9800 299.62 -225.86 -20958.54 3350.00 54000.00 1.0456
9900 299.62 -225.86 -20958.54 3350.00 54000.00 1.0456
10000 299.62 -225.86 -20958.54 3350.00 54000.00 1.0456
10100 299.62 -225.86 -20958.54 3350.00 54000.00 1.0456
10200 299.62 -225.86 -20958.54 3350.00 54000.00 1.0456
10300 299.62 -225.86 -20958.54 3350.00 54000.00 1.0456
10400 299.62 -225.86 -20958.54 3350.00 54000.00 1.0456
10500 299.62 -225.86 -20958.54 3350.00 54000.00 1.0456
10600 299.62 -225.86 -20958.54 3350.00 54000.00 1.0456
10700 299.62 -225.86 -20958.54 3350.00 54000.00 1.0456
10800 299.62 -225.86 -20958.54 3350.00 54000.00 1.0456
10900 299.62 -225.86 -20958.54 3350.00 54000.00 1.0456
11000 299.62 -225.86 -20958.54 3350.00 54000.00 1.0456
11100 299.62 -225.86 -20958.54 3350.00 54000.00 1.0456
11200 299.62 -225.86 -20958.54 3350.00 54000.00 1.0456
11300 299.62 -225.86 -20958.54 3350.00 54000.00 1.0456
11400 299.62 -225.86 -20958.54 3350.00 54000.00 1.0456
11500 299.62 -225.86 -20958.54 3350.00 54000.00 1.0456
11600 299.62 -225.86 -20958.54 3350.00 54000.00 1.0456
11700 299.62 -225.86 -20958.54 3350.00 54000.00 1.0456
11800 299.62 -225.86 -20958.54 3350.00 54000.00 1.0456
11900 299.62 -225.86 -20958.54 3350.00 54000.00 1.0456
12000 299.62 -225.86 -20958.54 3350.00 54000.00 1.0456
12100 299.62 -225.86 -20958.54 3350.00 54000.00 1.0456
12200 299.62 -225.86 -20958.54 3350.00 54000.00 1.0456
12300 299.62 -225.86 -20958.54 3350.00 54000.00 1.0456
12400 299.62 -225.86 -20958.54 3350.00 54000.00 1.0456
12500 299.62 -225.86 -20958.54 3350.00 54000.00 1.0456
12600 299.62 -225.86 -20958.54 3350.00 54000.00 1.0456
12700 299.62 -225.86 -20958.54 3350.00 54000.00 1.0456
12800 299.62 -225.86 -20958.54 3350.00 54000.00 1.0456
12900 299.62 -225.86 -20958.54 3350.00 54000.00 1.0456
13000 299.62 -225.86 -20958.54 3350.00 54000.00 1.0456
13100 299.62 -225.86 -20958.54 3350.00 54000.00 1.0456
13200 299.62 -225.86 -20958.54 3350.00 54000.00 1.0456
13300 299.62 -225.86 -20958.54 3350.00 54000.00 1.0456
13400 299.62 -225.86 -20958.54 3350.00 54000.00 1.0456
13500 299.62 -225.86 -20958.54 3350.00 54000.00 1.0456
13600 299.62 -225.86 -20958.54 3350.00 54000.00 1.0456
13700 299.62 -225.86 -20958.54 3350.00 54000.00 1.0456
13800 299.62 -225.86 -20958.54 3350.00 54000.00 1.0456
13900 299.62 -225.86 -20958.54 3350.00 54000.00 1.0456
14000 299.62 -225.86 -20958.54 3350.00 54000.00 1.0456
14100 299.62 -225.86 -20958.54 3350.00 54000.00 1.0456
14200 299.62 -225.86 -20958.54 3350.00 54000.00 1.0456
14300 299.62 -225.86 -20958.54 3350.00 54000.00 1.0456
14400 299.62 -225.86 -20958.54 3350.00 54000.00 1.0456
14500 299.62 -225.86 -20958.54 3350.00 54000.00 1.0456
14600 299.62 -225.86 -20958.54 3350.00 54000.00 1.0456
14700 299.62 -225.86 -20958.54 3350.00 54000.00 1.0456
14800 299.62 -225.86 -20958.54 3350.00 54000.00 1.0456
14900 299.62 -225.86 -20958.54 3350.00 54000.00 1.0456
15000 299.62 -225.86 -20958.54 3350.00 54000.00 1.0456
15100 299.62 -225.86 -20958.54 3350.00 54000.00 1.0456
15200 299.62 -225.86 -20958.54 3350.00 54000.00 1.0456
15300 299.62 -225.86 -20958.54 3350.00 54000.00 1.0456
15400 299.62 -225.86 -20958.54 3350.00 54000.00 1.0456
15500 299.62 -225.86 -20958.54 3350.00 54000.00 1.0456
15600 299.62 -225.86 -20958.54 3350.00 54000.00 1.0456
15700 299.62 -225.86 -20958.54 3350.00 54000.00 1.0456
15800 299.62 -225.86 -20958.54 3350.00 54000.00 1.0456
15900 299.62 -225.86 -20958.54 3350.00 54000.00 1.0456
16000 299.62 -225.86 -20958.54 3350.00 54000.00 1.0456
16100 299.62 -225.86 -20958.54 3350.00 54000.00 1.0456
16200 299.62 -225.86 -20958.54 3350.00 54000.00 1.0456
16300 299.62 -225.86 -20958.54 3350.00 54000.00 1.0456
16400 299.62 -225.86 -20958.54 3350.00 54000.00 1.0456
16500 299.62 -225.86 -20958.54 3350.00 54000.00 1.0456
16600 299.62 -225.86 -20958.54 3350.00 54000.00 1.0456
16700 299.62 -225.86 -20958.54 3350.00 54000.00 1.0456
16800 299.62 -225.86 -20958.54 3350.00 54000.00 1.0456
16900 299.62 -225.86 -20958.54 3350.00 54000.00 1.0456
17000 299.62 -225.86 -20958.54 3350.00 54000.00 1.0456
17100 299.62 -225.86 -20958.54 3350.00 54000.00 1.0456
17200 299.62 -225.86 -20958.54 3350.00 54000.00 1.0456
17300 299.62 -225.86 -20958.54 3350.00 54000.00 1.0456
17400 299.62 -225.86 -20958.54 3350.00 54000.00 1.0456
17500 299.62 -225.86 -20958.54 3350.00 54000.00 1.0456
17600 299.62 -225.86 -20958.54 3350.00 54000.00 1.0456
17700 299.62 -225.86 -20958.54 3350.00 54000.00 1.0456
17800 299.62 -225.86 -20958.54 3350.00 54000.00 1.0456
17900 299.62 -225.86 -20958.54 3350.00 54000.00 1.0456
18000 299.62 -225.86 -20958.54 3350.00 54000.00 1.0456
18100 299.62 -225.86 -20958.54 3350.00 54000.00 1.0456
18200 299.62 -225.86 -20958.54 3350.00 54000.00 1.0456
18300 299.62 -225.86 -20958.54 3350.00 54000.00 1.0456
18400 299.62 -225.86 -20958.54 3350.00 54000.00 1.0456
18500 299.62 -225.86 -20958.54 3350.00 54000.00 1.0456
18600 299.62 -225.86 -20958.54 3350.00 54000.00 1.0456
18700 299.62 -225.86 -20958.54 3350.00 54000.00 1.0456
18800 299.62 -225.86 -20958.54 3350.00 54000.00 1.0456
18900 299.62 -225.86 -20958.54 3350.00 54000.00 1.0456
19000 299.62 -225.86 -20958.54 3350.00 54000.00 1.0456
19100 299.62 -225.86 -20958.54 3350.00 54000.00 1.0456
19200 299.62 -225.86 -20958.54 3350.00 54000.00 1.0456
19300 299.62 -225.86 -20958.54 3350.00 54000.00 1.0456
19400 299.62 -225.86 -20958.54 3350.00 54000.00 1.0456
19500 299.62 -225.86 -20958.54 3350.00 54000.00 1.0456
19600 299.62 -225.86 -20958.54 3350.00 54000.00 1.0456
19700 299.62 -225.86 -20958.54 3350.00 54000.00 1.0456
19800 299.62 -225.86 -20958.54 3350.00 54000.00 1.0456
19900 299.62 -225.86 -20958.54 3350.00 54000.00 1.0456
20000 299.62 -225.86 -20958.54 3350.00 54000.00 1.0456
20100 299.62 -225.86 -20958.54 3350.00 54000.00 1.0456
20200 299.62 -225.86 -20958.54 3350.00 54000.00 1.0456
20300 299.62 -225.86 -20958.54 3350.00 54000.00 1.0456
20400 299.62 -225.86 -20958.54 3350.00 54000.00 1.0456
20500 299.62 -225.86 -20958.54 3350.00 54000.00 1.0456
20600 299.62 -225.86 -20958.54 3350.00 54000.00 1.0456
20700 299.62 -225.86 -20958.54 3350.00 54000.00 1.0456
20800 299.62 -225.86 -20958.54 3350.00 54000.00 1.0456
20900 299.62 -225.86 -20958.54 3350.00 54000.00 1.0456
21000 299.62 -225.86 -20958.54 3350.00 54000.00 1.0456
21100 299.62 -225.86 -20958.54 3350.00 54000.00 1.0456
21200 299.62 -225.86 -20958.54 3350.00 54000.00 1.0456
21300 299.62 -225.86 -20958.54 3350.00 54000.00 1.0456
21400 299.62 -225.86 -20958.54 3350.00 54000.00 1.0456
21500 299.62 -225.86 -20958.54 3350.00 54000.00 1.0456
21600 299.62 -225.86 -20958.54 3350.00 54000.00 1.0456
21700 299.62 -225.86 -20958.54 3350.00 54000.00 1.0456
21800 299.62 -225.86 -20958.54 3350.00 54000.00 1.0456
21900 299.62 -225.86 -20958.54 3350.00 54000.00 1.0456
22000 299.62 -225.86 -20958.54 3350.00 54000.00 1.0456
22100 299.62 -225.86 -20958.54 3350.00 54000.00 1.0456
22200 299.62 -225.86 -20958.54 3350.00 54000.00 1.0456
22300 299.62 -225.86 -20958.54 3350.00 54000.00 1.0456
22400 299.62 -225.86 -20958.54 3350.00 54000.00 1.0456
22500 299.62 -225.86 -20958.54 3350.00 54000.00 1.0456
22600 299.62 -225.86 -20958.54 3350.00 54000.00 1.0456
22700 299.62 -225.86 -20958.54 3350.00 54000.00 1.0456
22800 299.62 -225.86 -20958.54 3350.00 54000.00 1.0456
22900 299.62 -225.86 -20958.54 3350.00 54000.00 1.0456
23000 299.62 -225.86 -20958.54 3350.00 54000.00 1.0456
23100 299.62 -225.86 -20958.54 3350.00 54000.00 1.0456
23200 299.62 -225.86 -20958.54 3350.00 54000.00 1.0456
23300 299.62 -225.86 -20958.54 3350.00 54000.00 1.0456
23400 299.62 -225.86 -20958.54 3350.00 54000.00 1.0456
23500 299.62 -225.86 -20958.54 3350.00 54000.00 1.0456
23600 299.62 -225.86 -20958.54 3350.00 54000.00 1.0456
23700 299.62 -225.86 -20958.54 3350.00 54000.00 1.0456
23800 299.62 -225.86 -20958.54 3350.00 54000.00 1.0456
23900 299.62 -225.86 -20958.54 3350.00 54000.00 1.0456
24000 299.62 -225.86 -20958.54 3350.00 54000.00 1.0456
24100 299.62 -225.86 -20958.54 3350.00 54000.00 1.0456
24200 299.62 -225.86 -20958.54 3350.00 54000.00 1.0456
24300 299.62 -225.86 -20958.54 3350.00 54000.00 1.0456
24400 299.62 -225.86 -20958.54 3350.00 54000.00 1.0456
24500 299.62 -225.86 -20958.54 3350.00 54000.00 1.0456
24600 299.62 -225.86 -20958.54 3350.00 54000.00 1.0456
24700 299.62 -225.86 -20958.54 3350.00 54000.00 1.0456
24800 299.62 -225.86 -20958.54 3350.00 54000.00 1.0456
24900 299.62 -225.86 -20958.54 3350.00 54000.00 1.0456
25000 299.62 -225.86 -20958.54 3350.00 54000.00 1.0456
25100 299.62 -225.86 -20958.54 3350.00 54000.00 1.0456
25200 299.62 -225.86 -20958.54 3350.00 54000.00 1.0456
25300 299.62 -225.86 -20958.54 3350.00 54000.00 1.0456
25400 299.62 -225.86 -20958.54 3350.00 54000.00 1.0456
25500 299.62 -225.86 -20958.54 3350.00 54000.00 1.0456
25600 299.62 -225.86 -20958.54 3350.00 54000.00 1.0456
25700 299.62 -225.86 -20958.54 3350.00 54000.00 1.0456
25800 299.62 -225.86 -20958.54 3350.00 54000.00 1.0456
25900 299.62 -225.86 -20958.54 3350.00 54000.00 1.0456
26000 299.62 -225.86 -20958.54 3350.00 54000.00 1.0456
26100 299.62 -225.86 -20958.54 3350.00 54000.00 1.0456
26200 299.62 -225.86 -20958.54 3350.00 54000.00 1.0456
26300 299.62 -225.86 -20958.54 3350.00 54000.00 1.0456
26400 299.62 -225.86 -20958.54 3350.00 54000.00 1.0456
26500 299.62 -225.86 -20958.54 3350.00 54000.00 1.0456
26600 299.62 -225.86 -20958.54 3350.00 54000.00 1.0456
26700 299.62 -225.86 -20958.54 3350.00 54000.00 1.0456
26800 299.62 -225.86 -20958.54 3350.00 54000.00 1.0456
26900 299.62 -225.86 -20958.54 3350.00 54000.00 1.0456
27000 299.62 -225.86 -20958.54 3350.00 54000.00 1.0456
27100 299.62 -225.86 -20958.54 3350.00 54000.00 1.0456
27200 299.62 -225.86 -20958.54 3350.00 54000.00 1.0456
27300 299.62 -225.86 -20958.54 3350.00 54000.00 1.0456
27400 299.62 -225.86 -20958.54 3350.00 54000.00 1.0456
27500 299.62 -225.86 -20958.54 3350.00 54000.00 1.0456
27600 299.62 -225.86 -20958.54 3350.00 54000.00 1.0456
27700 299.62 -225.86 -20958.54 3350.00 54000.00 1.0456
27800 299.62 -225.86 -20958.54 3350.00 54000.00 1.0456
27900 299.62 -225.86 -20958.54 3350.00 54000.00 1.0456
28000 299.62 -225.86 -20958.54 3350.00 54000.00 1.0456
28100 299.62 -225.86 -20958.54 3350.00 54000.00 1.0456
28200 299.62 -225.86 -20958.54 3350.00 54000.00 1.0456
28300 299.62 -225.86 -20958.54 3350.00 54000.00 1.0456
28400 299.62 -225.86 -20958.54 3350.00 54000.00 1.0456
28500 299.62 -225.86 -20958.54 3350.00 54000.00 1.0456
28600 299.62 -225.86 -20958.54 3350.00 54000.00 1.0456
28700 299.62 -225.86 -20958.54 3350.00 54000.00 1.0456
28800 299.62 -225.86 -20958.54 3350.00 54000.00 1.0456
28900 299.62 -225.86 -20958.54 3350.00 54000.00 1.0456
29000 299.62 -225.86 -20958.54 3350.00 54000.00 1.0456
29100 299.62 -225.86 -20958.54 3350.00 54000.00 1.0456
29200 299.62 -225.86 -20958.54 3350.00 54000.00 1.0456
29300 299.62 -225.86 -20958.54 3350.00 54000.00 1.0456
29400 299.62 -225.86 -20958.54 3350.00 54000.00 1.0456
29500 299.62 -225.86 -20958.54 3350.00 54000.00 1.0456
29600 299.62 -225.86 -20958.54 3350.00 54000.00 1.0456
29700 299.62 -225.86 -20958.54 3350.00 54000.00 1.0456
29800 299.62 -225.86 -20958.54 3350.00 54000.00 1.0456
29900 299.62 -225.86 -20958.54 3350.00 54000.00 1.0456
30000 299.62 -225.86 -20958.54 3350.00 54000.00 1.0456
30100 299.62 -225.86 -20958.54 3350.00 54000.00 1.0456
30200 299.62 -225.86 -20958.54 3350.00 54000.00 1.0456
30300 299.62 -225.86 -20958.54 3350.00 54000.00 1.0456
30400 299.62 -225.86 -20958.54 3350.00 54000.00 1.0456
30500 299.62 -225.86 -20958.54 3350.00 54000.00 1.0456
30600 299.62 -225.86 -20958.54 3350.00 54000.00 1.0456
30700 299.62 -225.86 -20958.54 3350.00 54000.00 1.0456
30800 299.62 -225.86 -20958.54 3350.00 54000.00 1.0456
30900 299.62 -225.86 -20958.54 3350.00 54000.00 1.0456
31000 299.62 -225.86 -20958.54 3350.00 54000.00 1.0456
31100 299.62 -225.86 -20958.54 3350.00 54000.00 1.0456
31200 299.62 -225.86 -20958.54 3350.00 54000.00 1.0456
31300 299.62 -225.86 -20958.54 3350.00 54000.00 1.0456
31400 299.62 -225.86 -20958.54 3350.00 54000.00 1.0456
31500 299.62 -225.86 -20958.54 3350.00 54000.00 1.0456
31600 299.62 -225.86 -20958.54 3350.00 54000.00 1.0456
31700 299.62 -225.86 -20958.54 3350.00 54000.00 1.0456
31800 299.62 -225.86 -20958.54 3350.00 54000.00 1.0456
31900 299.62 -225.86 -20958.54 3350.00 54000.00 1.0456
32000 299.62 -225.86 -20958.54 3350.00 54000.00 1.0456
32100 299.62 -225.86 -20958.54 3350.00 54000.00 1.0456
32200 299.62 -225.86 -20958.54 3350.00 54000.00 1.0456
32300 299.62 -225.86 -20958.54 3350.00 54000.00 1.0456
32400 299.62 -225.86 -20958.54 3350.00 54000.00 1.0456
32500 299.62 -225.86 -20958.54 3350.00 54000.00 1.0456
32600 299.62 -225.86 -20958.54 3350.00 54000.00 1.0456
32700 299.62 -225.86 -20958.54 3350.00 54000.00 1.0456
32800 299.62 -225.86 -20958.54 3350.00 54000.00 1.0456
32900 299.62 -225.86 -20958.54 3350.00 54000.00 1.0456
33000 299.62 -225.86 -20958.54 3350.00 54000.00 1.0456
33100 299.62 -225.86 -20958.54 3350.00 54000.00 1.0456
33200 299.62 -225.86 -20958.54 3350.00 54000.00 1.0456
33300 299.62 -225.86 -20958.54 3350.00 54000.00 1.0456
33400 299.62 -225.86 -20958.54 3350.00 54000.00 1.0456
33500 299.62 -225.86 -20958.54 3350.00 54000.00 1.0456
33600 299.62 -225.86 -20958.54 3350.00 54000.00 1.0456
33700 299.62 -225.86 -20958.54 3350.00 54000.00 1.0456
33800 299.62 -225.86 -20958.54 3350.00 54000.00 1.0456
33900 299.62 -225.86 -20958.54 3350.00 54000.00 1.0456
34000 299.62 -225.86 -20958.54 3350.00 54000.00 1.0456
34100 299.62 -225.86 -20958.54 3350.00 54000.00 1.0456
34200 299.62 -225.86 -20958.54 3350.00 54000.00 1.0456
34300 299.62 -225.86 -20958.54 3350.00 54000.00 1.0456
34400 299.62 -225.86 -20958.54 3350.00 54000.00 1.0456
34500 299.62 -225.86 -20958.54 3350.00 54000.00 1.0456
34600 299.62 -225.86 -20958.54 3350.00 54000.00 1.0456
34700 299.62 -225.86 -20958.54 3350.00 54000.00 1.0456
34800 299.62 -225.86 -20958.54 3350.00 54000.00 1.0456
34900 299.62 -225.86 -20958.54 3350.00 54000.00 1.0456
35000 299.62 -225.86 -20958.54 3350.00 54000.00 1.0456
35100 299.62 -225.86 -20958.54 3350.00 54000.00 1.0456
35200 299.62 -225.86 -20958.54 3350.00 54000.00 1.0456
35300 299.62 -225.86 -20958.54 3350.00 54000.00 1.0456
35400 299.62 -225.86 -20958.54 3350.00 54000.00 1.0456
35500 299.62 -225.86 -20958.54 3350.00 54000.00 1.0456
35600 299.62 -225.86 -20958.54 3350.00 54000.00 1.0456
35700 299.62 -225.86 -20958.54 3350.00 54000.00 1.0456
35800 299.62 -225.86 -20958.54 3350.00 54000.00 1.0456
35900 299.62 -225.86 -20958.54 3350.00 54000.00 1.0456
36000 299.62 -225.86 -20958.54 3350.00 54000.00 1.0456
36100 299.62 -225.86 -20958.54 3350.00 54000.00 1.0456
36200 299.62 -225.86 -20958.54 3350.00 54000.00 1.0456
36300 299.62 -225.86 -20958.54 3350.00 54000.00 1.0456
36400 299.62 -225.86 -20958.54 3350.00 54000.00 1.0456
36500 299.62 -225.86 -20958.54 3350.00 54000.00 1.0456
36600 299.62 -225.86 -20958.54 3350.00 54000.00 1.0456
36700 299.62 -225.86 -20958.54 3350.00 54000.00 1.0456
36800 299.62 -225.86 -20958.54 3350.00 54000.00 1.0456
36900 299.62 -225.86 -20958.54 3350.00 54000.00 1.0456
37000 299.62 -225.86 -20958.54 3350.00 54000.00 1.0456
37100 299.62 -225.86 -20958.54 3350.00 54000.00 1.0456
37200 299.62 -225.86 -20958.54 3350.00 54000.00 1.0456
37300 299.62 -225.86 -20958.54 3350.00 54000.00 1.0456
37400 299.62 -225.86 -20958.54 3350.00 54000.00 1.0456
37500 299.62 -225.86 -20958.54 3350.00 54000.00 1.0456
37600 299.62 -225.86 -20958.54 3350.00 54000.00 1.0456
37700 299.62 -225.86 -20958.54 3350.00 54000.00 1.0456
37800 299.62 -225.86 -20958.54 3350.00 54000.00 1.0456
37900 299.62 -225.86 -20958.54 3350.00 54000.00 1.0456
38000 299.62 -225.86 -20958.54 3350.00 54000.00 1.0456
38100 299.62 -225.86 -20958.54 3350.00 54000.00 1.0456
38200 299.62 -225.86 -20958.54 3350.00 54000.00 1.0456
38300 299.62 -225.86 -20958.54 3350.00 54000.00 1.0456
38400 299.62 -225.86 -20958.54 3350.00 54000.00 1.0456
38500 299.62 -225.86 -20958.54 3350.00 54000.00 1.0456
38600 299.62 -225.86 -20958.54 3350.00 54000.00 1.0456
38700 299.62 -225.86 -20958.54 3350.00 54000.00 1.0456
38800 299.62 -225.86 -20958.54 3350.00 54000.00 1.0456
38900 299.62 -225.86 -20958.54 3350.00 54000.00 1.0456
39000 299.62 -225.86 -20958.54 3350.00 54000.00 1.0456
39100 299.62 -225.86 -20958.54 3350.00 54000.00 1.0456
39200 299.62 -225.86 -20958.54 3350.00 54000.00 1.0456
39300 299.62 -225.86 -20958.54 3350.00 54000.00 1.0456
39400 299.62 -225.86 -20958.54 3350.00 54000.00 1.0456
39500 299.62 -225.86 -20958.54 3350.00 54000.00 1.0456
39600 299.62 -225.86 -20958.54 3350.00 54000.00 1.0456
39700 299.62 -225.86 -20958.54 3350.00 54000.00 1.0456
39800 299.62 -225.86 -20958.54 3350.00 54000.00 1.0456
39900 299.62 -225.86 -20958.54 3350.00 54000.00 1.0456
40000 299.62 -225.86 -20958.54 3350.00 54000.00 1.0456
40100 299.62 -225.86 -20958.54 3350.00 54000.00 1.0456
40200 299.62 -225.86 -20958.54 3350.00 54000.00 1.0456
40300 299.62 -225.86 -20958.54 3350.00 54000.00 1.0456
40400 299.62 -225.86 -20958.54 3350.00 54000.00 1.0456
40500 299.62 -225.86 -20958.54 3350.00 54000.00 1.0456
40600 299.62 -225.86 -20958.54 3350.00 54000.00 1.0456
40700 299.62 -225.86 -20958.54 3350.00 54000.00 1.0456
40800 299.62 -225.86 -20958.54 3350.00 54000.00 1.0456
40900 299.62 -225.86 -20958.54 3350.00 54000.00 1.0456
41000 299.62 -225.86 -20958.54 3350.00 54000.00 1.0456
41100 299.62 -225.86 -20958.54 3350.00 54000.00 1.0456
41200 299.62 -225.86 -20958.54 3350.00 54000.00 1.0456
41300 299.62 -225.86 -20958.54 3350.00 54000.00 1.0456
41400 299.62 -225.86 -20958.54 3350.00 54000.00 1.0456
41500 299.62 -225.86 -20958.54 3350.00 54000.00 1.0456
41600 299.62 -225.86 -20958.54 3350.00 54000.00 1.0456
41700 299.62 -225.86 -20958.54 3350.00 54000.00 1.0456
41800 299.62 -225.86 -20958.54 3350.00 54000.00 1.0456
41900 299.62 -225.86 -20958.54 3350.00 54000.00 1.0456
42000 299.62 -225.86 -20958.54 3350.00 54000.00 1.0456
42100 299.62 -225.86 -20958.54 3350.00 54000.00 1.0456
42200 299.62 -225.86 -20958.54 3350.00 54000.00 1.0456
42300 299.62 -225.86 -20958.54 3350.00 54000.00 1.0456
42400 299.62 -225.86 -20958.54 3350.00 54000.00 1.0456
42500 299.62 -225.86 -20958.54 3350.00 54000.00 1.0456
42600 299.62 -225.86 -20958.54 3350.00 54000.00 1.0456
42700 299.62 -225.86 -20958.54 3350.00 54000.00 1.0456
42800 299.62 -225.86 -20958.54 3350.00 54000.00 1.0456
42900 299.62 -225.86 -20958.54 3350.00 54000.00 1.0456
43000 299.62 -225.86 -20958.54 3350.00 54000.00 1.0456
43100 299.62 -225.86 -20958.54 3350.00 54000.00 1.0456
43200 299.62 -225.86 -20958.54 3350.00 54000.00 1.0456
43300 299.62 -225.86 -20958.54 3350.00 54000.00 1.0456
43400 299.62 -225.86 -20958.54 3350.00 54000.00 1.0456
43500 299.62 -225.86 -20958.54 3350.00 54000.00 1.0456
43600 299.62 -225.86 -20958.54 3350.00 54000.00 1.0456
43700 299.62 -225.86 -20958.54 3350.00 54000.00 1.0456
43800 299.62 -225.86 -20958.54 3350.00 54000.00 1.0456
43900 299.62 -225.86 -20958.54 3350.00 54000.00 1.0456
44000 299.62 -225.86 -20958.54 3350.00 54000.00 1.0456
44100 299.62 -225.86 -20958.54 3350.00 54000.00 1.0456
44200 299.62 -225.86 -20958.54 3350.00 54000.00 1.0456
44300 299.62 -225.86 -20958.54 3350.00 54000.00 1.0456
44400 299.62 -225.86 -20958.54 3350.00 54000.00 1.0456
44500 299.62 -225.86 -20958.54 3350.00 54000.00 1.0456
44600 299.62 -225.86 -20958.54 3350.00 54000.00 1.0456
44700 299.62 -225.86 -20958.54 3350.00 54000.00 1.0456
44800 299.62 -225.86 -20958.54 3350.00 54000.00 1.0456
44900 299.62 -225.86 -20958.54 3350.00 54000.00 1.0456
45000 299.62 -225.86 -20958.54 3350.00 54000.00 1.0456
45100 299.62 -225.86 -20958.54 3350.00 54000.00 1.0456
45200 299.62 -225.86 -20958.54 3350.00 54000.00 1.0456
45300 299.62 -225.86 -20958.54 3350.00 54000.00 1.0456
45400 299.62 -225.86 -20958.54 3350.00 54000.00 1.0456
45500 299.62 -225.86 -20958.54 3350.00 54000.00 1.0456
45600 299.62 -225.86 -20958.54 3350.00 54000.00 1.0456
45700 299.62 -225.86 -20958.54 3350.00 54000.00 1.0456
45800 299.62 -225.86 -20958.54 3350.00 54000.00 1.0456
45900 299.62 -225.86 -20958.54 3350.00 54000.00 1.0456
46000 299.62 -225.86 -20958.54 3350.00 54000.00 1.0456
46100 299.62 -225.86 -20958.54 3350.00 54000.00 1.0456
46200 299.62 -225.86 -20958.54 3350.00 54000.00 1.0456
46300 299.62 -225.86 -20958.54 3350.00 54000.00 1.0456
46400 299.62 -225.86 -20958.54 3350.00 54000.00 1.0456
46500 299.62 -225.86 -20958.54 3350.00 54000.00 1.0456
46600 299.62 -225.86 -20958.54 3350.00 54000.00 1.0456
46700 299.62 -225.86 -20958.54 3350.00 54000.00 1.0456
46800 299.62 -225.86 -20958.54 3350.00 54000.00 1.0456
46900 299.62 -225.86 -20958.54 3350.00 54000.00 1.0456
47000 299.62 -225.86 -20958.54 3350.00 54000.00 1.0456
47100 299.62 -225.86 -20958.54 3350.00 54000.00 1.0456
47200 299.62 -225.86 -20958.54 3350.00 54000.00 1.0456
47300 299.62 -225.86 -20958.54 3350.00 54000.00 1.0456
47400 299.62 -225.86 -20958.54 3350.00 54000.00 1.0456
47500 299.62 -225.86 -20958.54 3350.00 54000.00 1.0456
47600 299.62 -225.86 -20958.54 3350.00 54000.00 1.0456
47700 299.62 -225.86 -20958.54 3350.00 54000.00 1.0456
47800 299.62 -225.86 -20958.54 3350.00 54000.00 1.0456
47900 299.62 -225.86 -20958.54 3350.00 54000.00 1.0456
48000 299.62 -225.86 -20958.54 3350.00 54000.00 1.0456
48100 299.62 -225.86 -20958.54 3350.00 54000.00 1.0456
48200 299.62 -225.86 -20958.54 3350.00 54000.00 1.0456
48300 299.62 -225.86 -20958.54 3350.00 54000.00 1.0456
48400 299.62 -225.86 -20958.54 3350.00 54000.00 1.0456
48500 299.62 -225.86 -20958.54 3350.00 54000.00 1.0456
48600 299.62 -225.86 -20958.54 3350.00 54000.00 1.0456
48700 299.62 -225.86 -20958.54 3350.00 54000.00 1.0456
48800 299.62 -225.86 -20958.54 3350.00 54000.00 1.0456
48900 299.62 -225.86 -20958.54 3350.00 54000.00 1.0456
49000 299.62 -225.86 -20958.54 3350.00 54000.00 1.0456
49100 299.62 -225.86 -20958.54 3350.00 54000.00 1.0456
49200 299.62 -225.86 -20958.54 3350.00 54000.00 1.0456
49300 299.62 -225.86 -20958.54 3350.00 54000.00 1.0456
49400 299.62 -225.86 -20958.54 3350.00 54000.00 1.0456
49500 299.62 -225.86 -20958.54 3350.00 54000.00 1.0456
49600 299.62 -225.86 -20958.54 3350.00 54000.00 1.0456
49700 299.62 -225.86 -20958.54 3350.00 54000.00 1.0456
49800 299.62 -225.86 -20958.54 3350.00 54000.00 1.0456
49900 299.62 -225.86 -20958.54 3350.00 54000.00 1.0456
50000 299.62 -225.86 -20958.54 3350.00 54000.00 1.0456
50100 299.62 -225.86 -20958.54 3350.00 54000.00 1.0456
50200 299.62 -225.86 -20958.54 3350.00 54000.00 1.0456
50300 299.62 -225.86 -20958.54 3350.00 54000.00 1.0456
50400 299.62 -225.86 -20958.54 3350.00 54000.00 1.0456
50500 299.62 -225.86 -20958.54 3350.00 54000.00 1.0456
50600 299.62 -225.86 -20958.54 3350.00 54000.00 1.0456
50700 299.62 -225.86 -20958.54 3350.00 54000.00 1.0456
50800 299.62 -225.86 -20958.54 3350.00 54000.00 1.0456
50900 299.62 -225.86 -20958.54 3350.00 54000.00 1.0456
51000 299.62 -225.86 -20958.54 3350.00 54000.00 1.0456
51100 299.62 -225.86 -20958.54 3350.00 54000.00 1.0456
51200 299.62 -225.86 -20958.54 3350.00 54000.00 1.0456
51300 299.62 -225.86 -20958.54 3350.00 54000.00 1.0456
51400 299.62 -225.86 -20958.54 3350.00 54000.00 1.0456
51500 299.62 -225.86 -20958.54 3350.00 54000.00 1.0456
51600 299.62 -225.86 -20958.54 3350.00 54000.00 1.0456
51700 299.62 -225.86 -20958.54 3350.00 54000.00 1.0456
51800 299.62 -225.86 -20958.54 3350.00 54000.00 1.0456
51900 299.62 -225.86 -20958.54 3350.00 54000.00 1.0456
52000 299.62 -225.86 -20958.54 3350.00 54000.00 1.0456
52100 299.62 -225.86 -20958.54 3350.00 54000.00 1.0456
52200 299.62 -225.86 -20958.54 3350.00 54000.00 1.0456
52300 299.62 -225.86 -20958.54 3350.00 54000.00 1.0456
52400 299.62 -225.86 -20958.54 3350.00 54000.00 1.0456
52500 299.62 -225.86 -20958.54 3350.00 54000.00 1.0456
52600 299.62 -225.86 -20958.54 3350.00 54000.00 1.0456
52700 299.62 -225.86 -20958.54 3350.00 54000.00 1.0456
52800 299.62 -225.86 -20958.54 3350.00 54000.00 1.0456
52900 299.62 -225.86 -20958.54 3350.00 54000.00 1.0456
53000 299.62 -225.86 -20958.54 3350.00 54000.00 1.0456
53100 299.62 -225.86 -20958.54 3350.00 54000.00 1.0456
53200 299.62 -225.86 -20958.54 3350.00 54000.00 1.0456
53300 299.62 -225.86 -20958.54 3350.00 54000.00 1.0456
53400 299.62 -225.86 -20958.54 3350.00 54000.00 1.0456
53500 299.62 -225.86 -20958.54 3350.00 54000.00 1.0456
53600 299.62 -225.86 -20958.54 3350.00 54000.00 1.0456
53700 299.62 -225.86 -20958.54 3350.00 54000.00 1.0456
53800 299.62 -225.86 -20958.54 3350.00 54000.00 1.0456
53900 299.62 -225.86 -20958.54 3350.00 54000.00 1.0456
54000 299.62 -225.86 -20958.54 3350.00 54000.00 1.0456
54100 299.62 -225.86 -20958.54 3350.00 54000.00 1.0456
54200 299.62 -225.86 -20958.54 3350.00 54000.00 1.0456
54300 299.62 -225.86 -20958.54 3350.00 54000.00 1.0456
54400 299.62 -225.86 -20958.54 3350.00 54000.00 1.0456
54500 299.62 -225.86 -20958.54 3350.00 54000.00 1.0456
54600 299.62 -225.86 -20958.54 3350.00 54000.00 1.0456
54700 299.62 -225.86 -20958.54 3350.00 54000.00 1.0456
54800 299.62 -225.86 -20958.54 3350.00 54000.00 1.0456
54900 299.62 -225.86 -20958.54 3350.00 54000.00 1.0456
55000 299.62 -225.86 -20958.54 3350.00 54000.00 1.0456
55100 299.62 -225.86 -20958.54 3350.00 54000.00 1.0456
55200 299.62 -225.86 -20958.54 3350.00 54000.00 1.0456
55300 299.62 -225.86 -20958.54 3350.00 54000.00 1.0456
55400 299.62 -225.86 -20958.54 3350.00 54000.00 1.0456
55500 299.62 -225.86 -20958.54 3350.00 54000.00 1.0456
55600 299.62 -225.86 -20958.54 3350.00 54000.00 1.0456
55700 299.62 -225.86 -20958.54 3350.00 54000.00 1.0456
55800 299.62 -225.86 -20958.54 3350.00 54000.00 1.0456
55900 299.62 -225.86 -20958.54 3350.00 54000.00 1.0456
56000 299.62 -225.86 -20958.54 3350.00 54000.00 1.0456
56100 299.62 -225.86 -20958.54 3350.00 54000.00 1.0456
56200 299.62 -225.86 -20958.54 3350.00 54000.00 1.0456
56300 299.62 -225.86 -20958.54 3350.00 54000.00 1.0456
56400 299.62 -225.86 -20958.54 3350.00 54000.00 1.0456
56500 299.62 -225.86 -20958.54 3350.00 54000.00 1.0456
56600 299.62 -225.86 -20958.54 3350.00 54000.00 1.0456
56700 299.62 -225.86 -20958.54 3350.00 54000.00 1.0456
56800 299.62 -225.86 -20958.54 3350.00 54000.00 1.0456
56900 299.62 -225.86 -20958.54 3350.00 54000.00 1.0456
57000 299.62 -225.86 -20958.54 3350.00 54000.00 1.0456
57100 299.62 -225.86 -20958.54 3350.00 54000.00 1.0456
57200 299.62 -225.86 -20958.54 3350.00 54000.00 1.0456
57300 299.62 -225.86 -20958.54 3350.00 54000.00 1.0456
57400 299.62 -225.86 -20958.54 3350.00 54000.00 1.0456
57500 299.62 -225.86 -20958.54 3350.00 54000.00 1.0456
57600 299.62 -225.86 -20958.54 3350.00 54000.00 1.0456
57700 299.62 -225.86 -20958.54 3350.00 54000.00 1.0456
57800 299.62 -225.86 -20958.54 3350.00 54000.00 1.0456
57900 299.62 -225.86 -20958.54 3350.00 54000.00 1.0456
58000 299.62 -225.86 -20958.54 3350.00 54000.00 1.0456
58100 299.62 -225.86 -20958.54 3350.00 54000.00 1.0456
58200 299.62 -225.86 -20958.54 3350.00 54000.00 1.0456
58300 299.62 -225.86 -20958.54 3350.00 54000.00 1.0456
58400 299.62 -225.86 -20958.54 3350.00 54000.00 1.0456
58500 299.62 -225.86 -20958.54 3350.00 54000.00 1.0456
58600 299.62 -225.86 -20958.54 3350.00 54000.00 1.0456
58700 299.62 -225.86 -20958.54 3350.00 54000.00 1.0456
58800 299.62 -225.86 -20958.54 3350.00 54000.00 1.0456
58900 299.62 -225.86 -20958.54 3350.00 54000.00 1.0456
59000 299.62 -225.86 -20958.54 3350.00 54000.00 1.0456
59100 299.62 -225.86 -20958.54 3350.00 54000.00 1.0456
59200 299.62 -225.86 -20958.54 3350.00 54000.00 1.0456
59300 299.62 -225.86 -20958.54 3350.00 54000.00 1.0456
59400 299.62 -225.86 -20958.54 3350.00 54000.00 1.0456
59500 299.62 -225.86 -20958.54 3350.00 54000.00 1.0456
59600 299.62 -225.86 -20958.54 3350.00 54000.00 1.0456
59700 299.62 -225.86 -20958.54 3350.00 54000.00 1.0456
59800 299.62 -225.86 -20958.54 3350.00 54000.00 1.0456
59900 299.62 -225.86 -20958.54 3350.00 54000.00 1.0456
60000 299.62 -225.86 -20958.54 3350.00 54000.00 1.0456
60100 299.62 -225.86 -20958.54 3350.00 54000.00 1.0456
60200 299.62 -225.86 -20958.54 3350.00 54000.00 1.0456
60300 299.62 -225.86 -20958.54 3350.00 54000.00 1.0456
60400 299.62 -225.86 -20958.54 3350.00 54000.00 1.0456
60500 299.62 -225.86 -20958.54 3350.00 54000.00 1.0456
60600 299.62 -225.86 -20958.54 3350.00 54000.00 1.0456
60700 299.62 -225.86 -20958.54 3350.00 54000.00 1.0456
60800 299.62 -225.86 -20958.54 3350.00 54000.00 1.0456
60900 299.62 -225.86 -20958.54 3350.00 54000.00 1.0456
61000 299.62 -225.86 -20958.54 3350.00 54000.00 1.0456
61100 299.62 -225.86 -20958.54 3350.00 54000.00 1.0456
61200 299.62 -225.86 -20958.54 3350.00 54000.00 1.0456
61300 299.62 -225.86 -20958.54 3350.00 54000.00 1.0456
61400 299.62 -225.86 -20958.54 3350.00 54000.00 1.0456
61500 299.62 -225.86 -20958.54 3350.00 54000.00 1.0456
61600 299.62 -225.86 -20958.54 3350.00 54000.00 1.0456
61700 299.62 -225.86 -20958.54 3350.00 54000.00 1.0456
61800 299.62 -225.86 -20958.54 3350.00 54000.00 1.0456
61900 299.62 -225.86 -20958.54 3350.00 54000.00 1.0456
62000 299.62 -225.86 -20958.54 3350.00 54000.00 1.0456
62100 299.62 -225.86 -20958.54 3350.00 54000.00 1.0456
62200 299.62 -225.86 -20958.54 3350.00 54000.00 1.0456
62300 299.62 -225.86 -20958.54 3350.00 54000.00 1.0456
62400 299.62 -225.86 -20958.54 3350.00 54000.00 1.0456
62500 299.62 -225.86 -20958.54 3350.00 54000.00 1.0456
62600 299.62 -225.86 -20958.54 3350.00 54000.00 1.0456
62700 299.62 -225.86 -20958.54 3350.00 54000.00 1.0456
62800 299.62 -225.86 -20958.54 3350.00 54000.00 1.0456
62900 299.62 -225.86 -20958.54 3350.00 54000.00 1.0456
63000 299.62 -225.86 -20958.54 3350.00 54000.00 1.0456
63100 299.62 -225.86 -20958.54 3350.00 54000.00 1.0456
63200 299.62 -225.86 -20958.54 3350.00 54000.00 1.0456
63300 299.62 -225.86 -20958.54 3350.00 54000.00 1.0456
63400 299.62 -225.86 -20958.54 3350.00 54000.00 1.0456
63500 299.62 -225.86 -20958.54 3350.00 54000.00 1.0456
63600 299.62 -225.86 -20958.54 3350.00 54000.00 1.0456
63700 299.62 -225.86 -20958.54 3350.00 54000.00 1.0456
63800 299.62 -225.86 -20958.54 3350.00 54000.00 1.0456
63900 299.62 -225.86 -20958.54 3350.00 54000.00 1.0456
64000 299.62 -225.86 -20958.54 3350.00 54000.00 1.0456
64100 299.62 -225.86 -20958.54 3350.00 54000.00 1.0456
64200 299.62 -225.86 -20958.54 3350.00 54000.00 1.0456
64300 299.62 -225.86 -20958.54 3350.00 54000.00 1.0456
64400 299.62 -225.86 -20958.54 3350.00 54000.00 1.0456
64500 299.62 -225.86 -20958.54 3350.00 54000.00 1.0456
64600 299.62 -225.86 -20958.54 3350.00 54000.00 1.0456
64700 299.62 -225.86 -20958.54 3350.00 54000.00 1.0456
64800 299.62 -225.86 -20958.54 3350.00 54000.00 1.0456
64900 299.62 -225.86 -20958.54 3350.00 54000.00 1.0456
65000 299.62 -225.86 -20958.54 3350.00 54000.00 1.0456
65100 299.62 -225.86 -20958.54 3350.00 54000.00 1.0456
65200 299.62 -225.86 -20958.54 3350.00 54000.00 1.0456
65300 299.62 -225.86 -20958.54 3350.00 54000.00 1.0456
65400 299.62 -225.86 -20958.54 3350.00 54000.00 1.0456
65500 299.62 -225.86 -20958.54 3350.00 54000.00 1.0456
65600 299.62 -225.86 -20958.54 3350.00 54000.00 1.0456
65700 299.62 -225.86 -20958.54 3350.00 54000.00 1.0456
65800 299.62 -225.86 -20958.54 3350.00 54000.00 1.0456
65900 299.62 -225.86 -20958.54 3350.00 54000.00 1.0456
66000 299.62 -225.86 -20958.54 3350.00 54000.00 1.0456
66100 299.62 -225.86 -20958.54 3350.00 54000.00 1.0456
66200 299.62 -225.86 -20958.54 3350.00 54000.00 1.0456
66300 299.62 -225.86 -20958.54 3350.00 54000.00 1.0456
66400 299.62 -225.86 -20958.54 3350.00 54000.00 1.0456
66500 299.62 -225.86 -20958.54 3350.00 54000.00 1.0456
66600 299.62 -225.86 -20958.54 3350.00 54000.00 1.0456
66700 299.62 -225.86 -20958.54 3350.00 54000.00 1.0456
66800 299.62 -225.86 -20958.54 3350.00 54000.00 1.0456
66900 299.62 -225.86 -20958.54 3350.00 54000.00 1.0456
67000 299.62 -225.86 -20958.54 3350.00 54000.00 1.0456
67100 299.62 -225.86 -20958.54 3350.00 54000.00 1.0456
67200 299.62 -225.86 -20958.54 3350.00 54000.00 1.0456
67300 299.62 -225.86 -20958.54 3350.00 54000.00 1.0456
67400 299.62 -225.86 -20958.54 3350.00 54000.00 1.0456
67500 299.62 -225.86 -20958.54 3350.00 54000.00 1.0456
67600 299.62 -225.86 -20958.54 3350.00 54000.00 1.0456
67700 299.62 -225.86 -20958.54 3350.00 54000.00 1.0456
67800 299.62 -225.86 -20958.54 3350.00 54000.00 1.0456
67900 299.62 -225.86 -20958.54 3350.00 54000.00 1.0456
68000 299.62 -225.86 -20958.54 3350.00 54000.00 1.0456
68100 299.62 -225.86 -20958.54 3350.00 54000.00 1.0456
68200 299.62 -225.86 -20958.54 3350.00 54000.00 1.0456
68300 299.62 -225.86 -20958.54 3350.00 54000.00 1.0456
68400 299.62 -225.86 -20958.54 3350.00 54000.00 1.0456
68500 299.62 -225.86 -20958.54 3350.00 54000.00 1.0456
68600 299.62 -225.86 -20958.54 3350.00 54000.00 1.0456
68700 299.62 -225.86 -20958.54 3350.00 54000.00 1.0456
68800 299.62 -225.86 -20958.54 3350.00 54000.00 1.0456
68900 299.62 -225.86 -20958.54 3350.00 54000.00 1.0456
69000 299.62 -225.86 -20958.54 3350.00 54000.00 1.0456
69100 299.62 -225.86 -20958.54 3350.00 54000.00 1.0456
69200 299.62 -225.86 -20958.54 3350.00 54000.00 1.0456
69300 299.62 -225.86 -20958.54 3350.00 54000.00 1.0456
69400 299.62 -225.86 -20958.54 3350.00 54000.00 1.0456
69500 299.62 -225.86 -20958.54 3350.00 54000.00 1.0456
69600 299.62 -225.86 -20958.54 3350.00 54000.00 1.0456
69700 299.62 -225.86 -20958.54 3350.00 54000.00 1.0456
69800 299.62 -225.86 -20958.54 3350.00 54000.00 1.0456
69900 299.62 -225.86 -20958.54 3350.00 54000.00 1.0456
70000 299.62 -225.86 -20958.54 3350.00 54000.00 1.0456
70100 299.62 -225.86 -20958.54 3350.00 54000.00 1.0456
70200 299.62 -225.86 -20958.54 3350.00 54000.00 1.0456
70300 299.62 -225.86 -20958.54 3350.00 54000.00 1.0456
70400 299.62 -225.86 -20958.54 3350.00 54000.00 1.0456
70500 299.62 -225.86 -20958.54 3350.00 54000.00 1.0456
70600 299.62 -225.86 -20958.54 3350.00 54000.00 1.0456
70700 299.62 -225.86 -20958.54 3350.00 54000.00 1.0456
70800 299.62 -225.86 -20958.54 3350.00 54000.00 1.0456
70900 299.62 -225.86 -20958.54 3350.00 54000.00 1.0456
71000 299.62 -225.86 -20958.54 3350.00 54000.00 1.0456
71100 299.62 -225.86 -20958.54 3350.00 54000.00 1.0456
71200 299.62 -225.86 -20958.54 3350.00 54000.00 1.0456
71300 299.62 -225.86 -20958.54 3350.00 54000.00 1.0456
71400 299.62 -225.86 -20958.54 3350.00 54000.00 1.0456
71500 299.62 -225.86 -20958.54 3350.00 54000.00 1.0456
71600 299.62 -225.86 -20958.54 3350.00 54000.00 1.0456
71700 299.62 -225.86 -20958.54 3350.00 54000.00 1.0456
71800 299.62 -225.86 -20958.54 3350.00 54000.00 1.0456
71900 299.62 -225.86 -20958.54 3350.00 54000.00 1.0456
72000 299.62 -225.86 -20958.54 3350.00 54000.00 1.0456
72100 299.62 -225.86 -20958.54 3350.00 54000.00 1.0456
72200 299.62 -225.86 -20958.54 3350.00 54000.00 1.0456
72300 299.62 -225.86 -20958.54 3350.00 54000.00 1.0456
72400 299.62 -225.86 -20958.54 3350.00 54000.00 1.0456
72500 299.62 -225.86 -20958.54 3350.00 54000.00 1.0456
72600 299.62 -225.86 -20958.54 3350.00 54000.00 1.0456
72700 299.62 -225.86 -20958.54 3350.00 54000.00 1.0456
72800 299.62 -225.86 -20958.54 3350.00 54000.00 1.0456
72900 299.62 -225.86 -20958.54 3350.00 54000.00 1.0456
73000 299.62 -225.86 -20958.54 3350.00 54000.00 1.0456
73100 299.62 -225.86 -20958.54 3350.00 54000.00 1.0456
73200 299.62 -225.86 -20958.54 3350.00 54000.00 1.0456
73300 299.62 -225.86 -20958.54 3350.00 54000.00 1.0456
73400 299.62 -225.86 -20958.54 3350.00 54000.00 1.0456
73500 299.62 -225.86 -20958.54 3350.00 54000.00 1.0456
73600 299.62 -225.86 -20958.54 3350.00 54000.00 1.0456
73700 299.62 -225.86 -20958.54 3350.00 54000.00 1.0456
73800 299.62 -225.86 -20958.54 3350.00 54000.00 1.0456
73900 299.62 -225.86 -20958.54 3350.00 54000.00 1.0456
74000 299.62 -225.86 -20958.54 3350.00 54000.00 1.0456
74100 299.62 -225.86 -20958.54 3350.00 54000.00 1.0456
74200 299.62 -225.86 -20958.54 3350.00 54000.00 1.0456
74300 299.62 -225.86 -20958.54 3350.00 54000.00 1.0456
74400 299.62 -225.86 -20958.54 3350.00 54000.00 1.0456
74500 299.62 -225.86 -20958.54 3350.00 54000.00 1.0456
74600 299.62 -225.86 -20958.54 3350.00 54000.00 1.0456
74700 299.62 -225.86 -20958.54 3350.00 54000.00 1.0456
74800 299.62 -225.86 -20958.54 3350.00 54000.00 1.0456
74900 299.62 -225.86 -20958.54 3350.00 54000.00 1.0456
75000 299.62 -225.86 -20958.54 3350.00 54000.00 1.0456
75100 299.62 -225.86 -20958.54 3350.00 54000.00 1.0456
75200 299.62 -225.86 -20958.54 3350.00 54000.00 1.0456
75300 299.62 -225.86 -20958.54 3350.00 54000.00 1.0456
75400 299.62 -225.86 -20958.54 3350.00 54000.00 1.0456
75500 299.62 -225.86 -20958.54 3350.00 54000.00 1.0456
75600 299.62 -225.86 -20958.54 3350.00 54000.00 1.0456
75700 299.62 -225.86 -20958.54 3350.00 54000.00 1.0456
75800 299.62 -225.86 -20958.54 3350.00 54000.00 1.0456
75900 299.62 -225.86 -20958.54 3350.00 54000.00 1.0456
76000 299.62 -225.86 -20958.54 3350.00 54000.00 1.0456
76100 299.62 -225.86 -20958.54 3350.00 54000.00 1.0456
76200 299.62 -225.86 -20958.54 3350.00 54000.00 1.0456
76300 299.62 -225.86 -20958.54 3350.00 54000.00 1.0456
76400 299.62 -225.86 -20958.54 3350.00 54000.00 1.0456
76500 299.62 -225.86 -20958.54 3350.00 54000.00 1.0456
76600 299.62 -225.86 -20958.54 3350.00 54000.00 1.0456
76700 299.62 -225.86 -20958.54 3350.00 54000.00 1.0456
76800 299.62 -225.86 -20958.54 3350.00 54000.00 1.0456
76900 299.62 -225.86 -20958.54 3350.00 54000.00 1.0456
77000 299.62 -225.86 -20958.54 3350.00 54000.00 1.0456
77100 299.62 -225.86 -20958.54 3350.00 54000.00 1.0456
77200 299.62 -225.86 -20958.54 3350.00 54000.00 1.0456
77300 299.62 -225.86 -20958.54 3350.00 54000.00 1.0456
77400 299.62 -225.86 -20958.54 3350.00 54000.00 1.0456
77500 299.62 -225.86 -20958.54 3350.00 54000.00 1.0456
77600 299.62 -225.86 -20958.54 3350.00 54000.00 1.0456
77700 299.62 -225.86 -20958.54 3350.00 54000.00 1.0456
77800 299.62 -225.86 -20958.54 3350.00 54000.00 1.0456
77900 299.62 -225.86 -20958.54 3350.00 54000.00 1.0456
78000 299.62 -225.86 -20958.54 3350.00 54000.00 1.0456
78100 299.62 -225.86 -20958.54 3350.00 54000.00 1.0456
78200 299.62 -225.86 -20958.54 3350.00 54000.00 1.0456
78300 299.62 -225.86 -20958.54 3350.00 54000.00 1.0456
78400 299.62 -225.86 -20958.54 3350.00 54000.00 1.0456
78500 299.62 -225.86 -20958.54 3350.00 54000.00 1.0456
78600 299.62 -225.86 -20958.54 3350.00 54000.00 1.0456
78700 299.62 -225.86 -20958.54 3350.00 54000.00 1.0456
78800 299.62 -225.86 -20958.54 3350.00 54000.00 1.0456
78900 299.62 -225.86 -20958.54 3350.00 54000.00 1.0456
79000 299.62 -225.86 -20958.54 3350.00 54000.00 1.0456
79100 299.62 -225.86 -20958.54 3350.00 54000.00 1.0456
79200 299.62 -225.86 -20958.54 3350.00 54000.00 1.0456
79300 299.62 -225.86 -20958.54 3350.00 54000.00 1.0456
79400 299.62 -225.86 -20958.54 3350.00 54000.00 1.0456
79500 299.62 -225.86 -20958.54 3350.00 54000.00 1.0456
79600 299.62 -225.86 -20958.54 3350.00 54000.00 1.0456
79700 299.62 -225.86 -20958.54 3350.00 54000.00 1.0456
79800 299.62 -225.86 -20958.54 3350.00 54000.00 1.0456
79900 299.62 -225.86 -20958.54 3350.00 54000.00 1.0456
80000 299.62 -225.86 -20958.54 3350.00 54000.00 1.0456
80100 299.62 -225.86 -20958.54 3350.00 54000.00 1.0456
80200 299.62 -225.86 -20958.54 3350.00 54000.00 1.0456
80300 299.62 -225.86 -20958.54 3350.00 54000.00 1.0456
80400 299.62 -225.86 -20958.54 3350.00 54000.00 1.0456
80500 299.62 -225.86 -20958.54 3350.00 54000.00 1.0456
80600 299.62 -225.86 -20958.54 3350.00 54000.00 1.0456
80700 299.62 -225.86 -20958.54 3350.00 54000.00 1.0456
80800 299.62 -225.86 -20958.54 3350.00 54000.00 1.0456
80900 299.62 -225.86 -20958.54 3350.00 54000.00 1.0456
81000 299.62 -225.86 -20958.54 3350.00 54000.00 1.0456
81100 299.62 -225.86 -20958.54 3350.00 54000.00 1.0456
81200 299.62 -225.86 -20958.54 3350.00 54000.00 1.0456
81300 299.62 -225.86 -20958.54 3350.00 54000.00 1.0456
81400 299.62 -225.86 -20958.54 3350.00 54000.00 1.0456
81500 299.62 -225.86 -20958.54 3350.00 54000.00 1.0456
81600 299.62 -225.86 -20958.54 3350.00 54000.00 1.0456
81700 299.62 -225.86 -20958.54 3350.00 54000.00 1.0456
81800 299.62 -225.86 -20958.54 3350.00 54000.00 1.0456
81900 299.62 -225.86 -20958.54 3350.00 54000.00 1.0456
82000 299.62 -225.86 -20958.54 3350.00 54000.00 1.0456
82100 299.62 -225.86 -20958.54 3350.00 54000.00 1.0456
82200 299.62 -225.86 -20958.54 3350.00 54000.00 1.0456
82300 299.62 -225.86 -20958.54 3350.00 54000.00 1.0456
82400 299.62 -225.86 -20958.54 3350.00 54000.00 1.0456
82500 299.62 -225.86 -20958.54 3350.00 54000.00 1.0456
82600 299.62 -225.86 -20958.54 3350.00 54000.00 1.0456
82700 299.62 -225.86 -20958.54 3350.00 54000.00 1.0456
82800 299.62 -225.86 -20958.54 3350.00 54000.00 1.0456
82900 299.62 -225.86 -20958.54 3350.00 54000.00 1.0456
83000 299.62 -225.86 -20958.54 3350.00 54000.00 1.0456
83100 299.62 -225.86 -20958.54 3350.00 54000.00 1.0456
83200 299.62 -225.86 -20958.54 3350.00 54000.00 1.0456
83300 299.62 -225.86 -20958.54 3350.00 54000.00 1.0456
83400 299.62 -225.86 -20958.54 3350.00 54000.00 1.0456
83500 299.62 -225.86 -20958.54 3350.00 54000.00 1.0456
83600 299.62 -225.86 -20958.54 3350.00 54000.00 1.0456
83700 299.62 -225.86 -20958.54 3350.00 54000.00 1.0456
83800 299.62 -225.86 -20958.54 3350.00 54000.00 1.0456
83900 299.62 -225.86 -20958.54 3350.00 54000.00 1.0456
84000 299.62 -225.86 -20958.54 3350.00 54000.00 1.0456
84100 299.62 -225.86 -20958.54 3350.00 54000.00 1.0456
84200 299.62 -225.86 -20958.54 3350.00 54000.00 1.0456
84300 299.62 -225.86 -20958.54 3350.00 54000.00 1.0456
84400 299.62 -225.86 -20958.54 3350.00 54000.00 1.0456
84500 299.62 -225.86 -20958.54 3350.00 54000.00 1.0456
84600 299.62 -225.86 -20958.54 3350.00 54000.00 1.0456
84700 299.62 -225.86 -20958.54 3350.00 54000.00 1.0456
84800 299.62 -225.86 -20958.54 3350.00 54000.00 1.0456
84900 299.62 -225.86 -20958.54 3350.00 54000.00 1.0456
85000 299.62 -225.86 -20958.54 3350.00 54000.00 1.0456
85100 299.62 -225.86 -20958.54 3350.00 54000.00 1.0456
85200 299.62 -225.86 -20958.54 3350.00 54000.00 1.0456
85300 299.62 -225.86 -20958.54 3350.00 54000.00 1.0456
85400 299.62 -225.86 -20958.54 3350.00 54000.00 1.0456
85500 299.62 -225.86 -20958.54 3350.00 54000.00 1.0456
85600 299.62 -225.86 -20958.54 3350.00 54000.00 1.0456
85700 299.62 -225.86 -20958.54 3350.00 54000.00 1.0456
85800 299.62 -225.86 -20958.54 3350.00 54000.00 1.0456
85900 299.62 -225.86 -20958.54 3350.00 54000.00 1.0456
86000 299.62 -225.86 -20958.54 3350.00 54000.00 1.0456
86100 299.62 -225.86 -20958.54 3350.00 54000.00 1.0456
86200 299.62 -225.86 -20958.54 3350.00 54000.00 1.0456
86300 299.62 -225.86 -20958.54 3350.00 54000.00 1.0456
86400 299.62 -225.86 -20958.54 3350.00 54000.00 1.0456
86500 299.62 -225.86 -20958.54 3350.00 54000.00 1.0456
86600 299.62 -225.86 -20958.54 3350.00 54000.00 1.0456
86700 299.62 -225.86 -20958.54 3350.00 54000.00 1.0456
86800 299.62 -225.86 -20958.54 3350.00 54000.00 1.0456
86900 299.62 -225.86 -20958.54 3350.00 54000.00 1.0456
87000 299.62 -225.86 -20958.54 3350.00 54000.00 1.0456
87100 299.62 -225.86 -20958.54 3350.00 54000.00 1.0456
87200 299.62 -225.86 -20958.54 3350.00 54000.00 1.0456
87300 299.62 -225.86 -20958.54 3350.00 54000.00 1.0456
87400 299.62 -225.86 -20958.54 3350.00 54000.00 1.0456
87500 299.62 -225.86 -20958.54 3350.00 54000.00 1.0456
87600 299.62 -225.86 -20958.54 3350.00 54000.00 1.0456
87700 299.62 -225.86 -20958.54 3350.00 54000.00 1.0456
87800 299.62 -225.86 -20958.54 3350.00 54000.00 1.0456
87900 299.62 -225.86 -20958.54 3350.00 54000.00 1.0456
88000 299.62 -225.86 -20958.54 3350.00 54000.00 1.0456
88100 299.62 -225.86 -20958.54 3350.00 54000.00 1.0456
88200 299.62 -225.86 -20958.54 3350.00 54000.00 1.0456
88300 299.62 -225.86 -20958.54 3350.00 54000.00 1.0456
88400 299.62 -225.86 -20958.54 3350.00 54000.00 1.0456
88500 299.62 -225.86 -20958.54 3350.00 54000.00 1.0456
88600 299.62 -225.86 -20958.54 3350.00 54000.00 1.0456
88700 299.62 -225.86 -20958.54 3350.00 54000.00 1.0456
88800 299.62 -225.86 -20958.54 3350.00 54000.00 1.0456
88900 299.62 -225.86 -20958.54 3350.00 54000.00 1.0456
89000 299.62 -225.86 -20958.54 3350.00 54000.00 1.0456
89100 299.62 -225.86 -20958.54 3350.00 54000.00 1.0456
89200 299.62 -225.86 -20958.54 3350.00 54000.00 1.0456
89300 299.62 -225.86 -20958.54 3350.00 54000.00 1.0456
89400 299.62 -225.86 -20958.54 3350.00 54000.00 1.0456
89500 299.62 -225.86 -20958.54 3350.00 54000.00 1.0456
89600 299.62 -225.86 -20958.54 3350.00 54000.00 1.0456
89700 299.62 -225.86 -20958.54 3350.00 54000.00 1.0456
89800 299.62 -225.86 -20958.54 3350.00 54000.00 1.0456
89900 299.62 -225.86 -20958.54 3350.00 54000.00 1.0456
90000 299.62 -225.86 -20958.54 3350.00 54000.00 1.0456
90100 299.62 -225.86 -20958.54 3350.00 54000.00 1.0456
90200 299.62 -225.86 -20958.54 3350.00 54000.00 1.0456
90300 299.62 -225.86 -20958.54 3350.00 54000.00 1.0456
90400 299.62 -225.86 -20958.54 3350.00 54000.00 1.0456
90500 299.62 -225.86 -20958.54 3350.00 54000.00 1.0456
90600 299.62 -225.86 -20958.54 3350.00 54000.00 1.0456
90700 299.62 -225.86 -20958.54 3350.00 54000.00 1.0456
90800 299.62 -225.86 -20958.54 3350.00 54000.00 1.0456
90900 299.62 -225.86 -20958.54 3350.00 54000.00 1.0456
91000 299.62 -225.86 -20958.54 3350.00 54000.00 1.0456
91100 299.62 -225.86 -20958.54 3350.00 54000.00 1.0456
91200 299.62 -225.86 -20958.54 3350.00 54000.00 1.0456
91300 299.62 -225.86 -20958.54 3350.00 54000.00 1.0456
91400 299.62 -225.86 -20958.54 3350.00 54000.00 1.0456
91500 299.62 -225.86 -20958.54 3350.00 54000.00 1.0456
91600 299.62 -225.86 -20958.54 3350.00 54000.00 1.0456
91700 299.62 -225.86 -20958.54 3350.00 54000.00 1.0456
91800 299.62 -225.86 -20958.54 3350.00 54000.00 1.0456
91900 299.62 -225.86 -20958.54 3350.00 54000.00 1.0456
92000 299.62 -225.86 -20958.54 3350.00 54000.00 1.0456
92100 299.62 -225.86 -20958.54 3350.00 54000.00 1.0456
92200 299.62 -225.86 -20958.54 3350.00 54000.00 1.0456
92300 299.62 -225.86 -20958.54 3350.00 54000.00 1.0456
92400 299.62 -225.86 -20958.54 3350.00 54000.00 1.0456
92500 299.62 -225.86 -20958.54 3350.00 54000.00 1.0456
92600 299.62 -225.86 -20958.54 3350.00 54000.00 1.0456
92700 299.62 -225.86 -20958.54 3350.00 54000.00 1.0456
92800 299.62 -225.86 -20958.54 3350.00 54000.00 1.0456
92900 299.62 -225.86 -20958.54 3350.00 54000.00 1.0456
93000 299.62 -225.86 -20958.54 3350.00 54000.00 1.0456
93100 299.62 -225.86 -20958.54 3350.00 54000.00 1.0456
93200 299.62 -225.86 -20958.54 3350.00 54000.00 1.0456
93300 299.62 -225.86 -20958.54 3350.00 54000.00 1.0456
93400 299.62 -225.86 -20958.54 3350.00 54000.00 1.0456
93500 299.62 -225.86 -20958.54 3350.00 54000.00 1.0456
93600 299.62 -225.86 -20958.54 3350.00 54000.00 1.0456
93700 299.62 -225.86 -20958.54 3350.00 54000.00 1.0456
93800 299.62 -225.86 -20958.54 3350.00 54000.00 1.0456
93900 299.62 -225.86 -20958.54 3350.00 54000.00 1.0456
94000 299.62 -225.86 -20958.54 3350.00 54000.00 1.0456
94100 299.62 -225.86 -20958.54 3350.00 54000.00 1.0456
94200 299.62 -225.86 -20958.54 3350.00 54000.00 1.0456
94300 299.62 -225.86 -20958.54 3350.00 54000.00 1.0456
94400 299.62 -225.86 -20958.54 3350.00 54000.00 1.0456
94500 299.62 -225.86 -20958.54 3350.00 54000.00 1.0456
94600 299.62 -225.86 -20958.54 3350.00 54000.00 1.0456
94700 299.62 -225.86 -20958.54 3350.00 54000.00 1.0456
94800 299.62 -225.86 -20958.54 3350.00 54000.00 1.0456
94900 299.62 -225.86 -20958.54 3350.00 54000.00 1.0456
95000 299.62 -225.86 -20958.54 3350.00 54000.00 1.0456
95100 299.62 -225.86 -20958.54 3350.00 54000.00 1.0456
95200 299.62 -225.86 -20958.54 3350.00 54000.00 1.0456
95300 299.62 -225.86 -20958.54 3350.00 54000.00 1.0456
95400 299.62 -225.86 -20958.54 3350.00 54000.00 1.0456
95500 299.62 -225.86 -20958.54 3350.00 54000.00 1.0456
95600 299.62 -225.86 -20958.54 3350.00 54000.00 1.0456
95700 299.62 -225.86 -20958.54 3350.00 54000.00 1.0456
95800 299.62 -225.86 -20958.54 3350.00 54000.00 1.0456
95900 299.62 -225.86 -20958.54 3350.00 54000.00 1.0456
96000 299.62 -225.86 -20958.54 3350.00 54000.00 1.0456
96100 299.62 -225.86 -20958.54 3350.00 54000.00 1.0456
96200 299.62 -225.86 -20958.54 3350.00 54000.00 1.0456
96300 299.62 -225.86 -20958.54 3350.00 54000.00 1.0456
96400 299.62 -225.86 -20958.54 3350.00 54000.00 1.0456
96500 299.62 -225.86 -20958.54 3350.00 54000.00 1.0456
96600 299.62 -225.86 -20958.54 3350.00 54000.00 1.0456
96700 299.62 -225.86 -20958.54 3350.00 54000.00 1.0456
96800 299.62 -225.86 -20958.54 3350.00 54000.00 1.0456
96900 299.62 -225.86 -20958.54 3350.00 54000.00 1.0456
97000 299.62 -225.86 -20958.54 3350.00 54000.00 1.0456
97100 299.62 -225.86 -20958.54 3350.00 54000.00 1.0456
97200 299.62 -225.86 -20958.54 3350.00 54000.00 1.0456
97300 299.62 -225.86 -20958.54 3350.00 54000.00 1.0456
97400 299.62 -225.86 -20958.54 3350.00 54000.00 1.0456
97500 299.62 -225.86 -20958.54 3350.00 54000.00 1.0456
97600 299.62 -225.86 -20958.54 3350.00 54000.00 1.0456
97700 299.62 -225.86 -20958.54 3350.00 54000.00 1.0456
97800 299.62 -225.86 -20958.54 3350.00 54000.00 1.0456
97900 299.62 -225.86 -20958.54 3350.00 54000.00 1.0456
98000 299.62 -225.86 -20958.54 3350.00 54000.00 1.0456
98100 299.62 -225.86 -20958.54 3350.00 54000.00 1.0456
98200 299.62 -225.86 -20958.54 3350.00 54000.00 1.0456
98300 299.62 -225.86 -20958.54 3350.00 54000.00 1.0456
98400 299.62 -225.86 -20958.54 3350.00 54000.00 1.0456
98500 299.62 -225.86 -20958.54 3350.00 54000.00 1.0456
98600 299.62 -225.86 -20958.54 3350.00 54000.00 1.0456
98700 299.62 -225.86 -20958.54 3350.00 54000.00 1.0456
98800 299.62 -225.86 -20958.54 3350.00 54000.00 1.0456
98900 299.62 -225.86 -20958.54 3350.00 54000.00 1.0456
99000 299.62 -225.86 -20958.54 3350.00 54000.00 1.0456
99100 299.62 -225.86 -20958.54 3350.00 54000.00 1.0456
99200 299.62 -225.86 -20958.54 3350.00 54000.00 1.0456
99300 299.62 -225.86 -20958.54 3350.00 54000.00 1.0456
99400 299.62 -225.86 -20958.54 3350.00 54000.00 1.0456
99500 299.62 -225.86 -20958.54 3350.00 54000.00 1.0456
99600 299.62 -225.86 -20958.54 3350.00 54000.00 1.0456
99700 299.62 -225.86 -20958.54 3350.00 54000.00 1.0456
99800 299.62 -225.86 -20958.54 3350.00 54000.00 1.0456
99900 299.62 -225.86 -20958.54 3350.00 54000.00 1.0456
