# Time-averaged data for fix thermo_detailed
# TimeStep v_temp v_press v_pe v_ke v_vol v_dens
600100 298.071930 -32.460381 -21074.753906 3334.614014 54566.757812 1.045477
600200 298.701416 -85.055756 -21014.955078 3341.656250 54547.507812 1.045846
600300 298.999207 -105.524994 -20976.994141 3344.987549 54572.593750 1.045365
600400 299.220551 -114.626106 -20943.583984 3347.463623 54593.437500 1.044966
600500 299.385773 -117.282867 -20915.429688 3349.312256 54612.539062 1.044601
600600 299.504211 -116.709518 -20893.214844 3350.637207 54627.675781 1.044311
600700 299.585968 -114.759842 -20876.349609 3351.551758 54638.832031 1.044098
600800 299.641144 -112.453072 -20863.841797 3352.168945 54646.796875 1.043946
600900 299.677856 -110.288666 -20854.701172 3352.579834 54652.406250 1.043839
601000 299.702087 -108.461159 -20848.093750 3352.851074 54656.355469 1.043763
601100 299.718140 -107.011070 -20843.369141 3353.030273 54659.156250 1.043710
601200 299.728790 -105.907249 -20840.013672 3353.149658 54661.128906 1.043672
601300 299.735962 -105.093788 -20837.646484 3353.229980 54662.523438 1.043645
601400 299.740845 -104.497719 -20835.994141 3353.284424 54663.484375 1.043627
601500 299.744202 -104.078918 -20834.843750 3353.322021 54664.156250 1.043614
601600 299.746582 -103.786667 -20834.056641 3353.348877 54664.609375 1.043606
601700 299.748291 -103.587135 -20833.521484 3353.367920 54664.902344 1.043600
601800 299.749542 -103.450027 -20833.166016 3353.381836 54665.070312 1.043597
601900 299.750427 -103.361214 -20832.937500 3353.391602 54665.164062 1.043595
602000 299.751099 -103.300323 -20832.785156 3353.399170 54665.203125 1.043594
602100 299.751587 -103.266754 -20832.701172 3353.404541 54665.195312 1.043594
602200 299.751984 -103.243546 -20832.650391 3353.409180 54665.175781 1.043595
602300 299.752258 -103.232239 -20832.634766 3353.412109 54665.121094 1.043596
602400 299.752502 -103.228622 -20832.636719 3353.414795 54665.058594 1.043597
602500 299.752686 -103.229439 -20832.648438 3353.416748 54664.996094 1.043598
602600 299.752808 -103.232811 -20832.669922 3353.418457 54664.917969 1.043600
602700 299.752930 -103.238594 -20832.695312 3353.419678 54664.847656 1.043601
602800 299.752991 -103.242699 -20832.724609 3353.420410 54664.773438 1.043602
602900 299.753082 -103.253639 -20832.757812 3353.421387 54664.695312 1.043604
603000 299.753143 -103.258324 -20832.791016 3353.422119 54664.632812 1.043605
603100 299.753174 -103.266800 -20832.822266 3353.422363 54664.566406 1.043606
603200 299.753174 -103.273933 -20832.851562 3353.422363 54664.503906 1.043608
603300 299.753174 -103.286247 -20832.886719 3353.422363 54664.441406 1.043609
603400 299.753174 -103.297195 -20832.919922 3353.422363 54664.386719 1.043610
603500 299.753174 -103.305573 -20832.947266 3353.422363 54664.339844 1.043611
603600 299.753174 -103.316719 -20832.978516 3353.422363 54664.289062 1.043612
603700 299.753174 -103.326408 -20833.001953 3353.422363 54664.242188 1.043613
603800 299.753143 -103.333359 -20833.027344 3353.422119 54664.199219 1.043613
603900 299.753174 -103.341011 -20833.046875 3353.422363 54664.152344 1.043614
604000 299.753143 -103.347023 -20833.070312 3353.422119 54664.117188 1.043615
604100 299.753113 -103.356888 -20833.093750 3353.421631 54664.085938 1.043616
604200 299.753052 -103.365501 -20833.117188 3353.421143 54664.054688 1.043616
604300 299.753021 -103.376671 -20833.132812 3353.420654 54664.027344 1.043617
604400 299.752991 -103.387283 -20833.152344 3353.420410 54663.996094 1.043617
604500 299.752960 -103.396278 -20833.169922 3353.420166 54663.980469 1.043618
604600 299.752960 -103.406654 -20833.187500 3353.420166 54663.957031 1.043618
604700 299.752930 -103.415115 -20833.203125 3353.419678 54663.941406 1.043618
604800 299.752869 -103.427322 -20833.220703 3353.419189 54663.917969 1.043619
604900 299.752838 -103.441528 -20833.238281 3353.418701 54663.898438 1.043619
605000 299.752808 -103.452881 -20833.257812 3353.418457 54663.882812 1.043619
605100 299.752747 -103.462364 -20833.269531 3353.417725 54663.867188 1.043620
605200 299.752686 -103.471207 -20833.287109 3353.416748 54663.851562 1.043620
605300 299.752594 -103.479675 -20833.300781 3353.415771 54663.839844 1.043620
605400 299.752533 -103.489380 -20833.308594 3353.415039 54663.832031 1.043620
605500 299.752472 -103.503479 -20833.318359 3353.414551 54663.816406 1.043621
605600 299.752411 -103.512108 -20833.333984 3353.413818 54663.808594 1.043621
605700 299.752350 -103.525719 -20833.349609 3353.413086 54663.800781 1.043621
605800 299.752289 -103.537712 -20833.365234 3353.412598 54663.789062 1.043621
605900 299.752258 -103.551819 -20833.378906 3353.412109 54663.777344 1.043621
606000 299.752197 -103.565598 -20833.386719 3353.411621 54663.777344 1.043621
606100 299.752167 -103.577034 -20833.394531 3353.411133 54663.773438 1.043622
606200 299.752136 -103.587219 -20833.406250 3353.410889 54663.773438 1.043622
606300 299.752045 -103.599884 -20833.416016 3353.409912 54663.773438 1.043622
606400 299.752014 -103.610397 -20833.425781 3353.409424 54663.773438 1.043622
606500 299.751953 -103.621429 -20833.437500 3353.408936 54663.773438 1.043622
606600 299.751892 -103.634201 -20833.449219 3353.408203 54663.773438 1.043622
606700 299.751831 -103.645523 -20833.460938 3353.407227 54663.773438 1.043622
606800 299.751770 -103.658615 -20833.466797 3353.406494 54663.769531 1.043622
606900 299.751678 -103.666718 -20833.474609 3353.405518 54663.769531 1.043622
607000 299.751617 -103.678970 -20833.484375 3353.404785 54663.769531 1.043622
607100 299.751556 -103.689651 -20833.496094 3353.404297 54663.769531 1.043622
607200 299.751495 -103.702698 -20833.507812 3353.403564 54663.773438 1.043622
607300 299.751434 -103.712868 -20833.517578 3353.402832 54663.773438 1.043622
607400 299.751373 -103.725365 -20833.523438 3353.402344 54663.773438 1.043622
607500 299.751282 -103.738861 -20833.535156 3353.401367 54663.773438 1.043622
607600 299.751221 -103.749451 -20833.542969 3353.400635 54663.773438 1.043622
607700 299.751190 -103.759224 -20833.550781 3353.400391 54663.773438 1.043622
607800 299.751160 -103.770325 -20833.558594 3353.399902 54663.777344 1.043621
607900 299.751099 -103.780876 -20833.564453 3353.399170 54663.785156 1.043621
608000 299.751038 -103.788567 -20833.570312 3353.398682 54663.789062 1.043621
608100 299.750946 -103.800926 -20833.578125 3353.397705 54663.785156 1.043621
608200 299.750885 -103.812393 -20833.583984 3353.396729 54663.785156 1.043621
608300 299.750824 -103.825165 -20833.595703 3353.395996 54663.789062 1.043621
608400 299.750763 -103.835052 -20833.599609 3353.395264 54663.800781 1.043621
608500 299.750702 -103.848259 -20833.609375 3353.394775 54663.800781 1.043621
608600 299.750641 -103.858925 -20833.615234 3353.394043 54663.800781 1.043621
608700 299.750549 -103.866547 -20833.623047 3353.393066 54663.800781 1.043621
608800 299.750488 -103.878258 -20833.628906 3353.392334 54663.804688 1.043621
608900 299.750458 -103.890167 -20833.636719 3353.392090 54663.804688 1.043621
609000 299.750427 -103.905159 -20833.642578 3353.391602 54663.808594 1.043621
609100 299.750366 -103.913658 -20833.648438 3353.391113 54663.816406 1.043621
609200 299.750275 -103.924042 -20833.654297 3353.390137 54663.820312 1.043621
609300 299.750244 -103.934990 -20833.660156 3353.389648 54663.832031 1.043620
609400 299.750183 -103.943588 -20833.666016 3353.389160 54663.835938 1.043620
609500 299.750122 -103.953224 -20833.671875 3353.388428 54663.839844 1.043620
609600 299.750061 -103.962616 -20833.677734 3353.387695 54663.839844 1.043620
609700 299.750000 -103.972527 -20833.685547 3353.386719 54663.839844 1.043620
609800 299.749939 -103.981155 -20833.689453 3353.385986 54663.847656 1.043620
609900 299.749878 -103.991295 -20833.699219 3353.385498 54663.839844 1.043620
610000 299.749817 -104.001907 -20833.703125 3353.384766 54663.847656 1.043620
610100 299.749786 -104.013313 -20833.708984 3353.384521 54663.851562 1.043620
610200 299.749725 -104.021568 -20833.712891 3353.383789 54663.863281 1.043620
610300 299.749664 -104.031288 -20833.718750 3353.383057 54663.863281 1.043620
610400 299.749603 -104.040077 -20833.726562 3353.382324 54663.871094 1.043620
610500 299.749542 -104.052254 -20833.734375 3353.381836 54663.878906 1.043620
610600 299.749512 -104.059456 -20833.736328 3353.381348 54663.878906 1.043620
610700 299.749451 -104.068916 -20833.742188 3353.380859 54663.882812 1.043619
610800 299.749390 -104.074890 -20833.746094 3353.380127 54663.882812 1.043619
610900 299.749329 -104.082848 -20833.755859 3353.379395 54663.878906 1.043620
611000 299.749268 -104.093956 -20833.757812 3353.378906 54663.882812 1.043619
611100 299.749207 -104.107529 -20833.763672 3353.378174 54663.882812 1.043619
611200 299.749207 -104.115631 -20833.763672 3353.378174 54663.894531 1.043619
611300 299.749146 -104.123390 -20833.771484 3353.377441 54663.898438 1.043619
611400 299.749115 -104.132111 -20833.775391 3353.376709 54663.902344 1.043619
611500 299.749054 -104.138107 -20833.783203 3353.376221 54663.917969 1.043619
611600 299.749023 -104.144356 -20833.791016 3353.375732 54663.917969 1.043619
611700 299.748932 -104.150261 -20833.792969 3353.374756 54663.925781 1.043619
611800 299.748871 -104.158478 -20833.798828 3353.374268 54663.925781 1.043619
611900 299.748840 -104.168251 -20833.800781 3353.373779 54663.929688 1.043619
612000 299.748810 -104.177338 -20833.800781 3353.373535 54663.929688 1.043619
612100 299.748749 -104.186058 -20833.806641 3353.372803 54663.929688 1.043619
612200 299.748688 -104.191483 -20833.810547 3353.372314 54663.929688 1.043619
612300 299.748627 -104.199013 -20833.818359 3353.371582 54663.929688 1.043619
612400 299.748535 -104.208122 -20833.826172 3353.370605 54663.929688 1.043619
612500 299.748505 -104.218132 -20833.833984 3353.370117 54663.929688 1.043619
612600 299.748444 -104.224426 -20833.833984 3353.369629 54663.933594 1.043618
612700 299.748413 -104.229660 -20833.839844 3353.369141 54663.941406 1.043618
612800 299.748383 -104.238022 -20833.847656 3353.368896 54663.949219 1.043618
612900 299.748322 -104.246445 -20833.855469 3353.368164 54663.957031 1.043618
613000 299.748291 -104.257034 -20833.861328 3353.367920 54663.957031 1.043618
613100 299.748230 -104.266556 -20833.865234 3353.367188 54663.957031 1.043618
613200 299.748199 -104.272903 -20833.867188 3353.366699 54663.960938 1.043618
613300 299.748169 -104.279701 -20833.869141 3353.366211 54663.964844 1.043618
613400 299.748138 -104.286057 -20833.871094 3353.365967 54663.972656 1.043618
613500 299.748108 -104.291580 -20833.873047 3353.365479 54663.980469 1.043618
613600 299.748047 -104.299126 -20833.878906 3353.364990 54663.980469 1.043618
613700 299.748016 -104.306908 -20833.880859 3353.364502 54663.980469 1.043618
613800 299.747955 -104.313606 -20833.884766 3353.364014 54663.988281 1.043617
613900 299.747925 -104.318932 -20833.888672 3353.363525 54663.980469 1.043618
614000 299.747864 -104.324432 -20833.892578 3353.363037 54663.980469 1.043618
614100 299.747803 -104.330246 -20833.894531 3353.362305 54663.988281 1.043617
614200 299.747772 -104.339195 -20833.900391 3353.362061 54663.988281 1.043617
614300 299.747711 -104.343102 -20833.902344 3353.361328 54663.988281 1.043617
614400 299.747681 -104.348900 -20833.902344 3353.361084 54663.988281 1.043617
614500 299.747681 -104.354408 -20833.906250 3353.361084 54663.992188 1.043617
614600 299.747620 -104.358994 -20833.908203 3353.360352 54663.996094 1.043617
614700 299.747589 -104.367912 -20833.914062 3353.360107 54663.996094 1.043617
614800 299.747559 -104.372765 -20833.916016 3353.359619 54664.003906 1.043617
614900 299.747498 -104.379913 -20833.919922 3353.358887 54664.011719 1.043617
615000 299.747467 -104.385307 -20833.919922 3353.358643 54664.019531 1.043617
615100 299.747467 -104.390190 -20833.923828 3353.358643 54664.019531 1.043617
615200 299.747406 -104.396484 -20833.927734 3353.357910 54664.019531 1.043617
615300 299.747345 -104.403458 -20833.935547 3353.357422 54664.023438 1.043617
615400 299.747314 -104.409462 -20833.939453 3353.356689 54664.023438 1.043617
615500 299.747284 -104.414703 -20833.941406 3353.356445 54664.023438 1.043617
615600 299.747223 -104.422119 -20833.943359 3353.355713 54664.027344 1.043617
615700 299.747192 -104.430672 -20833.947266 3353.355469 54664.035156 1.043617
615800 299.747162 -104.437958 -20833.951172 3353.354980 54664.035156 1.043617
615900 299.747131 -104.439240 -20833.953125 3353.354736 54664.035156 1.043617
616000 299.747131 -104.442009 -20833.953125 3353.354736 54664.042969 1.043616
616100 299.747070 -104.445305 -20833.957031 3353.354004 54664.042969 1.043616
616200 299.747009 -104.449379 -20833.960938 3353.353271 54664.042969 1.043616
616300 299.746979 -104.455933 -20833.962891 3353.353027 54664.050781 1.043616
616400 299.746948 -104.461563 -20833.962891 3353.352783 54664.050781 1.043616
616500 299.746918 -104.466202 -20833.964844 3353.352295 54664.054688 1.043616
616600 299.746887 -104.473366 -20833.964844 3353.352051 54664.054688 1.043616
616700 299.746857 -104.480415 -20833.968750 3353.351807 54664.058594 1.043616
616800 299.746826 -104.485115 -20833.970703 3353.351318 54664.058594 1.043616
616900 299.746796 -104.487289 -20833.974609 3353.351074 54664.058594 1.043616
617000 299.746735 -104.490807 -20833.976562 3353.350342 54664.058594 1.043616
617100 299.746704 -104.493195 -20833.976562 3353.350098 54664.058594 1.043616
617200 299.746674 -104.502663 -20833.980469 3353.349854 54664.058594 1.043616
617300 299.746643 -104.509483 -20833.984375 3353.349365 54664.062500 1.043616
617400 299.746582 -104.513290 -20833.988281 3353.348877 54664.062500 1.043616
617500 299.746552 -104.519165 -20833.990234 3353.348389 54664.062500 1.043616
617600 299.746552 -104.525185 -20833.992188 3353.348389 54664.074219 1.043616
617700 299.746521 -104.531349 -20833.996094 3353.348145 54664.062500 1.043616
617800 299.746490 -104.536636 -20834.000000 3353.347656 54664.062500 1.043616
617900 299.746460 -104.540382 -20834.001953 3353.347412 54664.062500 1.043616
618000 299.746460 -104.545555 -20834.001953 3353.347412 54664.074219 1.043616
618100 299.746429 -104.551369 -20834.007812 3353.347168 54664.078125 1.043616
618200 299.746368 -104.555244 -20834.011719 3353.346191 54664.085938 1.043616
618300 299.746338 -104.559883 -20834.015625 3353.345703 54664.085938 1.043616
618400 299.746307 -104.563393 -20834.017578 3353.345459 54664.078125 1.043616
618500 299.746277 -104.565948 -20834.017578 3353.345215 54664.085938 1.043616
618600 299.746246 -104.569519 -20834.021484 3353.344727 54664.085938 1.043616
618700 299.746246 -104.571358 -20834.023438 3353.344727 54664.085938 1.043616
618800 299.746185 -104.575424 -20834.027344 3353.344238 54664.085938 1.043616
618900 299.746155 -104.579475 -20834.025391 3353.343750 54664.085938 1.043616
619000 299.746124 -104.582596 -20834.029297 3353.343506 54664.089844 1.043615
619100 299.746094 -104.590073 -20834.031250 3353.343262 54664.089844 1.043615
619200 299.746063 -104.594131 -20834.031250 3353.342773 54664.093750 1.043615
619300 299.746063 -104.598923 -20834.031250 3353.342773 54664.093750 1.043615
619400 299.746033 -104.604019 -20834.033203 3353.342529 54664.105469 1.043615
619500 299.746002 -104.606682 -20834.033203 3353.342041 54664.105469 1.043615
619600 299.745972 -104.605827 -20834.033203 3353.341797 54664.105469 1.043615
619700 299.745941 -104.611603 -20834.041016 3353.341553 54664.105469 1.043615
619800 299.745911 -104.613937 -20834.042969 3353.341064 54664.109375 1.043615
619900 299.745880 -104.616638 -20834.046875 3353.340820 54664.117188 1.043615
620000 299.745850 -104.620895 -20834.048828 3353.340576 54664.121094 1.043615
620100 299.745819 -104.625671 -20834.052734 3353.340088 54664.125000 1.043615
620200 299.745819 -104.630798 -20834.054688 3353.340088 54664.125000 1.043615
620300 299.745789 -104.635841 -20834.058594 3353.339844 54664.125000 1.043615
620400 299.745789 -104.641060 -20834.056641 3353.339844 54664.136719 1.043615
620500 299.745758 -104.644699 -20834.056641 3353.339600 54664.136719 1.043615
620600 299.745728 -104.647896 -20834.058594 3353.339111 54664.136719 1.043615
620700 299.745728 -104.648628 -20834.058594 3353.339111 54664.136719 1.043615
620800 299.745667 -104.650711 -20834.056641 3353.338623 54664.136719 1.043615
620900 299.745667 -104.652199 -20834.058594 3353.338623 54664.136719 1.043615
621000 299.745636 -104.655014 -20834.062500 3353.338135 54664.140625 1.043615
621100 299.745605 -104.660034 -20834.064453 3353.337891 54664.136719 1.043615
621200 299.745575 -104.663742 -20834.066406 3353.337646 54664.136719 1.043615
621300 299.745544 -104.666100 -20834.066406 3353.337158 54664.140625 1.043615
621400 299.745514 -104.668045 -20834.070312 3353.336914 54664.148438 1.043614
621500 299.745483 -104.673553 -20834.072266 3353.336182 54664.140625 1.043615
621600 299.745483 -104.677498 -20834.076172 3353.336182 54664.148438 1.043614
621700 299.745453 -104.681450 -20834.076172 3353.335938 54664.148438 1.043614
621800 299.745392 -104.682373 -20834.074219 3353.335205 54664.148438 1.043614
621900 299.745392 -104.687538 -20834.074219 3353.335205 54664.148438 1.043614
622000 299.745392 -104.691025 -20834.078125 3353.335205 54664.152344 1.043614
622100 299.745392 -104.694069 -20834.074219 3353.335205 54664.152344 1.043614
622200 299.745331 -104.696358 -20834.074219 3353.334473 54664.152344 1.043614
622300 299.745331 -104.700317 -20834.078125 3353.334473 54664.152344 1.043614
622400 299.745300 -104.702194 -20834.083984 3353.334229 54664.152344 1.043614
622500 299.745270 -104.704140 -20834.087891 3353.333984 54664.152344 1.043614
622600 299.745270 -104.705696 -20834.089844 3353.333984 54664.152344 1.043614
622700 299.745239 -104.709038 -20834.093750 3353.333496 54664.152344 1.043614
622800 299.745209 -104.712097 -20834.097656 3353.333252 54664.148438 1.043614
622900 299.745209 -104.717461 -20834.099609 3353.333252 54664.148438 1.043614
623000 299.745209 -104.720894 -20834.101562 3353.333252 54664.148438 1.043614
623100 299.745178 -104.724991 -20834.107422 3353.333008 54664.148438 1.043614
623200 299.745178 -104.726639 -20834.109375 3353.333008 54664.148438 1.043614
623300 299.745178 -104.728668 -20834.111328 3353.333008 54664.152344 1.043614
623400 299.745148 -104.729980 -20834.115234 3353.332520 54664.152344 1.043614
623500 299.745117 -104.733528 -20834.117188 3353.332275 54664.156250 1.043614
623600 299.745087 -104.737991 -20834.119141 3353.332031 54664.156250 1.043614
623700 299.745056 -104.741661 -20834.121094 3353.331543 54664.156250 1.043614
623800 299.745026 -104.742844 -20834.119141 3353.331299 54664.156250 1.043614
623900 299.745026 -104.742683 -20834.117188 3353.331299 54664.156250 1.043614
624000 299.745026 -104.745064 -20834.119141 3353.331299 54664.167969 1.043614
624100 299.744995 -104.746483 -20834.119141 3353.330811 54664.167969 1.043614
624200 299.744965 -104.752777 -20834.117188 3353.330566 54664.167969 1.043614
624300 299.744965 -104.754311 -20834.115234 3353.330566 54664.167969 1.043614
624400 299.744934 -104.759964 -20834.117188 3353.330322 54664.167969 1.043614
624500 299.744934 -104.763702 -20834.121094 3353.330322 54664.171875 1.043614
624600 299.744934 -104.765671 -20834.121094 3353.330322 54664.171875 1.043614
624700 299.744934 -104.766632 -20834.121094 3353.330322 54664.179688 1.043614
624800 299.744904 -104.765228 -20834.121094 3353.329834 54664.179688 1.043614
624900 299.744873 -104.764275 -20834.119141 3353.329590 54664.179688 1.043614
625000 299.744843 -104.766991 -20834.119141 3353.329346 54664.183594 1.043614
625100 299.744812 -104.768303 -20834.121094 3353.328857 54664.183594 1.043614
625200 299.744812 -104.769241 -20834.123047 3353.328857 54664.183594 1.043614
625300 299.744812 -104.770790 -20834.126953 3353.328857 54664.183594 1.043614
625400 299.744812 -104.770882 -20834.126953 3353.328857 54664.183594 1.043614
625500 299.744781 -104.772507 -20834.128906 3353.328613 54664.183594 1.043614
625600 299.744751 -104.776512 -20834.126953 3353.328369 54664.183594 1.043614
625700 299.744720 -104.781776 -20834.126953 3353.327881 54664.195312 1.043614
625800 299.744720 -104.783813 -20834.123047 3353.327881 54664.195312 1.043614
625900 299.744720 -104.786400 -20834.121094 3353.327881 54664.199219 1.043613
626000 299.744720 -104.788513 -20834.123047 3353.327881 54664.199219 1.043613
626100 299.744720 -104.791275 -20834.126953 3353.327881 54664.199219 1.043613
626200 299.744690 -104.793274 -20834.126953 3353.327637 54664.199219 1.043613
626300 299.744659 -104.795631 -20834.126953 3353.327393 54664.199219 1.043613
626400 299.744629 -104.797089 -20834.128906 3353.326904 54664.199219 1.043613
626500 299.744598 -104.797417 -20834.130859 3353.326416 54664.203125 1.043613
626600 299.744598 -104.803291 -20834.134766 3353.326416 54664.203125 1.043613
626700 299.744598 -104.807114 -20834.134766 3353.326416 54664.210938 1.043613
626800 299.744598 -104.807388 -20834.132812 3353.326416 54664.210938 1.043613
626900 299.744568 -104.809914 -20834.132812 3353.325928 54664.210938 1.043613
627000 299.744537 -104.812225 -20834.132812 3353.325684 54664.210938 1.043613
627100 299.744537 -104.812607 -20834.136719 3353.325684 54664.203125 1.043613
627200 299.744507 -104.813919 -20834.136719 3353.325195 54664.203125 1.043613
627300 299.744507 -104.816048 -20834.140625 3353.325195 54664.203125 1.043613
627400 299.744507 -104.818146 -20834.142578 3353.325195 54664.203125 1.043613
627500 299.744476 -104.820274 -20834.146484 3353.324951 54664.203125 1.043613
627600 299.744446 -104.820442 -20834.150391 3353.324707 54664.203125 1.043613
627700 299.744415 -104.822586 -20834.150391 3353.324219 54664.203125 1.043613
627800 299.744385 -104.822174 -20834.150391 3353.323975 54664.203125 1.043613
627900 299.744385 -104.822746 -20834.148438 3353.323975 54664.210938 1.043613
628000 299.744354 -104.821655 -20834.148438 3353.323730 54664.210938 1.043613
628100 299.744354 -104.820457 -20834.146484 3353.323730 54664.214844 1.043613
628200 299.744324 -104.820503 -20834.146484 3353.323242 54664.214844 1.043613
628300 299.744293 -104.823112 -20834.148438 3353.322998 54664.214844 1.043613
628400 299.744293 -104.824036 -20834.148438 3353.322998 54664.214844 1.043613
628500 299.744324 -104.825287 -20834.148438 3353.323242 54664.214844 1.043613
628600 299.744293 -104.827988 -20834.148438 3353.322998 54664.210938 1.043613
628700 299.744324 -104.829201 -20834.148438 3353.323242 54664.210938 1.043613
628800 299.744293 -104.831154 -20834.148438 3353.322998 54664.210938 1.043613
628900 299.744293 -104.833069 -20834.146484 3353.322998 54664.214844 1.043613
629000 299.744293 -104.834808 -20834.146484 3353.322998 54664.214844 1.043613
629100 299.744293 -104.836250 -20834.146484 3353.322998 54664.226562 1.043613
629200 299.744293 -104.839111 -20834.146484 3353.322998 54664.214844 1.043613
629300 299.744263 -104.842339 -20834.144531 3353.322754 54664.214844 1.043613
629400 299.744263 -104.845795 -20834.146484 3353.322754 54664.226562 1.043613
629500 299.744263 -104.846306 -20834.146484 3353.322754 54664.226562 1.043613
629600 299.744263 -104.848999 -20834.148438 3353.322754 54664.226562 1.043613
629700 299.744232 -104.850838 -20834.148438 3353.322266 54664.214844 1.043613
629800 299.744232 -104.852364 -20834.150391 3353.322266 54664.226562 1.043613
629900 299.744232 -104.855179 -20834.150391 3353.322266 54664.226562 1.043613
630000 299.744202 -104.857430 -20834.154297 3353.322021 54664.226562 1.043613
630100 299.744202 -104.860016 -20834.160156 3353.322021 54664.226562 1.043613
630200 299.744202 -104.861153 -20834.160156 3353.322021 54664.230469 1.043613
630300 299.744202 -104.863075 -20834.158203 3353.322021 54664.230469 1.043613
630400 299.744171 -104.863541 -20834.162109 3353.321777 54664.230469 1.043613
630500 299.744171 -104.865364 -20834.162109 3353.321777 54664.234375 1.043613
630600 299.744171 -104.865715 -20834.162109 3353.321777 54664.234375 1.043613
630700 299.744141 -104.865570 -20834.162109 3353.321289 54664.234375 1.043613
630800 299.744141 -104.866028 -20834.162109 3353.321289 54664.234375 1.043613
630900 299.744110 -104.867180 -20834.164062 3353.321045 54664.234375 1.043613
631000 299.744110 -104.868370 -20834.164062 3353.321045 54664.230469 1.043613
631100 299.744110 -104.870949 -20834.166016 3353.321045 54664.230469 1.043613
631200 299.744110 -104.872734 -20834.166016 3353.321045 54664.230469 1.043613
631300 299.744080 -104.872917 -20834.166016 3353.320801 54664.234375 1.043613
631400 299.744080 -104.874664 -20834.166016 3353.320801 54664.234375 1.043613
631500 299.744080 -104.876328 -20834.166016 3353.320801 54664.234375 1.043613
631600 299.744080 -104.877914 -20834.166016 3353.320801 54664.234375 1.043613
631700 299.744049 -104.877960 -20834.166016 3353.320312 54664.234375 1.043613
631800 299.744049 -104.878136 -20834.166016 3353.320312 54664.242188 1.043613
631900 299.744049 -104.879311 -20834.166016 3353.320312 54664.242188 1.043613
632000 299.744049 -104.882286 -20834.167969 3353.320312 54664.242188 1.043613
632100 299.744049 -104.885284 -20834.169922 3353.320312 54664.242188 1.043613
632200 299.744049 -104.887489 -20834.171875 3353.320312 54664.242188 1.043613
632300 299.744049 -104.888451 -20834.173828 3353.320312 54664.242188 1.043613
632400 299.744049 -104.889389 -20834.173828 3353.320312 54664.234375 1.043613
632500 299.744019 -104.888695 -20834.173828 3353.320068 54664.242188 1.043613
632600 299.744019 -104.889481 -20834.175781 3353.320068 54664.242188 1.043613
632700 299.744019 -104.890167 -20834.175781 3353.320068 54664.246094 1.043612
632800 299.743988 -104.892296 -20834.177734 3353.319580 54664.246094 1.043612
632900 299.743988 -104.892479 -20834.175781 3353.319580 54664.246094 1.043612
633000 299.743958 -104.893784 -20834.175781 3353.319336 54664.242188 1.043613
633100 299.743927 -104.893387 -20834.175781 3353.319092 54664.242188 1.043613
633200 299.743927 -104.894623 -20834.175781 3353.319092 54664.242188 1.043613
633300 299.743927 -104.896370 -20834.175781 3353.319092 54664.242188 1.043613
633400 299.743896 -104.897423 -20834.177734 3353.318604 54664.242188 1.043613
633500 299.743896 -104.899506 -20834.177734 3353.318604 54664.242188 1.043613
633600 299.743896 -104.901627 -20834.177734 3353.318604 54664.242188 1.043613
633700 299.743896 -104.901245 -20834.175781 3353.318604 54664.242188 1.043613
633800 299.743866 -104.903191 -20834.177734 3353.318359 54664.246094 1.043612
633900 299.743866 -104.904701 -20834.179688 3353.318359 54664.246094 1.043612
634000 299.743835 -104.906502 -20834.179688 3353.318115 54664.246094 1.043612
634100 299.743835 -104.908264 -20834.179688 3353.318115 54664.257812 1.043612
634200 299.743835 -104.909431 -20834.181641 3353.318115 54664.257812 1.043612
634300 299.743835 -104.909302 -20834.181641 3353.318115 54664.257812 1.043612
634400 299.743805 -104.909233 -20834.185547 3353.317627 54664.246094 1.043612
634500 299.743805 -104.911125 -20834.183594 3353.317627 54664.246094 1.043612
634600 299.743805 -104.912544 -20834.183594 3353.317627 54664.246094 1.043612
634700 299.743805 -104.913422 -20834.185547 3353.317627 54664.246094 1.043612
634800 299.743805 -104.913734 -20834.185547 3353.317627 54664.246094 1.043612
634900 299.743805 -104.914429 -20834.185547 3353.317627 54664.246094 1.043612
635000 299.743805 -104.915665 -20834.183594 3353.317627 54664.246094 1.043612
635100 299.743774 -104.918274 -20834.185547 3353.317383 54664.246094 1.043612
635200 299.743744 -104.919899 -20834.185547 3353.317139 54664.257812 1.043612
635300 299.743744 -104.920448 -20834.183594 3353.317139 54664.257812 1.043612
635400 299.743744 -104.918816 -20834.183594 3353.317139 54664.257812 1.043612
635500 299.743744 -104.918243 -20834.181641 3353.317139 54664.257812 1.043612
635600 299.743744 -104.918243 -20834.183594 3353.317139 54664.257812 1.043612
635700 299.743744 -104.918770 -20834.183594 3353.317139 54664.257812 1.043612
635800 299.743713 -104.920929 -20834.187500 3353.316650 54664.257812 1.043612
635900 299.743713 -104.921524 -20834.191406 3353.316650 54664.257812 1.043612
636000 299.743683 -104.922272 -20834.193359 3353.316162 54664.257812 1.043612
636100 299.743683 -104.923309 -20834.195312 3353.316162 54664.257812 1.043612
636200 299.743683 -104.924065 -20834.195312 3353.316162 54664.261719 1.043612
636300 299.743683 -104.924591 -20834.195312 3353.316162 54664.261719 1.043612
636400 299.743683 -104.925346 -20834.193359 3353.316162 54664.261719 1.043612
636500 299.743683 -104.928749 -20834.193359 3353.316162 54664.261719 1.043612
636600 299.743683 -104.928917 -20834.193359 3353.316162 54664.261719 1.043612
636700 299.743683 -104.931297 -20834.193359 3353.316162 54664.265625 1.043612
636800 299.743683 -104.932144 -20834.191406 3353.316162 54664.265625 1.043612
636900 299.743683 -104.931824 -20834.189453 3353.316162 54664.277344 1.043612
637000 299.743683 -104.932030 -20834.189453 3353.316162 54664.277344 1.043612
637100 299.743683 -104.932030 -20834.189453 3353.316162 54664.277344 1.043612
637200 299.743683 -104.932739 -20834.187500 3353.316162 54664.289062 1.043612
637300 299.743683 -104.933105 -20834.189453 3353.316162 54664.289062 1.043612
637400 299.743683 -104.933945 -20834.187500 3353.316162 54664.289062 1.043612
637500 299.743683 -104.933540 -20834.187500 3353.316162 54664.277344 1.043612
637600 299.743652 -104.933670 -20834.187500 3353.315674 54664.277344 1.043612
637700 299.743652 -104.934616 -20834.189453 3353.315674 54664.277344 1.043612
637800 299.743652 -104.935440 -20834.189453 3353.315674 54664.277344 1.043612
637900 299.743652 -104.936218 -20834.191406 3353.315674 54664.289062 1.043612
638000 299.743622 -104.936859 -20834.191406 3353.315430 54664.289062 1.043612
638100 299.743622 -104.937111 -20834.193359 3353.315430 54664.289062 1.043612
638200 299.743622 -104.937492 -20834.195312 3353.315430 54664.289062 1.043612
638300 299.743622 -104.938690 -20834.195312 3353.315430 54664.289062 1.043612
638400 299.743622 -104.938530 -20834.195312 3353.315430 54664.289062 1.043612
638500 299.743622 -104.939034 -20834.197266 3353.315430 54664.289062 1.043612
638600 299.743591 -104.939667 -20834.195312 3353.315186 54664.289062 1.043612
638700 299.743591 -104.940704 -20834.195312 3353.315186 54664.289062 1.043612
638800 299.743591 -104.940018 -20834.195312 3353.315186 54664.289062 1.043612
638900 299.743591 -104.939766 -20834.197266 3353.315186 54664.277344 1.043612
639000 299.743591 -104.939079 -20834.197266 3353.315186 54664.277344 1.043612
639100 299.743561 -104.939148 -20834.199219 3353.314697 54664.277344 1.043612
639200 299.743561 -104.939255 -20834.199219 3353.314697 54664.277344 1.043612
639300 299.743530 -104.940147 -20834.197266 3353.314453 54664.277344 1.043612
639400 299.743530 -104.940636 -20834.195312 3353.314453 54664.277344 1.043612
639500 299.743530 -104.940422 -20834.195312 3353.314453 54664.277344 1.043612
639600 299.743530 -104.941368 -20834.195312 3353.314453 54664.277344 1.043612
639700 299.743530 -104.943199 -20834.195312 3353.314453 54664.289062 1.043612
639800 299.743500 -104.945900 -20834.195312 3353.313965 54664.289062 1.043612
639900 299.743500 -104.948135 -20834.199219 3353.313965 54664.289062 1.043612
640000 299.743500 -104.950294 -20834.199219 3353.313965 54664.289062 1.043612
640100 299.743500 -104.950844 -20834.201172 3353.313965 54664.292969 1.043612
640200 299.743500 -104.950661 -20834.201172 3353.313965 54664.292969 1.043612
640300 299.743500 -104.951828 -20834.201172 3353.313965 54664.292969 1.043612
640400 299.743500 -104.952652 -20834.201172 3353.313965 54664.292969 1.043612
640500 299.743500 -104.952415 -20834.201172 3353.313965 54664.296875 1.043612
640600 299.743500 -104.952675 -20834.205078 3353.313965 54664.292969 1.043612
640700 299.743469 -104.952148 -20834.208984 3353.313721 54664.292969 1.043612
640800 299.743469 -104.953682 -20834.208984 3353.313721 54664.292969 1.043612
640900 299.743469 -104.954140 -20834.208984 3353.313721 54664.289062 1.043612
641000 299.743469 -104.955673 -20834.208984 3353.313721 54664.289062 1.043612
641100 299.743469 -104.956108 -20834.210938 3353.313721 54664.289062 1.043612
641200 299.743439 -104.956993 -20834.208984 3353.313477 54664.292969 1.043612
641300 299.743439 -104.957687 -20834.210938 3353.313477 54664.292969 1.043612
641400 299.743439 -104.958122 -20834.208984 3353.313477 54664.292969 1.043612
641500 299.743439 -104.958687 -20834.208984 3353.313477 54664.292969 1.043612
641600 299.743408 -104.959152 -20834.210938 3353.312988 54664.289062 1.043612
641700 299.743408 -104.958374 -20834.210938 3353.312988 54664.289062 1.043612
641800 299.743408 -104.958031 -20834.208984 3353.312988 54664.289062 1.043612
641900 299.743408 -104.959518 -20834.207031 3353.312988 54664.277344 1.043612
642000 299.743408 -104.959877 -20834.207031 3353.312988 54664.277344 1.043612
642100 299.743408 -104.960114 -20834.207031 3353.312988 54664.277344 1.043612
642200 299.743408 -104.960312 -20834.207031 3353.312988 54664.277344 1.043612
642300 299.743408 -104.961594 -20834.205078 3353.312988 54664.277344 1.043612
642400 299.743408 -104.961967 -20834.207031 3353.312988 54664.277344 1.043612
642500 299.743408 -104.962791 -20834.208984 3353.312988 54664.277344 1.043612
642600 299.743408 -104.965508 -20834.210938 3353.312988 54664.273438 1.043612
642700 299.743408 -104.967041 -20834.212891 3353.312988 54664.273438 1.043612
642800 299.743408 -104.968903 -20834.212891 3353.312988 54664.273438 1.043612
642900 299.743408 -104.969521 -20834.214844 3353.312988 54664.273438 1.043612
643000 299.743408 -104.969650 -20834.214844 3353.312988 54664.273438 1.043612
643100 299.743408 -104.969566 -20834.214844 3353.312988 54664.273438 1.043612
643200 299.743408 -104.970039 -20834.212891 3353.312988 54664.273438 1.043612
643300 299.743439 -104.970505 -20834.212891 3353.313477 54664.277344 1.043612
643400 299.743439 -104.970612 -20834.212891 3353.313477 54664.277344 1.043612
643500 299.743439 -104.970573 -20834.212891 3353.313477 54664.273438 1.043612
643600 299.743439 -104.970772 -20834.212891 3353.313477 54664.277344 1.043612
643700 299.743439 -104.971031 -20834.212891 3353.313477 54664.277344 1.043612
643800 299.743439 -104.972038 -20834.212891 3353.313477 54664.277344 1.043612
643900 299.743439 -104.971603 -20834.210938 3353.313477 54664.277344 1.043612
644000 299.743408 -104.971642 -20834.210938 3353.312988 54664.277344 1.043612
644100 299.743408 -104.972153 -20834.208984 3353.312988 54664.277344 1.043612
644200 299.743408 -104.973015 -20834.207031 3353.312988 54664.277344 1.043612
644300 299.743408 -104.974258 -20834.208984 3353.312988 54664.277344 1.043612
644400 299.743408 -104.974327 -20834.207031 3353.312988 54664.277344 1.043612
644500 299.743408 -104.974350 -20834.207031 3353.312988 54664.277344 1.043612
644600 299.743408 -104.973701 -20834.207031 3353.312988 54664.277344 1.043612
644700 299.743408 -104.972496 -20834.207031 3353.312988 54664.277344 1.043612
644800 299.743408 -104.970482 -20834.207031 3353.312988 54664.277344 1.043612
644900 299.743378 -104.969223 -20834.207031 3353.312744 54664.277344 1.043612
645000 299.743378 -104.968239 -20834.205078 3353.312744 54664.277344 1.043612
645100 299.743378 -104.968353 -20834.205078 3353.312744 54664.277344 1.043612
645200 299.743378 -104.968994 -20834.203125 3353.312744 54664.289062 1.043612
645300 299.743378 -104.969292 -20834.203125 3353.312744 54664.289062 1.043612
645400 299.743347 -104.970001 -20834.203125 3353.312500 54664.289062 1.043612
645500 299.743347 -104.969978 -20834.203125 3353.312500 54664.289062 1.043612
645600 299.743378 -104.970093 -20834.203125 3353.312744 54664.289062 1.043612
645700 299.743378 -104.970161 -20834.203125 3353.312744 54664.289062 1.043612
645800 299.743378 -104.970909 -20834.201172 3353.312744 54664.292969 1.043612
645900 299.743347 -104.971077 -20834.203125 3353.312500 54664.292969 1.043612
646000 299.743347 -104.971169 -20834.203125 3353.312500 54664.289062 1.043612
646100 299.743347 -104.970665 -20834.203125 3353.312500 54664.289062 1.043612
646200 299.743347 -104.970024 -20834.203125 3353.312500 54664.289062 1.043612
646300 299.743347 -104.969521 -20834.203125 3353.312500 54664.289062 1.043612
646400 299.743347 -104.969948 -20834.203125 3353.312500 54664.292969 1.043612
646500 299.743347 -104.970001 -20834.203125 3353.312500 54664.292969 1.043612
646600 299.743317 -104.971138 -20834.203125 3353.312012 54664.292969 1.043612
646700 299.743317 -104.972084 -20834.203125 3353.312012 54664.292969 1.043612
646800 299.743317 -104.972008 -20834.203125 3353.312012 54664.292969 1.043612
646900 299.743317 -104.971436 -20834.203125 3353.312012 54664.296875 1.043612
647000 299.743317 -104.971100 -20834.203125 3353.312012 54664.292969 1.043612
647100 299.743286 -104.972404 -20834.203125 3353.311768 54664.292969 1.043612
647200 299.743286 -104.973015 -20834.205078 3353.311768 54664.292969 1.043612
647300 299.743286 -104.973549 -20834.207031 3353.311768 54664.292969 1.043612
647400 299.743286 -104.972237 -20834.207031 3353.311768 54664.292969 1.043612
647500 299.743286 -104.970711 -20834.207031 3353.311768 54664.296875 1.043612
647600 299.743286 -104.971161 -20834.205078 3353.311768 54664.296875 1.043612
647700 299.743286 -104.971413 -20834.205078 3353.311768 54664.296875 1.043612
647800 299.743286 -104.971733 -20834.207031 3353.311768 54664.296875 1.043612
647900 299.743286 -104.971420 -20834.207031 3353.311768 54664.296875 1.043612
648000 299.743286 -104.971283 -20834.207031 3353.311768 54664.292969 1.043612
648100 299.743256 -104.970940 -20834.208984 3353.311523 54664.292969 1.043612
648200 299.743256 -104.970734 -20834.208984 3353.311523 54664.292969 1.043612
648300 299.743256 -104.971100 -20834.208984 3353.311523 54664.292969 1.043612
648400 299.743256 -104.971420 -20834.210938 3353.311523 54664.292969 1.043612
648500 299.743256 -104.971626 -20834.210938 3353.311523 54664.292969 1.043612
648600 299.743225 -104.972061 -20834.212891 3353.311035 54664.292969 1.043612
648700 299.743225 -104.971420 -20834.212891 3353.311035 54664.292969 1.043612
648800 299.743225 -104.971573 -20834.212891 3353.311035 54664.292969 1.043612
648900 299.743225 -104.972130 -20834.210938 3353.311035 54664.292969 1.043612
649000 299.743225 -104.972610 -20834.210938 3353.311035 54664.292969 1.043612
649100 299.743225 -104.973503 -20834.212891 3353.311035 54664.292969 1.043612
649200 299.743225 -104.974457 -20834.212891 3353.311035 54664.292969 1.043612
649300 299.743225 -104.974350 -20834.214844 3353.311035 54664.292969 1.043612
649400 299.743225 -104.974648 -20834.214844 3353.311035 54664.292969 1.043612
649500 299.743225 -104.974602 -20834.216797 3353.311035 54664.292969 1.043612
649600 299.743225 -104.974434 -20834.216797 3353.311035 54664.292969 1.043612
649700 299.743225 -104.974823 -20834.216797 3353.311035 54664.292969 1.043612
649800 299.743225 -104.975174 -20834.216797 3353.311035 54664.296875 1.043612
649900 299.743225 -104.977226 -20834.216797 3353.311035 54664.296875 1.043612
650000 299.743225 -104.978287 -20834.216797 3353.311035 54664.296875 1.043612
650100 299.743225 -104.978737 -20834.216797 3353.311035 54664.304688 1.043611
650200 299.743225 -104.979286 -20834.216797 3353.311035 54664.296875 1.043612
650300 299.743225 -104.979843 -20834.216797 3353.311035 54664.304688 1.043611
650400 299.743225 -104.980385 -20834.216797 3353.311035 54664.304688 1.043611
650500 299.743225 -104.980736 -20834.214844 3353.311035 54664.304688 1.043611
650600 299.743225 -104.980713 -20834.214844 3353.311035 54664.304688 1.043611
650700 299.743225 -104.980774 -20834.214844 3353.311035 54664.296875 1.043612
650800 299.743225 -104.981026 -20834.214844 3353.311035 54664.304688 1.043611
650900 299.743225 -104.981125 -20834.212891 3353.311035 54664.304688 1.043611
651000 299.743225 -104.980576 -20834.212891 3353.311035 54664.304688 1.043611
651100 299.743225 -104.980553 -20834.210938 3353.311035 54664.304688 1.043611
651200 299.743225 -104.980591 -20834.210938 3353.311035 54664.308594 1.043611
651300 299.743225 -104.980484 -20834.210938 3353.311035 54664.308594 1.043611
651400 299.743225 -104.979980 -20834.210938 3353.311035 54664.308594 1.043611
651500 299.743225 -104.979500 -20834.210938 3353.311035 54664.308594 1.043611
651600 299.743225 -104.979454 -20834.210938 3353.311035 54664.308594 1.043611
651700 299.743225 -104.979469 -20834.210938 3353.311035 54664.308594 1.043611
651800 299.743225 -104.979431 -20834.208984 3353.311035 54664.308594 1.043611
651900 299.743225 -104.979088 -20834.208984 3353.311035 54664.308594 1.043611
652000 299.743225 -104.979179 -20834.210938 3353.311035 54664.308594 1.043611
652100 299.743225 -104.979149 -20834.210938 3353.311035 54664.308594 1.043611
652200 299.743225 -104.979546 -20834.208984 3353.311035 54664.308594 1.043611
652300 299.743225 -104.979675 -20834.208984 3353.311035 54664.308594 1.043611
652400 299.743225 -104.979042 -20834.210938 3353.311035 54664.308594 1.043611
652500 299.743225 -104.978920 -20834.208984 3353.311035 54664.308594 1.043611
652600 299.743225 -104.978951 -20834.208984 3353.311035 54664.308594 1.043611
652700 299.743195 -104.979012 -20834.208984 3353.310791 54664.308594 1.043611
652800 299.743195 -104.980385 -20834.208984 3353.310791 54664.308594 1.043611
652900 299.743195 -104.981232 -20834.208984 3353.310791 54664.308594 1.043611
653000 299.743195 -104.981445 -20834.210938 3353.310791 54664.308594 1.043611
653100 299.743195 -104.981651 -20834.210938 3353.310791 54664.308594 1.043611
653200 299.743195 -104.982040 -20834.210938 3353.310791 54664.308594 1.043611
653300 299.743195 -104.982521 -20834.210938 3353.310791 54664.308594 1.043611
653400 299.743195 -104.982491 -20834.208984 3353.310791 54664.304688 1.043611
653500 299.743195 -104.982910 -20834.208984 3353.310791 54664.304688 1.043611
653600 299.743195 -104.983154 -20834.208984 3353.310791 54664.304688 1.043611
653700 299.743195 -104.983795 -20834.210938 3353.310791 54664.304688 1.043611
653800 299.743195 -104.984322 -20834.210938 3353.310791 54664.304688 1.043611
653900 299.743195 -104.984467 -20834.210938 3353.310791 54664.304688 1.043611
654000 299.743195 -104.983986 -20834.210938 3353.310791 54664.304688 1.043611
654100 299.743195 -104.984581 -20834.210938 3353.310791 54664.304688 1.043611
654200 299.743195 -104.984856 -20834.210938 3353.310791 54664.304688 1.043611
654300 299.743195 -104.985443 -20834.210938 3353.310791 54664.304688 1.043611
654400 299.743164 -104.985657 -20834.210938 3353.310547 54664.304688 1.043611
654500 299.743164 -104.986046 -20834.210938 3353.310547 54664.304688 1.043611
654600 299.743164 -104.986046 -20834.212891 3353.310547 54664.304688 1.043611
654700 299.743164 -104.985725 -20834.212891 3353.310547 54664.304688 1.043611
654800 299.743164 -104.984924 -20834.212891 3353.310547 54664.304688 1.043611
654900 299.743164 -104.984367 -20834.212891 3353.310547 54664.296875 1.043612
655000 299.743164 -104.983826 -20834.212891 3353.310547 54664.296875 1.043612
655100 299.743164 -104.983826 -20834.214844 3353.310547 54664.296875 1.043612
655200 299.743164 -104.984398 -20834.214844 3353.310547 54664.296875 1.043612
655300 299.743164 -104.984604 -20834.214844 3353.310547 54664.296875 1.043612
655400 299.743164 -104.984825 -20834.216797 3353.310547 54664.296875 1.043612
655500 299.743164 -104.985107 -20834.214844 3353.310547 54664.304688 1.043611
655600 299.743164 -104.985489 -20834.216797 3353.310547 54664.304688 1.043611
655700 299.743164 -104.985947 -20834.216797 3353.310547 54664.304688 1.043611
655800 299.743164 -104.986176 -20834.216797 3353.310547 54664.304688 1.043611
655900 299.743164 -104.986183 -20834.218750 3353.310547 54664.304688 1.043611
656000 299.743164 -104.987305 -20834.218750 3353.310547 54664.304688 1.043611
656100 299.743164 -104.987778 -20834.216797 3353.310547 54664.304688 1.043611
656200 299.743164 -104.988106 -20834.216797 3353.310547 54664.304688 1.043611
656300 299.743164 -104.988312 -20834.216797 3353.310547 54664.304688 1.043611
656400 299.743164 -104.988625 -20834.216797 3353.310547 54664.304688 1.043611
656500 299.743164 -104.988976 -20834.216797 3353.310547 54664.304688 1.043611
656600 299.743164 -104.989243 -20834.216797 3353.310547 54664.308594 1.043611
656700 299.743164 -104.989067 -20834.216797 3353.310547 54664.304688 1.043611
656800 299.743164 -104.989914 -20834.218750 3353.310547 54664.304688 1.043611
656900 299.743134 -104.991264 -20834.218750 3353.310059 54664.308594 1.043611
657000 299.743134 -104.993919 -20834.218750 3353.310059 54664.308594 1.043611
657100 299.743134 -104.995193 -20834.220703 3353.310059 54664.308594 1.043611
657200 299.743134 -104.995903 -20834.220703 3353.310059 54664.308594 1.043611
657300 299.743134 -104.996208 -20834.220703 3353.310059 54664.308594 1.043611
657400 299.743134 -104.996574 -20834.220703 3353.310059 54664.308594 1.043611
657500 299.743134 -104.996552 -20834.220703 3353.310059 54664.304688 1.043611
657600 299.743134 -104.996574 -20834.220703 3353.310059 54664.304688 1.043611
657700 299.743134 -104.996780 -20834.222656 3353.310059 54664.304688 1.043611
657800 299.743134 -104.997444 -20834.222656 3353.310059 54664.304688 1.043611
657900 299.743134 -104.997803 -20834.222656 3353.310059 54664.304688 1.043611
658000 299.743134 -104.998222 -20834.222656 3353.310059 54664.304688 1.043611
658100 299.743134 -104.998245 -20834.222656 3353.310059 54664.304688 1.043611
658200 299.743134 -104.998245 -20834.222656 3353.310059 54664.304688 1.043611
658300 299.743134 -104.998222 -20834.224609 3353.310059 54664.304688 1.043611
658400 299.743134 -104.998634 -20834.224609 3353.310059 54664.304688 1.043611
658500 299.743134 -104.998840 -20834.224609 3353.310059 54664.304688 1.043611
658600 299.743134 -104.998810 -20834.224609 3353.310059 54664.304688 1.043611
658700 299.743134 -104.998741 -20834.222656 3353.310059 54664.308594 1.043611
658800 299.743134 -104.998558 -20834.222656 3353.310059 54664.308594 1.043611
658900 299.743134 -104.998451 -20834.220703 3353.310059 54664.308594 1.043611
659000 299.743134 -104.998360 -20834.220703 3353.310059 54664.308594 1.043611
659100 299.743134 -104.998306 -20834.220703 3353.310059 54664.308594 1.043611
659200 299.743134 -104.998077 -20834.220703 3353.310059 54664.308594 1.043611
659300 299.743134 -104.997948 -20834.220703 3353.310059 54664.308594 1.043611
659400 299.743134 -104.997879 -20834.220703 3353.310059 54664.308594 1.043611
659500 299.743134 -104.997696 -20834.220703 3353.310059 54664.308594 1.043611
659600 299.743134 -104.998306 -20834.220703 3353.310059 54664.308594 1.043611
659700 299.743134 -104.997894 -20834.220703 3353.310059 54664.308594 1.043611
659800 299.743103 -104.998131 -20834.220703 3353.309814 54664.308594 1.043611
659900 299.743103 -104.998222 -20834.220703 3353.309814 54664.304688 1.043611
660000 299.743103 -104.998352 -20834.220703 3353.309814 54664.304688 1.043611
660100 299.743103 -104.998566 -20834.220703 3353.309814 54664.304688 1.043611
660200 299.743103 -104.998741 -20834.220703 3353.309814 54664.304688 1.043611
660300 299.743103 -104.998817 -20834.220703 3353.309814 54664.304688 1.043611
660400 299.743103 -104.998878 -20834.220703 3353.309814 54664.304688 1.043611
660500 299.743103 -104.998909 -20834.220703 3353.309814 54664.304688 1.043611
660600 299.743103 -104.998932 -20834.220703 3353.309814 54664.304688 1.043611
660700 299.743103 -104.998123 -20834.220703 3353.309814 54664.304688 1.043611
660800 299.743103 -104.997620 -20834.218750 3353.309814 54664.308594 1.043611
660900 299.743103 -104.997375 -20834.218750 3353.309814 54664.308594 1.043611
661000 299.743103 -104.997215 -20834.218750 3353.309814 54664.308594 1.043611
661100 299.743103 -104.997139 -20834.218750 3353.309814 54664.308594 1.043611
661200 299.743103 -104.997101 -20834.218750 3353.309814 54664.308594 1.043611
661300 299.743103 -104.997093 -20834.218750 3353.309814 54664.308594 1.043611
661400 299.743103 -104.997032 -20834.218750 3353.309814 54664.308594 1.043611
661500 299.743103 -104.997467 -20834.218750 3353.309814 54664.308594 1.043611
661600 299.743103 -104.997551 -20834.218750 3353.309814 54664.308594 1.043611
661700 299.743103 -104.997528 -20834.218750 3353.309814 54664.308594 1.043611
661800 299.743103 -104.996895 -20834.218750 3353.309814 54664.308594 1.043611
661900 299.743103 -104.996277 -20834.220703 3353.309814 54664.304688 1.043611
662000 299.743103 -104.995811 -20834.220703 3353.309814 54664.304688 1.043611
662100 299.743103 -104.995293 -20834.218750 3353.309814 54664.308594 1.043611
662200 299.743103 -104.995155 -20834.218750 3353.309814 54664.308594 1.043611
662300 299.743073 -104.995880 -20834.216797 3353.309570 54664.308594 1.043611
662400 299.743073 -104.996117 -20834.216797 3353.309570 54664.308594 1.043611
662500 299.743073 -104.996361 -20834.216797 3353.309570 54664.308594 1.043611
662600 299.743073 -104.996483 -20834.216797 3353.309570 54664.308594 1.043611
662700 299.743073 -104.996658 -20834.216797 3353.309570 54664.308594 1.043611
662800 299.743073 -104.996758 -20834.216797 3353.309570 54664.308594 1.043611
662900 299.743073 -104.996803 -20834.214844 3353.309570 54664.308594 1.043611
663000 299.743073 -104.996277 -20834.216797 3353.309570 54664.308594 1.043611
663100 299.743073 -104.996140 -20834.216797 3353.309570 54664.308594 1.043611
663200 299.743073 -104.996666 -20834.216797 3353.309570 54664.308594 1.043611
663300 299.743073 -104.997025 -20834.216797 3353.309570 54664.320312 1.043611
663400 299.743073 -104.997253 -20834.216797 3353.309570 54664.320312 1.043611
663500 299.743073 -104.997398 -20834.216797 3353.309570 54664.320312 1.043611
663600 299.743073 -104.997490 -20834.216797 3353.309570 54664.320312 1.043611
663700 299.743073 -104.998245 -20834.216797 3353.309570 54664.308594 1.043611
663800 299.743073 -104.998589 -20834.216797 3353.309570 54664.308594 1.043611
663900 299.743073 -104.998383 -20834.216797 3353.309570 54664.308594 1.043611
664000 299.743073 -104.998360 -20834.216797 3353.309570 54664.308594 1.043611
664100 299.743073 -104.998199 -20834.216797 3353.309570 54664.308594 1.043611
664200 299.743073 -104.998085 -20834.216797 3353.309570 54664.308594 1.043611
664300 299.743073 -104.998383 -20834.216797 3353.309570 54664.308594 1.043611
664400 299.743073 -104.998833 -20834.216797 3353.309570 54664.308594 1.043611
664500 299.743073 -104.999092 -20834.216797 3353.309570 54664.308594 1.043611
664600 299.743073 -104.999207 -20834.216797 3353.309570 54664.308594 1.043611
664700 299.743073 -104.999290 -20834.216797 3353.309570 54664.308594 1.043611
664800 299.743073 -104.999390 -20834.216797 3353.309570 54664.308594 1.043611
664900 299.743073 -104.999451 -20834.216797 3353.309570 54664.308594 1.043611
665000 299.743073 -104.999481 -20834.216797 3353.309570 54664.308594 1.043611
665100 299.743073 -104.999527 -20834.216797 3353.309570 54664.308594 1.043611
665200 299.743073 -104.999550 -20834.216797 3353.309570 54664.308594 1.043611
665300 299.743073 -104.999573 -20834.216797 3353.309570 54664.308594 1.043611
665400 299.743073 -104.999588 -20834.216797 3353.309570 54664.308594 1.043611
665500 299.743073 -104.999825 -20834.216797 3353.309570 54664.308594 1.043611
665600 299.743073 -104.999817 -20834.216797 3353.309570 54664.308594 1.043611
665700 299.743073 -105.000488 -20834.216797 3353.309570 54664.308594 1.043611
665800 299.743073 -105.000832 -20834.216797 3353.309570 54664.320312 1.043611
665900 299.743073 -105.001129 -20834.216797 3353.309570 54664.320312 1.043611
666000 299.743073 -105.001404 -20834.216797 3353.309570 54664.320312 1.043611
666100 299.743073 -105.001472 -20834.216797 3353.309570 54664.320312 1.043611
666200 299.743073 -105.001541 -20834.216797 3353.309570 54664.320312 1.043611
666300 299.743073 -105.001541 -20834.216797 3353.309570 54664.320312 1.043611
666400 299.743073 -105.001656 -20834.216797 3353.309570 54664.320312 1.043611
666500 299.743073 -105.001678 -20834.216797 3353.309570 54664.320312 1.043611
666600 299.743073 -105.001678 -20834.216797 3353.309570 54664.320312 1.043611
666700 299.743073 -105.001648 -20834.216797 3353.309570 54664.320312 1.043611
666800 299.743073 -105.001541 -20834.216797 3353.309570 54664.320312 1.043611
666900 299.743073 -105.001587 -20834.216797 3353.309570 54664.320312 1.043611
667000 299.743073 -105.001328 -20834.216797 3353.309570 54664.320312 1.043611
667100 299.743073 -105.001167 -20834.216797 3353.309570 54664.320312 1.043611
667200 299.743073 -105.001312 -20834.216797 3353.309570 54664.320312 1.043611
667300 299.743073 -105.001060 -20834.216797 3353.309570 54664.320312 1.043611
667400 299.743042 -105.000992 -20834.216797 3353.309082 54664.320312 1.043611
667500 299.743042 -105.001129 -20834.216797 3353.309082 54664.320312 1.043611
667600 299.743042 -105.001175 -20834.216797 3353.309082 54664.320312 1.043611
667700 299.743042 -105.002151 -20834.216797 3353.309082 54664.320312 1.043611
667800 299.743073 -105.002754 -20834.216797 3353.309570 54664.320312 1.043611
667900 299.743073 -105.003021 -20834.216797 3353.309570 54664.320312 1.043611
668000 299.743073 -105.003098 -20834.216797 3353.309570 54664.320312 1.043611
668100 299.743042 -105.003601 -20834.218750 3353.309082 54664.308594 1.043611
668200 299.743042 -105.003944 -20834.218750 3353.309082 54664.308594 1.043611
668300 299.743042 -105.004288 -20834.220703 3353.309082 54664.308594 1.043611
668400 299.743011 -105.004494 -20834.220703 3353.308838 54664.308594 1.043611
668500 299.743011 -105.004654 -20834.220703 3353.308838 54664.308594 1.043611
668600 299.743011 -105.004791 -20834.220703 3353.308838 54664.308594 1.043611
668700 299.743011 -105.004860 -20834.220703 3353.308838 54664.308594 1.043611
668800 299.743011 -105.005592 -20834.220703 3353.308838 54664.304688 1.043611
668900 299.743011 -105.005890 -20834.222656 3353.308838 54664.304688 1.043611
669000 299.743011 -105.005814 -20834.220703 3353.308838 54664.304688 1.043611
669100 299.743011 -105.005798 -20834.220703 3353.308838 54664.304688 1.043611
669200 299.743011 -105.005836 -20834.220703 3353.308838 54664.304688 1.043611
669300 299.743011 -105.005867 -20834.220703 3353.308838 54664.304688 1.043611
669400 299.743011 -105.005913 -20834.220703 3353.308838 54664.304688 1.043611
669500 299.743042 -105.006096 -20834.220703 3353.309082 54664.304688 1.043611
669600 299.743042 -105.006210 -20834.220703 3353.309082 54664.304688 1.043611
669700 299.743042 -105.006485 -20834.220703 3353.309082 54664.304688 1.043611
669800 299.743042 -105.006531 -20834.218750 3353.309082 54664.308594 1.043611
669900 299.743042 -105.006485 -20834.218750 3353.309082 54664.308594 1.043611
670000 299.743042 -105.006416 -20834.218750 3353.309082 54664.308594 1.043611
670100 299.743042 -105.006371 -20834.218750 3353.309082 54664.308594 1.043611
670200 299.743042 -105.006325 -20834.218750 3353.309082 54664.308594 1.043611
670300 299.743042 -105.006279 -20834.218750 3353.309082 54664.308594 1.043611
670400 299.743042 -105.006088 -20834.218750 3353.309082 54664.308594 1.043611
670500 299.743042 -105.005638 -20834.218750 3353.309082 54664.308594 1.043611
670600 299.743011 -105.005249 -20834.218750 3353.308838 54664.308594 1.043611
670700 299.743011 -105.005493 -20834.218750 3353.308838 54664.308594 1.043611
670800 299.743011 -105.005493 -20834.220703 3353.308838 54664.308594 1.043611
670900 299.743011 -105.005592 -20834.220703 3353.308838 54664.308594 1.043611
671000 299.743011 -105.005638 -20834.220703 3353.308838 54664.308594 1.043611
671100 299.743011 -105.005661 -20834.220703 3353.308838 54664.308594 1.043611
671200 299.743011 -105.005676 -20834.220703 3353.308838 54664.308594 1.043611
671300 299.743011 -105.005661 -20834.220703 3353.308838 54664.308594 1.043611
671400 299.743011 -105.005661 -20834.220703 3353.308838 54664.308594 1.043611
671500 299.743011 -105.005699 -20834.220703 3353.308838 54664.308594 1.043611
671600 299.743011 -105.005707 -20834.220703 3353.308838 54664.308594 1.043611
671700 299.743011 -105.005684 -20834.220703 3353.308838 54664.308594 1.043611
671800 299.743011 -105.005684 -20834.218750 3353.308838 54664.308594 1.043611
671900 299.743011 -105.005684 -20834.218750 3353.308838 54664.308594 1.043611
672000 299.743011 -105.005676 -20834.218750 3353.308838 54664.308594 1.043611
672100 299.743011 -105.006142 -20834.220703 3353.308838 54664.308594 1.043611
672200 299.743011 -105.006416 -20834.220703 3353.308838 54664.308594 1.043611
672300 299.743011 -105.006592 -20834.220703 3353.308838 54664.308594 1.043611
672400 299.743011 -105.006683 -20834.220703 3353.308838 54664.308594 1.043611
672500 299.743011 -105.006737 -20834.220703 3353.308838 54664.308594 1.043611
672600 299.743011 -105.006760 -20834.220703 3353.308838 54664.308594 1.043611
672700 299.743011 -105.007057 -20834.218750 3353.308838 54664.308594 1.043611
672800 299.743011 -105.007286 -20834.216797 3353.308838 54664.308594 1.043611
672900 299.743011 -105.007393 -20834.216797 3353.308838 54664.308594 1.043611
673000 299.742981 -105.007507 -20834.216797 3353.308350 54664.308594 1.043611
673100 299.742981 -105.008339 -20834.216797 3353.308350 54664.320312 1.043611
673200 299.742981 -105.008751 -20834.216797 3353.308350 54664.320312 1.043611
673300 299.742981 -105.008949 -20834.216797 3353.308350 54664.320312 1.043611
673400 299.742981 -105.009003 -20834.216797 3353.308350 54664.320312 1.043611
673500 299.742981 -105.008797 -20834.216797 3353.308350 54664.320312 1.043611
673600 299.742981 -105.008751 -20834.216797 3353.308350 54664.320312 1.043611
673700 299.742981 -105.008751 -20834.216797 3353.308350 54664.308594 1.043611
673800 299.742981 -105.008766 -20834.216797 3353.308350 54664.308594 1.043611
673900 299.742981 -105.008934 -20834.216797 3353.308350 54664.320312 1.043611
674000 299.742981 -105.008881 -20834.216797 3353.308350 54664.320312 1.043611
674100 299.742981 -105.008812 -20834.216797 3353.308350 54664.320312 1.043611
674200 299.742981 -105.008881 -20834.216797 3353.308350 54664.308594 1.043611
674300 299.742981 -105.008865 -20834.216797 3353.308350 54664.308594 1.043611
674400 299.742981 -105.008858 -20834.216797 3353.308350 54664.308594 1.043611
674500 299.742981 -105.008888 -20834.216797 3353.308350 54664.308594 1.043611
674600 299.742981 -105.008842 -20834.216797 3353.308350 54664.308594 1.043611
674700 299.742981 -105.008797 -20834.216797 3353.308350 54664.308594 1.043611
674800 299.742981 -105.008751 -20834.216797 3353.308350 54664.308594 1.043611
674900 299.742981 -105.008728 -20834.216797 3353.308350 54664.308594 1.043611
675000 299.742981 -105.008682 -20834.216797 3353.308350 54664.320312 1.043611
675100 299.742981 -105.009087 -20834.216797 3353.308350 54664.320312 1.043611
675200 299.742981 -105.009384 -20834.216797 3353.308350 54664.320312 1.043611
675300 299.742981 -105.009499 -20834.216797 3353.308350 54664.320312 1.043611
675400 299.742981 -105.009575 -20834.218750 3353.308350 54664.320312 1.043611
675500 299.742981 -105.009613 -20834.218750 3353.308350 54664.320312 1.043611
675600 299.742981 -105.009499 -20834.216797 3353.308350 54664.320312 1.043611
675700 299.742981 -105.009453 -20834.216797 3353.308350 54664.320312 1.043611
675800 299.742981 -105.009460 -20834.216797 3353.308350 54664.320312 1.043611
675900 299.742981 -105.009438 -20834.216797 3353.308350 54664.320312 1.043611
676000 299.742981 -105.009453 -20834.216797 3353.308350 54664.320312 1.043611
676100 299.742981 -105.009483 -20834.216797 3353.308350 54664.320312 1.043611
676200 299.742981 -105.009483 -20834.216797 3353.308350 54664.320312 1.043611
676300 299.742981 -105.009506 -20834.216797 3353.308350 54664.320312 1.043611
676400 299.742981 -105.009506 -20834.216797 3353.308350 54664.320312 1.043611
676500 299.742981 -105.009521 -20834.216797 3353.308350 54664.320312 1.043611
676600 299.742981 -105.009529 -20834.216797 3353.308350 54664.320312 1.043611
676700 299.742981 -105.009529 -20834.216797 3353.308350 54664.320312 1.043611
676800 299.742981 -105.009529 -20834.216797 3353.308350 54664.320312 1.043611
676900 299.742981 -105.009544 -20834.216797 3353.308350 54664.320312 1.043611
677000 299.742981 -105.009529 -20834.216797 3353.308350 54664.320312 1.043611
677100 299.742981 -105.009529 -20834.216797 3353.308350 54664.320312 1.043611
677200 299.742981 -105.009529 -20834.216797 3353.308350 54664.320312 1.043611
677300 299.742981 -105.009529 -20834.216797 3353.308350 54664.320312 1.043611
677400 299.742981 -105.009529 -20834.216797 3353.308350 54664.320312 1.043611
677500 299.742981 -105.009529 -20834.216797 3353.308350 54664.320312 1.043611
677600 299.742981 -105.010239 -20834.218750 3353.308350 54664.320312 1.043611
677700 299.742981 -105.010651 -20834.218750 3353.308350 54664.324219 1.043611
677800 299.742981 -105.010674 -20834.220703 3353.308350 54664.324219 1.043611
677900 299.742981 -105.010689 -20834.220703 3353.308350 54664.324219 1.043611
678000 299.742981 -105.010696 -20834.220703 3353.308350 54664.324219 1.043611
678100 299.742981 -105.010696 -20834.220703 3353.308350 54664.324219 1.043611
678200 299.742981 -105.010696 -20834.220703 3353.308350 54664.324219 1.043611
678300 299.742981 -105.012001 -20834.222656 3353.308350 54664.324219 1.043611
678400 299.742981 -105.012482 -20834.222656 3353.308350 54664.324219 1.043611
678500 299.742981 -105.012619 -20834.222656 3353.308350 54664.324219 1.043611
678600 299.742981 -105.012634 -20834.222656 3353.308350 54664.324219 1.043611
678700 299.742981 -105.012596 -20834.222656 3353.308350 54664.324219 1.043611
678800 299.742981 -105.012550 -20834.222656 3353.308350 54664.324219 1.043611
678900 299.742981 -105.012482 -20834.222656 3353.308350 54664.324219 1.043611
679000 299.742981 -105.012436 -20834.222656 3353.308350 54664.324219 1.043611
679100 299.742981 -105.011772 -20834.222656 3353.308350 54664.324219 1.043611
679200 299.742981 -105.011513 -20834.222656 3353.308350 54664.324219 1.043611
679300 299.742981 -105.011406 -20834.222656 3353.308350 54664.324219 1.043611
679400 299.742981 -105.012115 -20834.222656 3353.308350 54664.324219 1.043611
679500 299.742981 -105.012619 -20834.224609 3353.308350 54664.324219 1.043611
679600 299.742981 -105.012962 -20834.224609 3353.308350 54664.324219 1.043611
679700 299.742981 -105.013161 -20834.224609 3353.308350 54664.324219 1.043611
679800 299.742981 -105.013275 -20834.224609 3353.308350 54664.324219 1.043611
679900 299.742981 -105.013329 -20834.224609 3353.308350 54664.324219 1.043611
680000 299.742981 -105.013351 -20834.224609 3353.308350 54664.324219 1.043611
680100 299.742981 -105.013367 -20834.224609 3353.308350 54664.324219 1.043611
680200 299.742981 -105.013367 -20834.224609 3353.308350 54664.324219 1.043611
680300 299.742981 -105.013367 -20834.224609 3353.308350 54664.324219 1.043611
680400 299.742981 -105.013351 -20834.224609 3353.308350 54664.324219 1.043611
680500 299.742981 -105.013367 -20834.224609 3353.308350 54664.324219 1.043611
680600 299.742981 -105.013191 -20834.224609 3353.308350 54664.328125 1.043611
680700 299.742981 -105.012817 -20834.224609 3353.308350 54664.328125 1.043611
680800 299.742981 -105.012573 -20834.224609 3353.308350 54664.328125 1.043611
680900 299.742981 -105.012276 -20834.222656 3353.308350 54664.328125 1.043611
681000 299.742981 -105.012161 -20834.222656 3353.308350 54664.328125 1.043611
681100 299.742981 -105.011703 -20834.222656 3353.308350 54664.328125 1.043611
681200 299.742981 -105.011589 -20834.222656 3353.308350 54664.328125 1.043611
681300 299.742981 -105.011589 -20834.222656 3353.308350 54664.328125 1.043611
681400 299.742981 -105.011559 -20834.222656 3353.308350 54664.328125 1.043611
681500 299.742981 -105.011658 -20834.222656 3353.308350 54664.328125 1.043611
681600 299.742981 -105.011742 -20834.222656 3353.308350 54664.328125 1.043611
681700 299.742981 -105.011765 -20834.222656 3353.308350 54664.328125 1.043611
681800 299.742981 -105.011795 -20834.222656 3353.308350 54664.328125 1.043611
681900 299.742981 -105.011795 -20834.222656 3353.308350 54664.328125 1.043611
682000 299.742981 -105.011795 -20834.222656 3353.308350 54664.328125 1.043611
682100 299.742981 -105.011787 -20834.222656 3353.308350 54664.328125 1.043611
682200 299.742981 -105.011658 -20834.222656 3353.308350 54664.328125 1.043611
682300 299.742981 -105.011864 -20834.222656 3353.308350 54664.328125 1.043611
682400 299.742981 -105.012039 -20834.222656 3353.308350 54664.328125 1.043611
682500 299.742981 -105.012474 -20834.222656 3353.308350 54664.328125 1.043611
682600 299.742981 -105.012756 -20834.222656 3353.308350 54664.328125 1.043611
682700 299.742981 -105.012848 -20834.222656 3353.308350 54664.328125 1.043611
682800 299.742981 -105.012863 -20834.222656 3353.308350 54664.328125 1.043611
682900 299.742981 -105.012848 -20834.222656 3353.308350 54664.328125 1.043611
683000 299.742981 -105.012550 -20834.222656 3353.308350 54664.328125 1.043611
683100 299.742981 -105.012436 -20834.222656 3353.308350 54664.328125 1.043611
683200 299.743011 -105.011627 -20834.220703 3353.308838 54664.328125 1.043611
683300 299.743011 -105.011063 -20834.220703 3353.308838 54664.328125 1.043611
683400 299.743011 -105.010674 -20834.218750 3353.308838 54664.328125 1.043611
683500 299.743011 -105.010468 -20834.218750 3353.308838 54664.328125 1.043611
683600 299.743011 -105.010735 -20834.220703 3353.308838 54664.328125 1.043611
683700 299.743011 -105.011101 -20834.220703 3353.308838 54664.328125 1.043611
683800 299.743011 -105.011246 -20834.220703 3353.308838 54664.328125 1.043611
683900 299.743011 -105.011353 -20834.220703 3353.308838 54664.328125 1.043611
684000 299.743011 -105.011429 -20834.220703 3353.308838 54664.328125 1.043611
684100 299.743011 -105.011909 -20834.220703 3353.308838 54664.328125 1.043611
684200 299.743011 -105.011909 -20834.222656 3353.308838 54664.328125 1.043611
684300 299.743011 -105.011955 -20834.224609 3353.308838 54664.328125 1.043611
684400 299.743011 -105.012070 -20834.226562 3353.308838 54664.328125 1.043611
684500 299.743011 -105.012115 -20834.226562 3353.308838 54664.328125 1.043611
684600 299.743011 -105.012039 -20834.226562 3353.308838 54664.328125 1.043611
684700 299.743011 -105.012024 -20834.226562 3353.308838 54664.328125 1.043611
684800 299.743011 -105.011993 -20834.226562 3353.308838 54664.328125 1.043611
684900 299.743011 -105.012001 -20834.226562 3353.308838 54664.328125 1.043611
685000 299.743011 -105.011993 -20834.226562 3353.308838 54664.328125 1.043611
685100 299.743011 -105.012001 -20834.226562 3353.308838 54664.328125 1.043611
685200 299.743011 -105.011993 -20834.226562 3353.308838 54664.328125 1.043611
685300 299.743011 -105.011993 -20834.226562 3353.308838 54664.328125 1.043611
685400 299.743011 -105.012001 -20834.226562 3353.308838 54664.328125 1.043611
685500 299.743011 -105.012001 -20834.226562 3353.308838 54664.328125 1.043611
685600 299.743011 -105.011993 -20834.226562 3353.308838 54664.328125 1.043611
685700 299.743011 -105.011993 -20834.226562 3353.308838 54664.328125 1.043611
685800 299.743011 -105.011993 -20834.226562 3353.308838 54664.328125 1.043611
685900 299.743011 -105.011978 -20834.226562 3353.308838 54664.328125 1.043611
686000 299.743011 -105.011978 -20834.226562 3353.308838 54664.328125 1.043611
686100 299.743011 -105.011993 -20834.226562 3353.308838 54664.328125 1.043611
686200 299.743011 -105.011993 -20834.226562 3353.308838 54664.328125 1.043611
686300 299.743011 -105.011993 -20834.226562 3353.308838 54664.328125 1.043611
686400 299.743011 -105.011993 -20834.226562 3353.308838 54664.328125 1.043611
686500 299.743011 -105.011993 -20834.226562 3353.308838 54664.328125 1.043611
686600 299.743011 -105.011993 -20834.226562 3353.308838 54664.328125 1.043611
686700 299.743011 -105.012001 -20834.226562 3353.308838 54664.328125 1.043611
686800 299.743011 -105.012093 -20834.226562 3353.308838 54664.328125 1.043611
686900 299.743011 -105.012138 -20834.226562 3353.308838 54664.328125 1.043611
687000 299.743011 -105.012543 -20834.226562 3353.308838 54664.328125 1.043611
687100 299.743011 -105.012642 -20834.226562 3353.308838 54664.328125 1.043611
687200 299.743011 -105.012665 -20834.226562 3353.308838 54664.328125 1.043611
687300 299.743011 -105.012665 -20834.226562 3353.308838 54664.328125 1.043611
687400 299.743011 -105.012474 -20834.226562 3353.308838 54664.328125 1.043611
687500 299.743011 -105.012360 -20834.226562 3353.308838 54664.328125 1.043611
687600 299.743011 -105.012276 -20834.224609 3353.308838 54664.328125 1.043611
687700 299.743011 -105.012253 -20834.224609 3353.308838 54664.328125 1.043611
687800 299.743011 -105.012207 -20834.224609 3353.308838 54664.328125 1.043611
687900 299.743011 -105.012909 -20834.226562 3353.308838 54664.328125 1.043611
688000 299.742981 -105.013992 -20834.228516 3353.308350 54664.328125 1.043611
688100 299.742981 -105.014725 -20834.230469 3353.308350 54664.328125 1.043611
688200 299.742981 -105.015610 -20834.230469 3353.308350 54664.328125 1.043611
688300 299.742981 -105.015732 -20834.232422 3353.308350 54664.328125 1.043611
688400 299.742981 -105.015495 -20834.232422 3353.308350 54664.328125 1.043611
688500 299.742981 -105.015343 -20834.232422 3353.308350 54664.328125 1.043611
688600 299.742981 -105.015472 -20834.232422 3353.308350 54664.328125 1.043611
688700 299.742981 -105.015846 -20834.232422 3353.308350 54664.328125 1.043611
688800 299.742981 -105.015999 -20834.232422 3353.308350 54664.328125 1.043611
688900 299.742981 -105.015686 -20834.232422 3353.308350 54664.328125 1.043611
689000 299.742981 -105.015617 -20834.232422 3353.308350 54664.328125 1.043611
689100 299.742981 -105.015617 -20834.232422 3353.308350 54664.328125 1.043611
689200 299.742981 -105.015617 -20834.232422 3353.308350 54664.328125 1.043611
689300 299.742981 -105.015594 -20834.232422 3353.308350 54664.328125 1.043611
689400 299.742981 -105.015594 -20834.232422 3353.308350 54664.328125 1.043611
689500 299.742981 -105.015610 -20834.232422 3353.308350 54664.328125 1.043611
689600 299.742981 -105.015594 -20834.232422 3353.308350 54664.328125 1.043611
689700 299.742981 -105.015594 -20834.232422 3353.308350 54664.328125 1.043611
689800 299.742981 -105.015617 -20834.232422 3353.308350 54664.328125 1.043611
689900 299.742981 -105.015594 -20834.232422 3353.308350 54664.328125 1.043611
690000 299.742981 -105.015594 -20834.232422 3353.308350 54664.328125 1.043611
690100 299.742981 -105.015587 -20834.232422 3353.308350 54664.328125 1.043611
690200 299.742981 -105.015594 -20834.232422 3353.308350 54664.328125 1.043611
690300 299.742981 -105.015594 -20834.232422 3353.308350 54664.328125 1.043611
690400 299.742981 -105.015594 -20834.232422 3353.308350 54664.328125 1.043611
690500 299.742981 -105.015594 -20834.232422 3353.308350 54664.328125 1.043611
690600 299.742981 -105.015594 -20834.232422 3353.308350 54664.328125 1.043611
690700 299.742981 -105.015594 -20834.232422 3353.308350 54664.328125 1.043611
690800 299.742981 -105.015594 -20834.232422 3353.308350 54664.328125 1.043611
690900 299.742981 -105.015587 -20834.232422 3353.308350 54664.328125 1.043611
691000 299.742981 -105.015587 -20834.232422 3353.308350 54664.328125 1.043611
691100 299.742981 -105.015587 -20834.232422 3353.308350 54664.328125 1.043611
691200 299.742981 -105.015594 -20834.232422 3353.308350 54664.328125 1.043611
691300 299.742981 -105.015594 -20834.232422 3353.308350 54664.328125 1.043611
691400 299.742981 -105.015587 -20834.232422 3353.308350 54664.328125 1.043611
691500 299.742981 -105.015587 -20834.232422 3353.308350 54664.328125 1.043611
691600 299.742981 -105.015587 -20834.232422 3353.308350 54664.328125 1.043611
691700 299.742981 -105.015587 -20834.232422 3353.308350 54664.328125 1.043611
691800 299.742981 -105.015587 -20834.232422 3353.308350 54664.328125 1.043611
691900 299.742981 -105.015587 -20834.232422 3353.308350 54664.328125 1.043611
692000 299.742981 -105.015755 -20834.230469 3353.308350 54664.328125 1.043611
692100 299.742981 -105.015724 -20834.230469 3353.308350 54664.328125 1.043611
692200 299.742981 -105.015709 -20834.230469 3353.308350 54664.328125 1.043611
692300 299.742981 -105.015663 -20834.230469 3353.308350 54664.328125 1.043611
692400 299.742981 -105.015800 -20834.230469 3353.308350 54664.328125 1.043611
692500 299.742981 -105.015778 -20834.230469 3353.308350 54664.328125 1.043611
692600 299.742981 -105.015747 -20834.230469 3353.308350 54664.332031 1.043611
692700 299.742981 -105.015724 -20834.230469 3353.308350 54664.332031 1.043611
692800 299.742981 -105.015724 -20834.230469 3353.308350 54664.332031 1.043611
692900 299.742981 -105.015686 -20834.230469 3353.308350 54664.332031 1.043611
693000 299.742981 -105.015678 -20834.230469 3353.308350 54664.332031 1.043611
693100 299.742981 -105.015663 -20834.230469 3353.308350 54664.332031 1.043611
693200 299.742981 -105.015656 -20834.230469 3353.308350 54664.332031 1.043611
693300 299.742981 -105.015663 -20834.230469 3353.308350 54664.332031 1.043611
693400 299.742981 -105.015656 -20834.230469 3353.308350 54664.332031 1.043611
693500 299.742981 -105.015114 -20834.232422 3353.308350 54664.328125 1.043611
693600 299.742981 -105.014885 -20834.232422 3353.308350 54664.328125 1.043611
693700 299.743011 -105.014816 -20834.234375 3353.308838 54664.328125 1.043611
693800 299.743011 -105.014923 -20834.234375 3353.308838 54664.328125 1.043611
693900 299.743011 -105.015091 -20834.236328 3353.308838 54664.328125 1.043611
694000 299.743011 -105.015663 -20834.236328 3353.308838 54664.324219 1.043611
694100 299.743011 -105.015984 -20834.236328 3353.308838 54664.324219 1.043611
694200 299.743011 -105.016190 -20834.236328 3353.308838 54664.324219 1.043611
694300 299.743011 -105.016319 -20834.236328 3353.308838 54664.324219 1.043611
694400 299.743011 -105.016006 -20834.236328 3353.308838 54664.324219 1.043611
694500 299.743011 -105.015862 -20834.236328 3353.308838 54664.324219 1.043611
694600 299.743011 -105.015800 -20834.236328 3353.308838 54664.324219 1.043611
694700 299.743011 -105.015755 -20834.236328 3353.308838 54664.324219 1.043611
694800 299.743011 -105.015732 -20834.236328 3353.308838 54664.324219 1.043611
694900 299.742981 -105.015709 -20834.236328 3353.308350 54664.324219 1.043611
695000 299.742981 -105.015732 -20834.236328 3353.308350 54664.324219 1.043611
695100 299.742981 -105.015732 -20834.236328 3353.308350 54664.324219 1.043611
695200 299.742981 -105.015709 -20834.238281 3353.308350 54664.324219 1.043611
695300 299.742981 -105.015709 -20834.238281 3353.308350 54664.324219 1.043611
695400 299.742981 -105.015724 -20834.238281 3353.308350 54664.324219 1.043611
695500 299.742981 -105.015709 -20834.238281 3353.308350 54664.324219 1.043611
695600 299.742981 -105.015709 -20834.238281 3353.308350 54664.324219 1.043611
695700 299.742981 -105.015709 -20834.238281 3353.308350 54664.324219 1.043611
695800 299.742981 -105.016441 -20834.236328 3353.308350 54664.324219 1.043611
695900 299.742981 -105.016777 -20834.236328 3353.308350 54664.324219 1.043611
696000 299.742981 -105.016922 -20834.234375 3353.308350 54664.328125 1.043611
696100 299.742981 -105.017014 -20834.234375 3353.308350 54664.328125 1.043611
696200 299.742981 -105.017029 -20834.234375 3353.308350 54664.328125 1.043611
696300 299.742981 -105.017036 -20834.234375 3353.308350 54664.328125 1.043611
696400 299.742981 -105.017014 -20834.234375 3353.308350 54664.328125 1.043611
696500 299.742981 -105.017014 -20834.234375 3353.308350 54664.328125 1.043611
696600 299.742981 -105.016991 -20834.234375 3353.308350 54664.328125 1.043611
696700 299.742981 -105.016899 -20834.234375 3353.308350 54664.328125 1.043611
696800 299.742981 -105.016853 -20834.234375 3353.308350 54664.328125 1.043611
696900 299.742981 -105.016823 -20834.234375 3353.308350 54664.328125 1.043611
697000 299.742981 -105.016808 -20834.234375 3353.308350 54664.328125 1.043611
697100 299.742981 -105.016800 -20834.234375 3353.308350 54664.328125 1.043611
697200 299.742981 -105.016800 -20834.234375 3353.308350 54664.328125 1.043611
697300 299.742981 -105.016777 -20834.234375 3353.308350 54664.328125 1.043611
697400 299.742981 -105.016762 -20834.234375 3353.308350 54664.328125 1.043611
697500 299.742981 -105.016762 -20834.234375 3353.308350 54664.328125 1.043611
697600 299.742981 -105.016762 -20834.234375 3353.308350 54664.328125 1.043611
697700 299.742981 -105.016762 -20834.234375 3353.308350 54664.328125 1.043611
697800 299.742981 -105.016777 -20834.234375 3353.308350 54664.328125 1.043611
697900 299.742981 -105.016762 -20834.234375 3353.308350 54664.328125 1.043611
698000 299.742981 -105.016762 -20834.234375 3353.308350 54664.328125 1.043611
698100 299.742981 -105.016762 -20834.234375 3353.308350 54664.328125 1.043611
698200 299.742981 -105.016762 -20834.234375 3353.308350 54664.328125 1.043611
698300 299.742981 -105.016785 -20834.234375 3353.308350 54664.328125 1.043611
698400 299.742981 -105.016785 -20834.234375 3353.308350 54664.328125 1.043611
698500 299.742981 -105.016785 -20834.234375 3353.308350 54664.328125 1.043611
698600 299.742981 -105.016800 -20834.234375 3353.308350 54664.328125 1.043611
698700 299.742981 -105.016785 -20834.234375 3353.308350 54664.328125 1.043611
698800 299.742981 -105.016785 -20834.234375 3353.308350 54664.328125 1.043611
698900 299.742981 -105.016785 -20834.234375 3353.308350 54664.328125 1.043611
699000 299.742981 -105.016800 -20834.234375 3353.308350 54664.328125 1.043611
699100 299.742981 -105.016785 -20834.234375 3353.308350 54664.328125 1.043611
699200 299.742981 -105.016800 -20834.234375 3353.308350 54664.328125 1.043611
699300 299.742981 -105.016800 -20834.234375 3353.308350 54664.328125 1.043611
699400 299.742981 -105.016800 -20834.234375 3353.308350 54664.328125 1.043611
699500 299.742981 -105.016800 -20834.234375 3353.308350 54664.328125 1.043611
699600 299.742981 -105.016800 -20834.234375 3353.308350 54664.328125 1.043611
699700 299.742981 -105.016800 -20834.234375 3353.308350 54664.328125 1.043611
699800 299.742981 -105.016800 -20834.234375 3353.308350 54664.328125 1.043611
699900 299.742981 -105.016800 -20834.234375 3353.308350 54664.328125 1.043611
700000 299.742981 -105.016800 -20834.234375 3353.308350 54664.328125 1.043611
