# Time-averaged data for fix thermo_detailed
# TimeStep v_temp v_press v_pe v_ke v_vol v_dens
600100 300.334259 60.357254 -20569.455078 3359.923096 54851.718750 1.040046
600200 299.234528 116.450630 -20599.212891 3347.620117 54822.492188 1.040600
600300 298.835175 123.542000 -20592.339844 3343.152344 54822.519531 1.040600
600400 298.637909 127.971313 -20585.357422 3340.945557 54827.343750 1.040508
600500 298.540466 131.487091 -20580.123047 3339.855713 54831.035156 1.040438
600600 298.491028 134.365540 -20576.570312 3339.302490 54833.246094 1.040396
600700 298.465424 136.622391 -20574.275391 3339.016113 54834.390625 1.040374
600800 298.451965 138.311829 -20572.828125 3338.865479 54834.953125 1.040364
600900 298.445007 139.523376 -20571.937500 3338.787598 54835.187500 1.040359
601000 298.441437 140.362274 -20571.376953 3338.747559 54835.324219 1.040357
601100 298.439667 140.922379 -20571.019531 3338.727783 54835.445312 1.040354
601200 298.438843 141.287842 -20570.779297 3338.718506 54835.570312 1.040352
601300 298.438568 141.518982 -20570.611328 3338.715576 54835.726562 1.040349
601400 298.438477 141.661774 -20570.480469 3338.714600 54835.890625 1.040346
601500 298.438507 141.747864 -20570.373047 3338.714844 54836.070312 1.040342
601600 298.438568 141.797119 -20570.285156 3338.715576 54836.253906 1.040339
601700 298.438660 141.823135 -20570.214844 3338.716553 54836.414062 1.040336
601800 298.438721 141.831909 -20570.152344 3338.717285 54836.570312 1.040333
601900 298.438782 141.834824 -20570.099609 3338.717773 54836.722656 1.040330
602000 298.438843 141.835587 -20570.056641 3338.718506 54836.839844 1.040328
602100 298.438904 141.834106 -20570.019531 3338.719238 54836.953125 1.040326
602200 298.438934 141.826370 -20569.994141 3338.719482 54837.046875 1.040324
602300 298.438965 141.821182 -20569.970703 3338.720215 54837.125000 1.040322
602400 298.439026 141.809830 -20569.951172 3338.720703 54837.195312 1.040321
602500 298.439056 141.806870 -20569.937500 3338.721191 54837.242188 1.040320
602600 298.439117 141.801758 -20569.923828 3338.721680 54837.289062 1.040319
602700 298.439148 141.798813 -20569.914062 3338.722168 54837.328125 1.040319
602800 298.439240 141.791016 -20569.910156 3338.723145 54837.359375 1.040318
602900 298.439270 141.788269 -20569.904297 3338.723389 54837.378906 1.040318
603000 298.439331 141.785706 -20569.904297 3338.724121 54837.394531 1.040317
603100 298.439392 141.784973 -20569.906250 3338.724854 54837.410156 1.040317
603200 298.439453 141.781372 -20569.912109 3338.725342 54837.414062 1.040317
603300 298.439514 141.778946 -20569.916016 3338.726074 54837.414062 1.040317
603400 298.439545 141.778778 -20569.919922 3338.726318 54837.414062 1.040317
603500 298.439606 141.776291 -20569.925781 3338.727051 54837.414062 1.040317
603600 298.439667 141.774414 -20569.931641 3338.727783 54837.410156 1.040317
603700 298.439728 141.774765 -20569.939453 3338.728516 54837.414062 1.040317
603800 298.439758 141.772842 -20569.943359 3338.728760 54837.414062 1.040317
603900 298.439819 141.772079 -20569.949219 3338.729492 54837.410156 1.040317
604000 298.439880 141.770020 -20569.955078 3338.730469 54837.398438 1.040317
604100 298.439911 141.770874 -20569.960938 3338.730713 54837.394531 1.040317
604200 298.439941 141.772034 -20569.966797 3338.730957 54837.394531 1.040317
604300 298.439972 141.772079 -20569.968750 3338.731445 54837.394531 1.040317
604400 298.440002 141.771790 -20569.970703 3338.731689 54837.390625 1.040317
604500 298.440063 141.770844 -20569.980469 3338.732422 54837.378906 1.040318
604600 298.440094 141.770493 -20569.986328 3338.732666 54837.367188 1.040318
604700 298.440125 141.770462 -20569.990234 3338.732910 54837.367188 1.040318
604800 298.440155 141.770737 -20569.992188 3338.733398 54837.363281 1.040318
604900 298.440186 141.771133 -20569.994141 3338.733643 54837.359375 1.040318
605000 298.440186 141.768906 -20569.996094 3338.733643 54837.363281 1.040318
605100 298.440216 141.766129 -20570.001953 3338.733887 54837.363281 1.040318
605200 298.440247 141.765152 -20570.005859 3338.734375 54837.359375 1.040318
605300 298.440277 141.763229 -20570.009766 3338.734619 54837.351562 1.040318
605400 298.440308 141.765732 -20570.015625 3338.735107 54837.347656 1.040318
605500 298.440338 141.768600 -20570.019531 3338.735352 54837.332031 1.040318
605600 298.440369 141.766769 -20570.023438 3338.735596 54837.332031 1.040318
605700 298.440430 141.764526 -20570.029297 3338.736328 54837.332031 1.040318
605800 298.440460 141.763565 -20570.033203 3338.736572 54837.328125 1.040319
605900 298.440491 141.763199 -20570.037109 3338.737061 54837.320312 1.040319
606000 298.440521 141.763336 -20570.041016 3338.737305 54837.312500 1.040319
606100 298.440521 141.764084 -20570.042969 3338.737305 54837.300781 1.040319
606200 298.440552 141.762268 -20570.046875 3338.737549 54837.300781 1.040319
606300 298.440582 141.761215 -20570.048828 3338.738037 54837.300781 1.040319
606400 298.440582 141.761963 -20570.050781 3338.738037 54837.296875 1.040319
606500 298.440582 141.762329 -20570.052734 3338.738037 54837.289062 1.040319
606600 298.440613 141.762497 -20570.052734 3338.738281 54837.289062 1.040319
606700 298.440613 141.762512 -20570.052734 3338.738281 54837.289062 1.040319
606800 298.440613 141.760330 -20570.054688 3338.738281 54837.289062 1.040319
606900 298.440643 141.759430 -20570.056641 3338.738525 54837.289062 1.040319
607000 298.440643 141.758606 -20570.060547 3338.738525 54837.281250 1.040319
607100 298.440674 141.757523 -20570.062500 3338.739014 54837.281250 1.040319
607200 298.440674 141.757568 -20570.062500 3338.739014 54837.273438 1.040320
607300 298.440674 141.756744 -20570.062500 3338.739014 54837.273438 1.040320
607400 298.440674 141.756012 -20570.062500 3338.739014 54837.273438 1.040320
607500 298.440674 141.754822 -20570.062500 3338.739014 54837.281250 1.040319
607600 298.440704 141.754761 -20570.060547 3338.739258 54837.281250 1.040319
607700 298.440704 141.754623 -20570.060547 3338.739258 54837.281250 1.040319
607800 298.440704 141.755447 -20570.062500 3338.739258 54837.273438 1.040320
607900 298.440735 141.756790 -20570.064453 3338.739502 54837.269531 1.040320
608000 298.440735 141.757309 -20570.066406 3338.739502 54837.269531 1.040320
608100 298.440735 141.756638 -20570.068359 3338.739502 54837.269531 1.040320
608200 298.440735 141.757401 -20570.068359 3338.739502 54837.269531 1.040320
608300 298.440765 141.758286 -20570.070312 3338.740234 54837.269531 1.040320
608400 298.440765 141.758911 -20570.072266 3338.740234 54837.269531 1.040320
608500 298.440765 141.759888 -20570.072266 3338.740234 54837.269531 1.040320
608600 298.440765 141.760590 -20570.072266 3338.740234 54837.269531 1.040320
608700 298.440765 141.761398 -20570.072266 3338.740234 54837.269531 1.040320
608800 298.440796 141.761597 -20570.072266 3338.740723 54837.265625 1.040320
608900 298.440796 141.762604 -20570.072266 3338.740723 54837.265625 1.040320
609000 298.440796 141.763107 -20570.072266 3338.740723 54837.257812 1.040320
609100 298.440796 141.763062 -20570.072266 3338.740723 54837.257812 1.040320
609200 298.440796 141.762970 -20570.074219 3338.740723 54837.257812 1.040320
609300 298.440796 141.762970 -20570.074219 3338.740723 54837.257812 1.040320
609400 298.440796 141.763641 -20570.074219 3338.740723 54837.257812 1.040320
609500 298.440796 141.763977 -20570.074219 3338.740723 54837.257812 1.040320
609600 298.440826 141.763794 -20570.076172 3338.740967 54837.257812 1.040320
609700 298.440826 141.763748 -20570.076172 3338.740967 54837.257812 1.040320
609800 298.440826 141.763565 -20570.078125 3338.740967 54837.250000 1.040320
609900 298.440826 141.763504 -20570.078125 3338.740967 54837.250000 1.040320
610000 298.440826 141.763138 -20570.078125 3338.740967 54837.257812 1.040320
610100 298.440826 141.763336 -20570.078125 3338.740967 54837.257812 1.040320
610200 298.440826 141.763489 -20570.078125 3338.740967 54837.257812 1.040320
610300 298.440826 141.763046 -20570.078125 3338.740967 54837.257812 1.040320
610400 298.440826 141.762939 -20570.076172 3338.740967 54837.257812 1.040320
610500 298.440826 141.763016 -20570.078125 3338.740967 54837.257812 1.040320
610600 298.440826 141.763123 -20570.078125 3338.740967 54837.257812 1.040320
610700 298.440857 141.763107 -20570.078125 3338.741211 54837.257812 1.040320
610800 298.440857 141.763046 -20570.078125 3338.741211 54837.250000 1.040320
610900 298.440857 141.762833 -20570.078125 3338.741211 54837.250000 1.040320
611000 298.440857 141.762787 -20570.078125 3338.741211 54837.250000 1.040320
611100 298.440857 141.762863 -20570.078125 3338.741211 54837.250000 1.040320
611200 298.440857 141.762833 -20570.078125 3338.741211 54837.257812 1.040320
611300 298.440857 141.762787 -20570.080078 3338.741211 54837.257812 1.040320
611400 298.440857 141.762833 -20570.082031 3338.741211 54837.250000 1.040320
611500 298.440857 141.762863 -20570.082031 3338.741211 54837.250000 1.040320
611600 298.440857 141.762909 -20570.082031 3338.741211 54837.250000 1.040320
611700 298.440857 141.762924 -20570.082031 3338.741211 54837.250000 1.040320
611800 298.440857 141.762970 -20570.082031 3338.741211 54837.250000 1.040320
611900 298.440857 141.763031 -20570.082031 3338.741211 54837.250000 1.040320
612000 298.440857 141.763046 -20570.083984 3338.741211 54837.250000 1.040320
612100 298.440857 141.763046 -20570.083984 3338.741211 54837.250000 1.040320
612200 298.440857 141.763046 -20570.083984 3338.741211 54837.250000 1.040320
612300 298.440857 141.763046 -20570.083984 3338.741211 54837.250000 1.040320
612400 298.440857 141.763092 -20570.083984 3338.741211 54837.250000 1.040320
612500 298.440857 141.763138 -20570.083984 3338.741211 54837.250000 1.040320
612600 298.440857 141.763153 -20570.083984 3338.741211 54837.250000 1.040320
612700 298.440857 141.763184 -20570.083984 3338.741211 54837.250000 1.040320
612800 298.440857 141.763184 -20570.083984 3338.741211 54837.250000 1.040320
612900 298.440857 141.763184 -20570.083984 3338.741211 54837.250000 1.040320
613000 298.440857 141.763184 -20570.083984 3338.741211 54837.250000 1.040320
613100 298.440857 141.763184 -20570.083984 3338.741211 54837.250000 1.040320
613200 298.440857 141.763184 -20570.083984 3338.741211 54837.250000 1.040320
613300 298.440857 141.763184 -20570.083984 3338.741211 54837.250000 1.040320
613400 298.440857 141.763184 -20570.083984 3338.741211 54837.250000 1.040320
613500 298.440857 141.763184 -20570.083984 3338.741211 54837.250000 1.040320
613600 298.440857 141.763184 -20570.083984 3338.741211 54837.250000 1.040320
613700 298.440857 141.763184 -20570.083984 3338.741211 54837.250000 1.040320
613800 298.440857 141.763184 -20570.083984 3338.741211 54837.250000 1.040320
613900 298.440857 141.763199 -20570.083984 3338.741211 54837.250000 1.040320
614000 298.440857 141.763199 -20570.083984 3338.741211 54837.250000 1.040320
614100 298.440857 141.763199 -20570.083984 3338.741211 54837.250000 1.040320
614200 298.440857 141.763199 -20570.083984 3338.741211 54837.250000 1.040320
614300 298.440857 141.763184 -20570.083984 3338.741211 54837.250000 1.040320
614400 298.440857 141.763199 -20570.083984 3338.741211 54837.250000 1.040320
614500 298.440857 141.763184 -20570.083984 3338.741211 54837.250000 1.040320
614600 298.440857 141.763168 -20570.083984 3338.741211 54837.250000 1.040320
614700 298.440857 141.763184 -20570.083984 3338.741211 54837.250000 1.040320
614800 298.440857 141.763184 -20570.083984 3338.741211 54837.250000 1.040320
614900 298.440857 141.763168 -20570.083984 3338.741211 54837.250000 1.040320
615000 298.440857 141.763184 -20570.083984 3338.741211 54837.250000 1.040320
615100 298.440857 141.763168 -20570.083984 3338.741211 54837.250000 1.040320
615200 298.440857 141.763168 -20570.083984 3338.741211 54837.250000 1.040320
615300 298.440857 141.763153 -20570.083984 3338.741211 54837.250000 1.040320
615400 298.440857 141.763168 -20570.083984 3338.741211 54837.250000 1.040320
615500 298.440857 141.763168 -20570.083984 3338.741211 54837.250000 1.040320
615600 298.440857 141.763168 -20570.083984 3338.741211 54837.250000 1.040320
615700 298.440857 141.763168 -20570.083984 3338.741211 54837.250000 1.040320
615800 298.440857 141.763168 -20570.083984 3338.741211 54837.250000 1.040320
615900 298.440857 141.763168 -20570.083984 3338.741211 54837.250000 1.040320
616000 298.440857 141.763168 -20570.083984 3338.741211 54837.250000 1.040320
616100 298.440857 141.763168 -20570.083984 3338.741211 54837.250000 1.040320
616200 298.440857 141.763168 -20570.083984 3338.741211 54837.250000 1.040320
616300 298.440857 141.763168 -20570.083984 3338.741211 54837.250000 1.040320
616400 298.440857 141.763168 -20570.083984 3338.741211 54837.250000 1.040320
616500 298.440857 141.763168 -20570.083984 3338.741211 54837.250000 1.040320
616600 298.440857 141.763168 -20570.083984 3338.741211 54837.250000 1.040320
616700 298.440857 141.763168 -20570.083984 3338.741211 54837.250000 1.040320
616800 298.440857 141.763168 -20570.083984 3338.741211 54837.250000 1.040320
616900 298.440857 141.763168 -20570.083984 3338.741211 54837.250000 1.040320
617000 298.440857 141.763168 -20570.083984 3338.741211 54837.250000 1.040320
617100 298.440857 141.763168 -20570.083984 3338.741211 54837.250000 1.040320
617200 298.440857 141.763168 -20570.083984 3338.741211 54837.250000 1.040320
617300 298.440857 141.763168 -20570.083984 3338.741211 54837.250000 1.040320
617400 298.440857 141.763168 -20570.083984 3338.741211 54837.250000 1.040320
617500 298.440857 141.763168 -20570.083984 3338.741211 54837.250000 1.040320
617600 298.440857 141.763168 -20570.083984 3338.741211 54837.250000 1.040320
617700 298.440857 141.763168 -20570.083984 3338.741211 54837.250000 1.040320
617800 298.440857 141.763153 -20570.083984 3338.741211 54837.250000 1.040320
617900 298.440857 141.763168 -20570.083984 3338.741211 54837.250000 1.040320
618000 298.440857 141.763168 -20570.083984 3338.741211 54837.250000 1.040320
618100 298.440857 141.763168 -20570.083984 3338.741211 54837.250000 1.040320
618200 298.440857 141.763168 -20570.083984 3338.741211 54837.250000 1.040320
618300 298.440857 141.763168 -20570.083984 3338.741211 54837.250000 1.040320
618400 298.440857 141.763168 -20570.083984 3338.741211 54837.250000 1.040320
618500 298.440857 141.763168 -20570.083984 3338.741211 54837.250000 1.040320
618600 298.440857 141.763168 -20570.083984 3338.741211 54837.250000 1.040320
618700 298.440857 141.763168 -20570.083984 3338.741211 54837.250000 1.040320
618800 298.440857 141.763168 -20570.083984 3338.741211 54837.250000 1.040320
618900 298.440857 141.763168 -20570.083984 3338.741211 54837.250000 1.040320
619000 298.440857 141.763168 -20570.083984 3338.741211 54837.250000 1.040320
619100 298.440857 141.763168 -20570.083984 3338.741211 54837.250000 1.040320
619200 298.440857 141.763168 -20570.083984 3338.741211 54837.250000 1.040320
619300 298.440857 141.763168 -20570.083984 3338.741211 54837.250000 1.040320
619400 298.440857 141.763168 -20570.083984 3338.741211 54837.250000 1.040320
619500 298.440857 141.763168 -20570.083984 3338.741211 54837.250000 1.040320
619600 298.440857 141.763168 -20570.083984 3338.741211 54837.250000 1.040320
619700 298.440857 141.763168 -20570.083984 3338.741211 54837.250000 1.040320
619800 298.440857 141.763168 -20570.083984 3338.741211 54837.250000 1.040320
619900 298.440857 141.763168 -20570.083984 3338.741211 54837.250000 1.040320
620000 298.440857 141.763168 -20570.083984 3338.741211 54837.250000 1.040320
620100 298.440857 141.763168 -20570.083984 3338.741211 54837.250000 1.040320
620200 298.440857 141.763168 -20570.083984 3338.741211 54837.250000 1.040320
620300 298.440857 141.763168 -20570.083984 3338.741211 54837.250000 1.040320
620400 298.440857 141.763168 -20570.083984 3338.741211 54837.250000 1.040320
620500 298.440857 141.763168 -20570.083984 3338.741211 54837.250000 1.040320
620600 298.440857 141.763168 -20570.083984 3338.741211 54837.250000 1.040320
620700 298.440857 141.763168 -20570.083984 3338.741211 54837.250000 1.040320
620800 298.440857 141.763168 -20570.083984 3338.741211 54837.250000 1.040320
620900 298.440857 141.763168 -20570.083984 3338.741211 54837.250000 1.040320
621000 298.440857 141.763168 -20570.083984 3338.741211 54837.250000 1.040320
621100 298.440857 141.763168 -20570.083984 3338.741211 54837.250000 1.040320
621200 298.440857 141.763168 -20570.083984 3338.741211 54837.250000 1.040320
621300 298.440857 141.763168 -20570.083984 3338.741211 54837.250000 1.040320
621400 298.440857 141.763168 -20570.083984 3338.741211 54837.250000 1.040320
621500 298.440857 141.763168 -20570.083984 3338.741211 54837.250000 1.040320
621600 298.440857 141.763168 -20570.083984 3338.741211 54837.250000 1.040320
621700 298.440857 141.763168 -20570.083984 3338.741211 54837.250000 1.040320
621800 298.440857 141.763168 -20570.083984 3338.741211 54837.250000 1.040320
621900 298.440857 141.763168 -20570.083984 3338.741211 54837.250000 1.040320
622000 298.440857 141.763168 -20570.083984 3338.741211 54837.250000 1.040320
622100 298.440857 141.763168 -20570.083984 3338.741211 54837.250000 1.040320
622200 298.440857 141.763168 -20570.083984 3338.741211 54837.250000 1.040320
622300 298.440857 141.763168 -20570.083984 3338.741211 54837.250000 1.040320
622400 298.440857 141.763168 -20570.083984 3338.741211 54837.250000 1.040320
622500 298.440857 141.763168 -20570.083984 3338.741211 54837.250000 1.040320
622600 298.440857 141.763168 -20570.083984 3338.741211 54837.250000 1.040320
622700 298.440857 141.763168 -20570.083984 3338.741211 54837.250000 1.040320
622800 298.440857 141.763168 -20570.083984 3338.741211 54837.250000 1.040320
622900 298.440857 141.763168 -20570.083984 3338.741211 54837.250000 1.040320
623000 298.440857 141.763168 -20570.083984 3338.741211 54837.250000 1.040320
623100 298.440857 141.763168 -20570.083984 3338.741211 54837.250000 1.040320
623200 298.440857 141.763168 -20570.083984 3338.741211 54837.250000 1.040320
623300 298.440857 141.763168 -20570.083984 3338.741211 54837.250000 1.040320
623400 298.440857 141.763168 -20570.083984 3338.741211 54837.250000 1.040320
623500 298.440857 141.763168 -20570.083984 3338.741211 54837.250000 1.040320
623600 298.440857 141.763168 -20570.083984 3338.741211 54837.250000 1.040320
623700 298.440857 141.763168 -20570.083984 3338.741211 54837.250000 1.040320
623800 298.440857 141.763168 -20570.083984 3338.741211 54837.250000 1.040320
623900 298.440857 141.763168 -20570.083984 3338.741211 54837.250000 1.040320
624000 298.440857 141.763168 -20570.083984 3338.741211 54837.250000 1.040320
624100 298.440857 141.763168 -20570.083984 3338.741211 54837.250000 1.040320
624200 298.440857 141.763168 -20570.083984 3338.741211 54837.250000 1.040320
624300 298.440857 141.763168 -20570.083984 3338.741211 54837.250000 1.040320
624400 298.440857 141.763168 -20570.083984 3338.741211 54837.250000 1.040320
624500 298.440857 141.763168 -20570.083984 3338.741211 54837.250000 1.040320
624600 298.440857 141.763168 -20570.083984 3338.741211 54837.250000 1.040320
624700 298.440857 141.763168 -20570.083984 3338.741211 54837.250000 1.040320
624800 298.440857 141.763168 -20570.083984 3338.741211 54837.250000 1.040320
624900 298.440857 141.763168 -20570.083984 3338.741211 54837.250000 1.040320
625000 298.440857 141.763168 -20570.083984 3338.741211 54837.250000 1.040320
625100 298.440857 141.763168 -20570.083984 3338.741211 54837.250000 1.040320
625200 298.440857 141.763168 -20570.083984 3338.741211 54837.250000 1.040320
625300 298.440857 141.763168 -20570.083984 3338.741211 54837.250000 1.040320
625400 298.440857 141.763168 -20570.083984 3338.741211 54837.250000 1.040320
625500 298.440857 141.763168 -20570.083984 3338.741211 54837.250000 1.040320
625600 298.440857 141.763168 -20570.083984 3338.741211 54837.250000 1.040320
625700 298.440857 141.763168 -20570.083984 3338.741211 54837.250000 1.040320
625800 298.440857 141.763168 -20570.083984 3338.741211 54837.250000 1.040320
625900 298.440857 141.763168 -20570.083984 3338.741211 54837.250000 1.040320
626000 298.440857 141.763168 -20570.083984 3338.741211 54837.250000 1.040320
626100 298.440857 141.763168 -20570.083984 3338.741211 54837.250000 1.040320
626200 298.440857 141.763168 -20570.083984 3338.741211 54837.250000 1.040320
626300 298.440857 141.763168 -20570.083984 3338.741211 54837.250000 1.040320
626400 298.440857 141.763168 -20570.083984 3338.741211 54837.250000 1.040320
626500 298.440857 141.763168 -20570.083984 3338.741211 54837.250000 1.040320
626600 298.440857 141.763168 -20570.083984 3338.741211 54837.250000 1.040320
626700 298.440857 141.763168 -20570.083984 3338.741211 54837.250000 1.040320
626800 298.440857 141.763168 -20570.083984 3338.741211 54837.250000 1.040320
626900 298.440857 141.763168 -20570.083984 3338.741211 54837.250000 1.040320
627000 298.440857 141.763168 -20570.083984 3338.741211 54837.250000 1.040320
627100 298.440857 141.763168 -20570.083984 3338.741211 54837.250000 1.040320
627200 298.440857 141.763168 -20570.083984 3338.741211 54837.250000 1.040320
627300 298.440857 141.763168 -20570.083984 3338.741211 54837.250000 1.040320
627400 298.440857 141.763168 -20570.083984 3338.741211 54837.250000 1.040320
627500 298.440857 141.763168 -20570.083984 3338.741211 54837.250000 1.040320
627600 298.440857 141.763168 -20570.083984 3338.741211 54837.250000 1.040320
627700 298.440857 141.763168 -20570.083984 3338.741211 54837.250000 1.040320
627800 298.440857 141.763168 -20570.083984 3338.741211 54837.250000 1.040320
627900 298.440857 141.763168 -20570.083984 3338.741211 54837.250000 1.040320
628000 298.440857 141.763168 -20570.083984 3338.741211 54837.250000 1.040320
628100 298.440857 141.763168 -20570.083984 3338.741211 54837.250000 1.040320
628200 298.440857 141.763168 -20570.083984 3338.741211 54837.250000 1.040320
628300 298.440857 141.763168 -20570.083984 3338.741211 54837.250000 1.040320
628400 298.440857 141.763168 -20570.083984 3338.741211 54837.250000 1.040320
628500 298.440857 141.763168 -20570.083984 3338.741211 54837.250000 1.040320
628600 298.440857 141.763168 -20570.083984 3338.741211 54837.250000 1.040320
628700 298.440857 141.763168 -20570.083984 3338.741211 54837.250000 1.040320
628800 298.440857 141.763168 -20570.083984 3338.741211 54837.250000 1.040320
628900 298.440857 141.763168 -20570.083984 3338.741211 54837.250000 1.040320
629000 298.440857 141.763168 -20570.083984 3338.741211 54837.250000 1.040320
629100 298.440857 141.763168 -20570.083984 3338.741211 54837.250000 1.040320
629200 298.440857 141.763168 -20570.083984 3338.741211 54837.250000 1.040320
629300 298.440857 141.763168 -20570.083984 3338.741211 54837.250000 1.040320
629400 298.440857 141.763168 -20570.083984 3338.741211 54837.250000 1.040320
629500 298.440857 141.763168 -20570.083984 3338.741211 54837.250000 1.040320
629600 298.440857 141.763168 -20570.083984 3338.741211 54837.250000 1.040320
629700 298.440857 141.763168 -20570.083984 3338.741211 54837.250000 1.040320
629800 298.440857 141.763168 -20570.083984 3338.741211 54837.250000 1.040320
629900 298.440857 141.763168 -20570.083984 3338.741211 54837.250000 1.040320
630000 298.440857 141.763168 -20570.083984 3338.741211 54837.250000 1.040320
630100 298.440857 141.763168 -20570.083984 3338.741211 54837.250000 1.040320
630200 298.440857 141.763168 -20570.083984 3338.741211 54837.250000 1.040320
630300 298.440857 141.763168 -20570.083984 3338.741211 54837.250000 1.040320
630400 298.440857 141.763168 -20570.083984 3338.741211 54837.250000 1.040320
630500 298.440857 141.763168 -20570.083984 3338.741211 54837.250000 1.040320
630600 298.440857 141.763168 -20570.083984 3338.741211 54837.250000 1.040320
630700 298.440857 141.763168 -20570.083984 3338.741211 54837.250000 1.040320
630800 298.440857 141.763168 -20570.083984 3338.741211 54837.250000 1.040320
630900 298.440857 141.763168 -20570.083984 3338.741211 54837.250000 1.040320
631000 298.440857 141.763168 -20570.083984 3338.741211 54837.250000 1.040320
631100 298.440857 141.763168 -20570.083984 3338.741211 54837.250000 1.040320
631200 298.440857 141.763168 -20570.083984 3338.741211 54837.250000 1.040320
631300 298.440857 141.763168 -20570.083984 3338.741211 54837.250000 1.040320
631400 298.440857 141.763168 -20570.083984 3338.741211 54837.250000 1.040320
631500 298.440857 141.763168 -20570.083984 3338.741211 54837.250000 1.040320
631600 298.440857 141.763168 -20570.083984 3338.741211 54837.250000 1.040320
631700 298.440857 141.763168 -20570.083984 3338.741211 54837.250000 1.040320
631800 298.440857 141.763168 -20570.083984 3338.741211 54837.250000 1.040320
631900 298.440857 141.763168 -20570.083984 3338.741211 54837.250000 1.040320
632000 298.440857 141.763168 -20570.083984 3338.741211 54837.250000 1.040320
632100 298.440857 141.763168 -20570.083984 3338.741211 54837.250000 1.040320
632200 298.440857 141.763168 -20570.083984 3338.741211 54837.250000 1.040320
632300 298.440857 141.763168 -20570.083984 3338.741211 54837.250000 1.040320
632400 298.440857 141.763168 -20570.083984 3338.741211 54837.250000 1.040320
632500 298.440857 141.763168 -20570.083984 3338.741211 54837.250000 1.040320
632600 298.440857 141.763168 -20570.083984 3338.741211 54837.250000 1.040320
632700 298.440857 141.763168 -20570.083984 3338.741211 54837.250000 1.040320
632800 298.440857 141.763168 -20570.083984 3338.741211 54837.250000 1.040320
632900 298.440857 141.763168 -20570.083984 3338.741211 54837.250000 1.040320
633000 298.440857 141.763168 -20570.083984 3338.741211 54837.250000 1.040320
633100 298.440857 141.763168 -20570.083984 3338.741211 54837.250000 1.040320
633200 298.440857 141.763168 -20570.083984 3338.741211 54837.250000 1.040320
633300 298.440857 141.763168 -20570.083984 3338.741211 54837.250000 1.040320
633400 298.440857 141.763168 -20570.083984 3338.741211 54837.250000 1.040320
633500 298.440857 141.763168 -20570.083984 3338.741211 54837.250000 1.040320
633600 298.440857 141.763168 -20570.083984 3338.741211 54837.250000 1.040320
633700 298.440857 141.763168 -20570.083984 3338.741211 54837.250000 1.040320
633800 298.440857 141.763168 -20570.083984 3338.741211 54837.250000 1.040320
633900 298.440857 141.763168 -20570.083984 3338.741211 54837.250000 1.040320
634000 298.440857 141.763168 -20570.083984 3338.741211 54837.250000 1.040320
634100 298.440857 141.763168 -20570.083984 3338.741211 54837.250000 1.040320
634200 298.440857 141.763168 -20570.083984 3338.741211 54837.250000 1.040320
634300 298.440857 141.763168 -20570.083984 3338.741211 54837.250000 1.040320
634400 298.440857 141.763168 -20570.083984 3338.741211 54837.250000 1.040320
634500 298.440857 141.763168 -20570.083984 3338.741211 54837.250000 1.040320
634600 298.440857 141.763168 -20570.083984 3338.741211 54837.250000 1.040320
634700 298.440857 141.763168 -20570.083984 3338.741211 54837.250000 1.040320
634800 298.440857 141.763168 -20570.083984 3338.741211 54837.250000 1.040320
634900 298.440857 141.763168 -20570.083984 3338.741211 54837.250000 1.040320
635000 298.440857 141.763168 -20570.083984 3338.741211 54837.250000 1.040320
635100 298.440857 141.763168 -20570.083984 3338.741211 54837.250000 1.040320
635200 298.440857 141.763168 -20570.083984 3338.741211 54837.250000 1.040320
635300 298.440857 141.763168 -20570.083984 3338.741211 54837.250000 1.040320
635400 298.440857 141.763168 -20570.083984 3338.741211 54837.250000 1.040320
635500 298.440857 141.763168 -20570.083984 3338.741211 54837.250000 1.040320
635600 298.440857 141.763168 -20570.083984 3338.741211 54837.250000 1.040320
635700 298.440857 141.763168 -20570.083984 3338.741211 54837.250000 1.040320
635800 298.440857 141.763168 -20570.083984 3338.741211 54837.250000 1.040320
635900 298.440857 141.763168 -20570.083984 3338.741211 54837.250000 1.040320
636000 298.440857 141.763168 -20570.083984 3338.741211 54837.250000 1.040320
636100 298.440857 141.763168 -20570.083984 3338.741211 54837.250000 1.040320
636200 298.440857 141.763168 -20570.083984 3338.741211 54837.250000 1.040320
636300 298.440857 141.763168 -20570.083984 3338.741211 54837.250000 1.040320
636400 298.440857 141.763168 -20570.083984 3338.741211 54837.250000 1.040320
636500 298.440857 141.763168 -20570.083984 3338.741211 54837.250000 1.040320
636600 298.440857 141.763168 -20570.083984 3338.741211 54837.250000 1.040320
636700 298.440857 141.763168 -20570.083984 3338.741211 54837.250000 1.040320
636800 298.440857 141.763168 -20570.083984 3338.741211 54837.250000 1.040320
636900 298.440857 141.763168 -20570.083984 3338.741211 54837.250000 1.040320
637000 298.440857 141.763168 -20570.083984 3338.741211 54837.250000 1.040320
637100 298.440857 141.763168 -20570.083984 3338.741211 54837.250000 1.040320
637200 298.440857 141.763168 -20570.083984 3338.741211 54837.250000 1.040320
637300 298.440857 141.763168 -20570.083984 3338.741211 54837.250000 1.040320
637400 298.440857 141.763168 -20570.083984 3338.741211 54837.250000 1.040320
637500 298.440857 141.763168 -20570.083984 3338.741211 54837.250000 1.040320
637600 298.440857 141.763168 -20570.083984 3338.741211 54837.250000 1.040320
637700 298.440857 141.763168 -20570.083984 3338.741211 54837.250000 1.040320
637800 298.440857 141.763168 -20570.083984 3338.741211 54837.250000 1.040320
637900 298.440857 141.763168 -20570.083984 3338.741211 54837.250000 1.040320
638000 298.440857 141.763168 -20570.083984 3338.741211 54837.250000 1.040320
638100 298.440857 141.763168 -20570.083984 3338.741211 54837.250000 1.040320
638200 298.440857 141.763168 -20570.083984 3338.741211 54837.250000 1.040320
638300 298.440857 141.763168 -20570.083984 3338.741211 54837.250000 1.040320
638400 298.440857 141.763168 -20570.083984 3338.741211 54837.250000 1.040320
638500 298.440857 141.763168 -20570.083984 3338.741211 54837.250000 1.040320
638600 298.440857 141.763168 -20570.083984 3338.741211 54837.250000 1.040320
638700 298.440857 141.763168 -20570.083984 3338.741211 54837.250000 1.040320
638800 298.440857 141.763168 -20570.083984 3338.741211 54837.250000 1.040320
638900 298.440857 141.763168 -20570.083984 3338.741211 54837.250000 1.040320
639000 298.440857 141.763168 -20570.083984 3338.741211 54837.250000 1.040320
639100 298.440857 141.763168 -20570.083984 3338.741211 54837.250000 1.040320
639200 298.440857 141.763168 -20570.083984 3338.741211 54837.250000 1.040320
639300 298.440857 141.763168 -20570.083984 3338.741211 54837.250000 1.040320
639400 298.440857 141.763168 -20570.083984 3338.741211 54837.250000 1.040320
639500 298.440857 141.763168 -20570.083984 3338.741211 54837.250000 1.040320
639600 298.440857 141.763168 -20570.083984 3338.741211 54837.250000 1.040320
639700 298.440857 141.763168 -20570.083984 3338.741211 54837.250000 1.040320
639800 298.440857 141.763168 -20570.083984 3338.741211 54837.250000 1.040320
639900 298.440857 141.763168 -20570.083984 3338.741211 54837.250000 1.040320
640000 298.440857 141.763168 -20570.083984 3338.741211 54837.250000 1.040320
640100 298.440857 141.763168 -20570.083984 3338.741211 54837.250000 1.040320
640200 298.440857 141.763168 -20570.083984 3338.741211 54837.250000 1.040320
640300 298.440857 141.763168 -20570.083984 3338.741211 54837.250000 1.040320
640400 298.440857 141.763168 -20570.083984 3338.741211 54837.250000 1.040320
640500 298.440857 141.763168 -20570.083984 3338.741211 54837.250000 1.040320
640600 298.440857 141.763168 -20570.083984 3338.741211 54837.250000 1.040320
640700 298.440857 141.763168 -20570.083984 3338.741211 54837.250000 1.040320
640800 298.440857 141.763168 -20570.083984 3338.741211 54837.250000 1.040320
640900 298.440857 141.763168 -20570.083984 3338.741211 54837.250000 1.040320
641000 298.440857 141.763168 -20570.083984 3338.741211 54837.250000 1.040320
641100 298.440857 141.763168 -20570.083984 3338.741211 54837.250000 1.040320
641200 298.440857 141.763168 -20570.083984 3338.741211 54837.250000 1.040320
641300 298.440857 141.763168 -20570.083984 3338.741211 54837.250000 1.040320
641400 298.440857 141.763168 -20570.083984 3338.741211 54837.250000 1.040320
641500 298.440857 141.763168 -20570.083984 3338.741211 54837.250000 1.040320
641600 298.440857 141.763168 -20570.083984 3338.741211 54837.250000 1.040320
641700 298.440857 141.763168 -20570.083984 3338.741211 54837.250000 1.040320
641800 298.440857 141.763168 -20570.083984 3338.741211 54837.250000 1.040320
641900 298.440857 141.763168 -20570.083984 3338.741211 54837.250000 1.040320
642000 298.440857 141.763168 -20570.083984 3338.741211 54837.250000 1.040320
642100 298.440857 141.763168 -20570.083984 3338.741211 54837.250000 1.040320
642200 298.440857 141.763168 -20570.083984 3338.741211 54837.250000 1.040320
642300 298.440857 141.763168 -20570.083984 3338.741211 54837.250000 1.040320
642400 298.440857 141.763168 -20570.083984 3338.741211 54837.250000 1.040320
642500 298.440857 141.763168 -20570.083984 3338.741211 54837.250000 1.040320
642600 298.440857 141.763168 -20570.083984 3338.741211 54837.250000 1.040320
642700 298.440857 141.763168 -20570.083984 3338.741211 54837.250000 1.040320
642800 298.440857 141.763168 -20570.083984 3338.741211 54837.250000 1.040320
642900 298.440857 141.763168 -20570.083984 3338.741211 54837.250000 1.040320
643000 298.440857 141.763168 -20570.083984 3338.741211 54837.250000 1.040320
643100 298.440857 141.763168 -20570.083984 3338.741211 54837.250000 1.040320
643200 298.440857 141.763168 -20570.083984 3338.741211 54837.250000 1.040320
643300 298.440857 141.763168 -20570.083984 3338.741211 54837.250000 1.040320
643400 298.440857 141.763168 -20570.083984 3338.741211 54837.250000 1.040320
643500 298.440857 141.763168 -20570.083984 3338.741211 54837.250000 1.040320
643600 298.440857 141.763168 -20570.083984 3338.741211 54837.250000 1.040320
643700 298.440857 141.763168 -20570.083984 3338.741211 54837.250000 1.040320
643800 298.440857 141.763168 -20570.083984 3338.741211 54837.250000 1.040320
643900 298.440857 141.763168 -20570.083984 3338.741211 54837.250000 1.040320
644000 298.440857 141.763168 -20570.083984 3338.741211 54837.250000 1.040320
644100 298.440857 141.763168 -20570.083984 3338.741211 54837.250000 1.040320
644200 298.440857 141.763168 -20570.083984 3338.741211 54837.250000 1.040320
644300 298.440857 141.763168 -20570.083984 3338.741211 54837.250000 1.040320
644400 298.440857 141.763168 -20570.083984 3338.741211 54837.250000 1.040320
644500 298.440857 141.763168 -20570.083984 3338.741211 54837.250000 1.040320
644600 298.440857 141.763168 -20570.083984 3338.741211 54837.250000 1.040320
644700 298.440857 141.763168 -20570.083984 3338.741211 54837.250000 1.040320
644800 298.440857 141.763168 -20570.083984 3338.741211 54837.250000 1.040320
644900 298.440857 141.763168 -20570.083984 3338.741211 54837.250000 1.040320
645000 298.440857 141.763168 -20570.083984 3338.741211 54837.250000 1.040320
645100 298.440857 141.763168 -20570.083984 3338.741211 54837.250000 1.040320
645200 298.440857 141.763168 -20570.083984 3338.741211 54837.250000 1.040320
645300 298.440857 141.763168 -20570.083984 3338.741211 54837.250000 1.040320
645400 298.440857 141.763168 -20570.083984 3338.741211 54837.250000 1.040320
645500 298.440857 141.763168 -20570.083984 3338.741211 54837.250000 1.040320
645600 298.440857 141.763168 -20570.083984 3338.741211 54837.250000 1.040320
645700 298.440857 141.763168 -20570.083984 3338.741211 54837.250000 1.040320
645800 298.440857 141.763168 -20570.083984 3338.741211 54837.250000 1.040320
645900 298.440857 141.763168 -20570.083984 3338.741211 54837.250000 1.040320
646000 298.440857 141.763168 -20570.083984 3338.741211 54837.250000 1.040320
646100 298.440857 141.763168 -20570.083984 3338.741211 54837.250000 1.040320
646200 298.440857 141.763168 -20570.083984 3338.741211 54837.250000 1.040320
646300 298.440857 141.763168 -20570.083984 3338.741211 54837.250000 1.040320
646400 298.440857 141.763168 -20570.083984 3338.741211 54837.250000 1.040320
646500 298.440857 141.763168 -20570.083984 3338.741211 54837.250000 1.040320
646600 298.440857 141.763168 -20570.083984 3338.741211 54837.250000 1.040320
646700 298.440857 141.763168 -20570.083984 3338.741211 54837.250000 1.040320
646800 298.440857 141.763168 -20570.083984 3338.741211 54837.250000 1.040320
646900 298.440857 141.763168 -20570.083984 3338.741211 54837.250000 1.040320
647000 298.440857 141.763168 -20570.083984 3338.741211 54837.250000 1.040320
647100 298.440857 141.763168 -20570.083984 3338.741211 54837.250000 1.040320
647200 298.440857 141.763168 -20570.083984 3338.741211 54837.250000 1.040320
647300 298.440857 141.763168 -20570.083984 3338.741211 54837.250000 1.040320
647400 298.440857 141.763168 -20570.083984 3338.741211 54837.250000 1.040320
647500 298.440857 141.763168 -20570.083984 3338.741211 54837.250000 1.040320
647600 298.440857 141.763168 -20570.083984 3338.741211 54837.250000 1.040320
647700 298.440857 141.763168 -20570.083984 3338.741211 54837.250000 1.040320
647800 298.440857 141.763168 -20570.083984 3338.741211 54837.250000 1.040320
647900 298.440857 141.763168 -20570.083984 3338.741211 54837.250000 1.040320
648000 298.440857 141.763168 -20570.083984 3338.741211 54837.250000 1.040320
648100 298.440857 141.763168 -20570.083984 3338.741211 54837.250000 1.040320
648200 298.440857 141.763168 -20570.083984 3338.741211 54837.250000 1.040320
648300 298.440857 141.763168 -20570.083984 3338.741211 54837.250000 1.040320
648400 298.440857 141.763168 -20570.083984 3338.741211 54837.250000 1.040320
648500 298.440857 141.763168 -20570.083984 3338.741211 54837.250000 1.040320
648600 298.440857 141.763168 -20570.083984 3338.741211 54837.250000 1.040320
648700 298.440857 141.763168 -20570.083984 3338.741211 54837.250000 1.040320
648800 298.440857 141.763168 -20570.083984 3338.741211 54837.250000 1.040320
648900 298.440857 141.763168 -20570.083984 3338.741211 54837.250000 1.040320
649000 298.440857 141.763168 -20570.083984 3338.741211 54837.250000 1.040320
649100 298.440857 141.763168 -20570.083984 3338.741211 54837.250000 1.040320
649200 298.440857 141.763168 -20570.083984 3338.741211 54837.250000 1.040320
649300 298.440857 141.763168 -20570.083984 3338.741211 54837.250000 1.040320
649400 298.440857 141.763168 -20570.083984 3338.741211 54837.250000 1.040320
649500 298.440857 141.763168 -20570.083984 3338.741211 54837.250000 1.040320
649600 298.440857 141.763168 -20570.083984 3338.741211 54837.250000 1.040320
649700 298.440857 141.763168 -20570.083984 3338.741211 54837.250000 1.040320
649800 298.440857 141.763168 -20570.083984 3338.741211 54837.250000 1.040320
649900 298.440857 141.763168 -20570.083984 3338.741211 54837.250000 1.040320
650000 298.440857 141.763168 -20570.083984 3338.741211 54837.250000 1.040320
650100 298.440857 141.763168 -20570.083984 3338.741211 54837.250000 1.040320
650200 298.440857 141.763168 -20570.083984 3338.741211 54837.250000 1.040320
650300 298.440857 141.763168 -20570.083984 3338.741211 54837.250000 1.040320
650400 298.440857 141.763168 -20570.083984 3338.741211 54837.250000 1.040320
650500 298.440857 141.763168 -20570.083984 3338.741211 54837.250000 1.040320
650600 298.440857 141.763168 -20570.083984 3338.741211 54837.250000 1.040320
650700 298.440857 141.763168 -20570.083984 3338.741211 54837.250000 1.040320
650800 298.440857 141.763168 -20570.083984 3338.741211 54837.250000 1.040320
650900 298.440857 141.763168 -20570.083984 3338.741211 54837.250000 1.040320
651000 298.440857 141.763168 -20570.083984 3338.741211 54837.250000 1.040320
651100 298.440857 141.763168 -20570.083984 3338.741211 54837.250000 1.040320
651200 298.440857 141.763168 -20570.083984 3338.741211 54837.250000 1.040320
651300 298.440857 141.763168 -20570.083984 3338.741211 54837.250000 1.040320
651400 298.440857 141.763168 -20570.083984 3338.741211 54837.250000 1.040320
651500 298.440857 141.763168 -20570.083984 3338.741211 54837.250000 1.040320
651600 298.440857 141.763153 -20570.083984 3338.741211 54837.250000 1.040320
651700 298.440857 141.763138 -20570.083984 3338.741211 54837.250000 1.040320
651800 298.440857 141.763153 -20570.083984 3338.741211 54837.250000 1.040320
651900 298.440857 141.763153 -20570.083984 3338.741211 54837.250000 1.040320
652000 298.440857 141.763153 -20570.083984 3338.741211 54837.250000 1.040320
652100 298.440857 141.763153 -20570.083984 3338.741211 54837.250000 1.040320
652200 298.440857 141.763168 -20570.083984 3338.741211 54837.250000 1.040320
652300 298.440857 141.763168 -20570.083984 3338.741211 54837.250000 1.040320
652400 298.440857 141.763168 -20570.083984 3338.741211 54837.250000 1.040320
652500 298.440857 141.763168 -20570.083984 3338.741211 54837.250000 1.040320
652600 298.440857 141.763168 -20570.083984 3338.741211 54837.250000 1.040320
652700 298.440857 141.763168 -20570.083984 3338.741211 54837.250000 1.040320
652800 298.440857 141.763168 -20570.083984 3338.741211 54837.250000 1.040320
652900 298.440857 141.763168 -20570.083984 3338.741211 54837.250000 1.040320
653000 298.440857 141.763168 -20570.083984 3338.741211 54837.250000 1.040320
653100 298.440857 141.763168 -20570.083984 3338.741211 54837.250000 1.040320
653200 298.440857 141.763168 -20570.083984 3338.741211 54837.250000 1.040320
653300 298.440857 141.763168 -20570.083984 3338.741211 54837.250000 1.040320
653400 298.440857 141.763168 -20570.083984 3338.741211 54837.250000 1.040320
653500 298.440857 141.763168 -20570.083984 3338.741211 54837.250000 1.040320
653600 298.440857 141.763168 -20570.083984 3338.741211 54837.250000 1.040320
653700 298.440857 141.763168 -20570.083984 3338.741211 54837.250000 1.040320
653800 298.440857 141.763168 -20570.083984 3338.741211 54837.250000 1.040320
653900 298.440857 141.763168 -20570.083984 3338.741211 54837.250000 1.040320
654000 298.440857 141.763168 -20570.083984 3338.741211 54837.250000 1.040320
654100 298.440857 141.763168 -20570.083984 3338.741211 54837.250000 1.040320
654200 298.440857 141.763168 -20570.083984 3338.741211 54837.250000 1.040320
654300 298.440857 141.763168 -20570.083984 3338.741211 54837.250000 1.040320
654400 298.440857 141.763168 -20570.083984 3338.741211 54837.250000 1.040320
654500 298.440857 141.763168 -20570.083984 3338.741211 54837.250000 1.040320
654600 298.440857 141.763168 -20570.083984 3338.741211 54837.250000 1.040320
654700 298.440857 141.763168 -20570.083984 3338.741211 54837.250000 1.040320
654800 298.440857 141.763168 -20570.083984 3338.741211 54837.250000 1.040320
654900 298.440857 141.763168 -20570.083984 3338.741211 54837.250000 1.040320
655000 298.440857 141.763168 -20570.083984 3338.741211 54837.250000 1.040320
655100 298.440857 141.763168 -20570.083984 3338.741211 54837.250000 1.040320
655200 298.440857 141.763168 -20570.083984 3338.741211 54837.250000 1.040320
655300 298.440857 141.763168 -20570.083984 3338.741211 54837.250000 1.040320
655400 298.440857 141.763168 -20570.083984 3338.741211 54837.250000 1.040320
655500 298.440857 141.763168 -20570.083984 3338.741211 54837.250000 1.040320
655600 298.440857 141.763168 -20570.083984 3338.741211 54837.250000 1.040320
655700 298.440857 141.763168 -20570.083984 3338.741211 54837.250000 1.040320
655800 298.440857 141.763168 -20570.083984 3338.741211 54837.250000 1.040320
655900 298.440857 141.763168 -20570.083984 3338.741211 54837.250000 1.040320
656000 298.440857 141.763168 -20570.083984 3338.741211 54837.250000 1.040320
656100 298.440857 141.763168 -20570.083984 3338.741211 54837.250000 1.040320
656200 298.440857 141.763168 -20570.083984 3338.741211 54837.250000 1.040320
656300 298.440857 141.763168 -20570.083984 3338.741211 54837.250000 1.040320
656400 298.440857 141.763168 -20570.083984 3338.741211 54837.250000 1.040320
656500 298.440857 141.763168 -20570.083984 3338.741211 54837.250000 1.040320
656600 298.440857 141.763168 -20570.083984 3338.741211 54837.250000 1.040320
656700 298.440857 141.763168 -20570.083984 3338.741211 54837.250000 1.040320
656800 298.440857 141.763168 -20570.083984 3338.741211 54837.250000 1.040320
656900 298.440857 141.763168 -20570.083984 3338.741211 54837.250000 1.040320
657000 298.440857 141.763168 -20570.083984 3338.741211 54837.250000 1.040320
657100 298.440857 141.763168 -20570.083984 3338.741211 54837.250000 1.040320
657200 298.440857 141.763168 -20570.083984 3338.741211 54837.250000 1.040320
657300 298.440857 141.763168 -20570.083984 3338.741211 54837.250000 1.040320
657400 298.440857 141.763168 -20570.083984 3338.741211 54837.250000 1.040320
657500 298.440857 141.763168 -20570.083984 3338.741211 54837.250000 1.040320
657600 298.440857 141.763168 -20570.083984 3338.741211 54837.250000 1.040320
657700 298.440857 141.763168 -20570.083984 3338.741211 54837.250000 1.040320
657800 298.440857 141.763168 -20570.083984 3338.741211 54837.250000 1.040320
657900 298.440857 141.763168 -20570.083984 3338.741211 54837.250000 1.040320
658000 298.440857 141.763168 -20570.083984 3338.741211 54837.250000 1.040320
658100 298.440857 141.763168 -20570.083984 3338.741211 54837.250000 1.040320
658200 298.440857 141.763168 -20570.083984 3338.741211 54837.250000 1.040320
658300 298.440857 141.763168 -20570.083984 3338.741211 54837.250000 1.040320
658400 298.440857 141.763168 -20570.083984 3338.741211 54837.250000 1.040320
658500 298.440857 141.763168 -20570.083984 3338.741211 54837.250000 1.040320
658600 298.440857 141.763168 -20570.083984 3338.741211 54837.250000 1.040320
658700 298.440857 141.763168 -20570.083984 3338.741211 54837.250000 1.040320
658800 298.440857 141.763168 -20570.083984 3338.741211 54837.250000 1.040320
658900 298.440857 141.763168 -20570.083984 3338.741211 54837.250000 1.040320
659000 298.440857 141.763168 -20570.083984 3338.741211 54837.250000 1.040320
659100 298.440857 141.763168 -20570.083984 3338.741211 54837.250000 1.040320
659200 298.440857 141.763168 -20570.083984 3338.741211 54837.250000 1.040320
659300 298.440857 141.763168 -20570.083984 3338.741211 54837.250000 1.040320
659400 298.440857 141.763168 -20570.083984 3338.741211 54837.250000 1.040320
659500 298.440857 141.763168 -20570.083984 3338.741211 54837.250000 1.040320
659600 298.440857 141.763168 -20570.083984 3338.741211 54837.250000 1.040320
659700 298.440857 141.763168 -20570.083984 3338.741211 54837.250000 1.040320
659800 298.440857 141.763168 -20570.083984 3338.741211 54837.250000 1.040320
659900 298.440857 141.763168 -20570.083984 3338.741211 54837.250000 1.040320
660000 298.440857 141.763168 -20570.083984 3338.741211 54837.250000 1.040320
660100 298.440857 141.763168 -20570.083984 3338.741211 54837.250000 1.040320
660200 298.440857 141.763168 -20570.083984 3338.741211 54837.250000 1.040320
660300 298.440857 141.763168 -20570.083984 3338.741211 54837.250000 1.040320
660400 298.440857 141.763168 -20570.083984 3338.741211 54837.250000 1.040320
660500 298.440857 141.763153 -20570.083984 3338.741211 54837.250000 1.040320
660600 298.440857 141.763153 -20570.083984 3338.741211 54837.250000 1.040320
660700 298.440857 141.763153 -20570.083984 3338.741211 54837.250000 1.040320
660800 298.440857 141.763153 -20570.083984 3338.741211 54837.250000 1.040320
660900 298.440857 141.763168 -20570.083984 3338.741211 54837.250000 1.040320
661000 298.440857 141.763168 -20570.083984 3338.741211 54837.250000 1.040320
661100 298.440857 141.763168 -20570.083984 3338.741211 54837.250000 1.040320
661200 298.440857 141.763168 -20570.083984 3338.741211 54837.250000 1.040320
661300 298.440857 141.763168 -20570.083984 3338.741211 54837.250000 1.040320
661400 298.440857 141.763168 -20570.083984 3338.741211 54837.250000 1.040320
661500 298.440857 141.763168 -20570.083984 3338.741211 54837.250000 1.040320
661600 298.440857 141.763168 -20570.083984 3338.741211 54837.250000 1.040320
661700 298.440857 141.763168 -20570.083984 3338.741211 54837.250000 1.040320
661800 298.440857 141.763168 -20570.083984 3338.741211 54837.250000 1.040320
661900 298.440857 141.763168 -20570.083984 3338.741211 54837.250000 1.040320
662000 298.440857 141.763168 -20570.083984 3338.741211 54837.250000 1.040320
662100 298.440857 141.763168 -20570.083984 3338.741211 54837.250000 1.040320
662200 298.440857 141.763168 -20570.083984 3338.741211 54837.250000 1.040320
662300 298.440857 141.763168 -20570.083984 3338.741211 54837.250000 1.040320
662400 298.440857 141.763168 -20570.083984 3338.741211 54837.250000 1.040320
662500 298.440857 141.763168 -20570.083984 3338.741211 54837.250000 1.040320
662600 298.440857 141.763168 -20570.083984 3338.741211 54837.250000 1.040320
662700 298.440857 141.763168 -20570.083984 3338.741211 54837.250000 1.040320
662800 298.440857 141.763168 -20570.083984 3338.741211 54837.250000 1.040320
662900 298.440857 141.763168 -20570.083984 3338.741211 54837.250000 1.040320
663000 298.440857 141.763168 -20570.083984 3338.741211 54837.250000 1.040320
663100 298.440857 141.763168 -20570.083984 3338.741211 54837.250000 1.040320
663200 298.440857 141.763168 -20570.083984 3338.741211 54837.250000 1.040320
663300 298.440857 141.763168 -20570.083984 3338.741211 54837.250000 1.040320
663400 298.440857 141.763168 -20570.083984 3338.741211 54837.250000 1.040320
663500 298.440857 141.763168 -20570.083984 3338.741211 54837.250000 1.040320
663600 298.440857 141.763168 -20570.083984 3338.741211 54837.250000 1.040320
663700 298.440857 141.763168 -20570.083984 3338.741211 54837.250000 1.040320
663800 298.440857 141.763168 -20570.083984 3338.741211 54837.250000 1.040320
663900 298.440857 141.763168 -20570.083984 3338.741211 54837.250000 1.040320
664000 298.440857 141.763168 -20570.083984 3338.741211 54837.250000 1.040320
664100 298.440857 141.763168 -20570.083984 3338.741211 54837.250000 1.040320
664200 298.440857 141.763168 -20570.083984 3338.741211 54837.250000 1.040320
664300 298.440857 141.763168 -20570.083984 3338.741211 54837.250000 1.040320
664400 298.440857 141.763168 -20570.083984 3338.741211 54837.250000 1.040320
664500 298.440857 141.763168 -20570.083984 3338.741211 54837.250000 1.040320
664600 298.440857 141.763168 -20570.083984 3338.741211 54837.250000 1.040320
664700 298.440857 141.763168 -20570.083984 3338.741211 54837.250000 1.040320
664800 298.440857 141.763168 -20570.083984 3338.741211 54837.250000 1.040320
664900 298.440857 141.763168 -20570.083984 3338.741211 54837.250000 1.040320
665000 298.440857 141.763168 -20570.083984 3338.741211 54837.250000 1.040320
665100 298.440857 141.763168 -20570.083984 3338.741211 54837.250000 1.040320
665200 298.440857 141.763168 -20570.083984 3338.741211 54837.250000 1.040320
665300 298.440857 141.763168 -20570.083984 3338.741211 54837.250000 1.040320
665400 298.440857 141.763168 -20570.083984 3338.741211 54837.250000 1.040320
665500 298.440857 141.763168 -20570.083984 3338.741211 54837.250000 1.040320
665600 298.440857 141.763168 -20570.083984 3338.741211 54837.250000 1.040320
665700 298.440857 141.763168 -20570.083984 3338.741211 54837.250000 1.040320
665800 298.440857 141.763168 -20570.083984 3338.741211 54837.250000 1.040320
665900 298.440857 141.763168 -20570.083984 3338.741211 54837.250000 1.040320
666000 298.440857 141.763168 -20570.083984 3338.741211 54837.250000 1.040320
666100 298.440857 141.763168 -20570.083984 3338.741211 54837.250000 1.040320
666200 298.440857 141.763168 -20570.083984 3338.741211 54837.250000 1.040320
666300 298.440857 141.763168 -20570.083984 3338.741211 54837.250000 1.040320
666400 298.440857 141.763168 -20570.083984 3338.741211 54837.250000 1.040320
666500 298.440857 141.763168 -20570.083984 3338.741211 54837.250000 1.040320
666600 298.440857 141.763168 -20570.083984 3338.741211 54837.250000 1.040320
666700 298.440857 141.763168 -20570.083984 3338.741211 54837.250000 1.040320
666800 298.440857 141.763168 -20570.083984 3338.741211 54837.250000 1.040320
666900 298.440857 141.763168 -20570.083984 3338.741211 54837.250000 1.040320
667000 298.440857 141.763168 -20570.083984 3338.741211 54837.250000 1.040320
667100 298.440857 141.763138 -20570.083984 3338.741211 54837.250000 1.040320
667200 298.440857 141.763153 -20570.083984 3338.741211 54837.250000 1.040320
667300 298.440857 141.763153 -20570.083984 3338.741211 54837.250000 1.040320
667400 298.440857 141.763153 -20570.083984 3338.741211 54837.250000 1.040320
667500 298.440857 141.763168 -20570.083984 3338.741211 54837.250000 1.040320
667600 298.440857 141.763168 -20570.083984 3338.741211 54837.250000 1.040320
667700 298.440857 141.763168 -20570.083984 3338.741211 54837.250000 1.040320
667800 298.440857 141.763168 -20570.083984 3338.741211 54837.250000 1.040320
667900 298.440857 141.763168 -20570.083984 3338.741211 54837.250000 1.040320
668000 298.440857 141.763168 -20570.083984 3338.741211 54837.250000 1.040320
668100 298.440857 141.763168 -20570.083984 3338.741211 54837.250000 1.040320
668200 298.440857 141.763168 -20570.083984 3338.741211 54837.250000 1.040320
668300 298.440857 141.763168 -20570.083984 3338.741211 54837.250000 1.040320
668400 298.440857 141.763168 -20570.083984 3338.741211 54837.250000 1.040320
668500 298.440857 141.763168 -20570.083984 3338.741211 54837.250000 1.040320
668600 298.440857 141.763168 -20570.083984 3338.741211 54837.250000 1.040320
668700 298.440857 141.763168 -20570.083984 3338.741211 54837.250000 1.040320
668800 298.440857 141.763168 -20570.083984 3338.741211 54837.250000 1.040320
668900 298.440857 141.763168 -20570.083984 3338.741211 54837.250000 1.040320
669000 298.440857 141.763168 -20570.083984 3338.741211 54837.250000 1.040320
669100 298.440857 141.763168 -20570.083984 3338.741211 54837.250000 1.040320
669200 298.440857 141.763168 -20570.083984 3338.741211 54837.250000 1.040320
669300 298.440857 141.763168 -20570.083984 3338.741211 54837.250000 1.040320
669400 298.440857 141.763168 -20570.083984 3338.741211 54837.250000 1.040320
669500 298.440857 141.763168 -20570.083984 3338.741211 54837.250000 1.040320
669600 298.440857 141.763168 -20570.083984 3338.741211 54837.250000 1.040320
669700 298.440857 141.763168 -20570.083984 3338.741211 54837.250000 1.040320
669800 298.440857 141.763168 -20570.083984 3338.741211 54837.250000 1.040320
669900 298.440857 141.763168 -20570.083984 3338.741211 54837.250000 1.040320
670000 298.440857 141.763168 -20570.083984 3338.741211 54837.250000 1.040320
670100 298.440857 141.763168 -20570.083984 3338.741211 54837.250000 1.040320
670200 298.440857 141.763168 -20570.083984 3338.741211 54837.250000 1.040320
670300 298.440857 141.763168 -20570.083984 3338.741211 54837.250000 1.040320
670400 298.440857 141.763168 -20570.083984 3338.741211 54837.250000 1.040320
670500 298.440857 141.763168 -20570.083984 3338.741211 54837.250000 1.040320
670600 298.440857 141.763168 -20570.083984 3338.741211 54837.250000 1.040320
670700 298.440857 141.763168 -20570.083984 3338.741211 54837.250000 1.040320
670800 298.440857 141.763168 -20570.083984 3338.741211 54837.250000 1.040320
670900 298.440857 141.763168 -20570.083984 3338.741211 54837.250000 1.040320
671000 298.440857 141.763168 -20570.083984 3338.741211 54837.250000 1.040320
671100 298.440857 141.763168 -20570.083984 3338.741211 54837.250000 1.040320
671200 298.440857 141.763168 -20570.083984 3338.741211 54837.250000 1.040320
671300 298.440857 141.763168 -20570.083984 3338.741211 54837.250000 1.040320
671400 298.440857 141.763168 -20570.083984 3338.741211 54837.250000 1.040320
671500 298.440857 141.763168 -20570.083984 3338.741211 54837.250000 1.040320
671600 298.440857 141.763153 -20570.083984 3338.741211 54837.250000 1.040320
671700 298.440857 141.763153 -20570.083984 3338.741211 54837.250000 1.040320
671800 298.440857 141.763153 -20570.083984 3338.741211 54837.250000 1.040320
671900 298.440857 141.763153 -20570.083984 3338.741211 54837.250000 1.040320
672000 298.440857 141.763168 -20570.083984 3338.741211 54837.250000 1.040320
672100 298.440857 141.763168 -20570.083984 3338.741211 54837.250000 1.040320
672200 298.440857 141.763168 -20570.083984 3338.741211 54837.250000 1.040320
672300 298.440857 141.763168 -20570.083984 3338.741211 54837.250000 1.040320
672400 298.440857 141.763168 -20570.083984 3338.741211 54837.250000 1.040320
672500 298.440857 141.763168 -20570.083984 3338.741211 54837.250000 1.040320
672600 298.440857 141.763168 -20570.083984 3338.741211 54837.250000 1.040320
672700 298.440857 141.763168 -20570.083984 3338.741211 54837.250000 1.040320
672800 298.440857 141.763168 -20570.083984 3338.741211 54837.250000 1.040320
672900 298.440857 141.763168 -20570.083984 3338.741211 54837.250000 1.040320
673000 298.440857 141.763168 -20570.083984 3338.741211 54837.250000 1.040320
673100 298.440857 141.763168 -20570.083984 3338.741211 54837.250000 1.040320
673200 298.440857 141.763168 -20570.083984 3338.741211 54837.250000 1.040320
673300 298.440857 141.763168 -20570.083984 3338.741211 54837.250000 1.040320
673400 298.440857 141.763168 -20570.083984 3338.741211 54837.250000 1.040320
673500 298.440857 141.763168 -20570.083984 3338.741211 54837.250000 1.040320
673600 298.440857 141.763168 -20570.083984 3338.741211 54837.250000 1.040320
673700 298.440857 141.763168 -20570.083984 3338.741211 54837.250000 1.040320
673800 298.440857 141.763168 -20570.083984 3338.741211 54837.250000 1.040320
673900 298.440857 141.763168 -20570.083984 3338.741211 54837.250000 1.040320
674000 298.440857 141.763168 -20570.083984 3338.741211 54837.250000 1.040320
674100 298.440857 141.763168 -20570.083984 3338.741211 54837.250000 1.040320
674200 298.440857 141.763168 -20570.083984 3338.741211 54837.250000 1.040320
674300 298.440857 141.763168 -20570.083984 3338.741211 54837.250000 1.040320
674400 298.440857 141.763168 -20570.083984 3338.741211 54837.250000 1.040320
674500 298.440857 141.763168 -20570.083984 3338.741211 54837.250000 1.040320
674600 298.440857 141.763168 -20570.083984 3338.741211 54837.250000 1.040320
674700 298.440857 141.763168 -20570.083984 3338.741211 54837.250000 1.040320
674800 298.440857 141.763168 -20570.083984 3338.741211 54837.250000 1.040320
674900 298.440857 141.763168 -20570.083984 3338.741211 54837.250000 1.040320
675000 298.440857 141.763168 -20570.083984 3338.741211 54837.250000 1.040320
675100 298.440857 141.763168 -20570.083984 3338.741211 54837.250000 1.040320
675200 298.440857 141.763168 -20570.083984 3338.741211 54837.250000 1.040320
675300 298.440857 141.763168 -20570.083984 3338.741211 54837.250000 1.040320
675400 298.440857 141.763168 -20570.083984 3338.741211 54837.250000 1.040320
675500 298.440857 141.763168 -20570.083984 3338.741211 54837.250000 1.040320
675600 298.440857 141.763168 -20570.083984 3338.741211 54837.250000 1.040320
675700 298.440857 141.763168 -20570.083984 3338.741211 54837.250000 1.040320
675800 298.440857 141.763168 -20570.083984 3338.741211 54837.250000 1.040320
675900 298.440857 141.763168 -20570.083984 3338.741211 54837.250000 1.040320
676000 298.440857 141.763168 -20570.083984 3338.741211 54837.250000 1.040320
676100 298.440857 141.763168 -20570.083984 3338.741211 54837.250000 1.040320
676200 298.440857 141.763168 -20570.083984 3338.741211 54837.250000 1.040320
676300 298.440857 141.763168 -20570.083984 3338.741211 54837.250000 1.040320
676400 298.440857 141.763168 -20570.083984 3338.741211 54837.250000 1.040320
676500 298.440857 141.763168 -20570.083984 3338.741211 54837.250000 1.040320
676600 298.440857 141.763168 -20570.083984 3338.741211 54837.250000 1.040320
676700 298.440857 141.763168 -20570.083984 3338.741211 54837.250000 1.040320
676800 298.440857 141.763153 -20570.083984 3338.741211 54837.250000 1.040320
676900 298.440857 141.763153 -20570.083984 3338.741211 54837.250000 1.040320
677000 298.440857 141.763153 -20570.083984 3338.741211 54837.250000 1.040320
677100 298.440857 141.763153 -20570.083984 3338.741211 54837.250000 1.040320
677200 298.440857 141.763153 -20570.083984 3338.741211 54837.250000 1.040320
677300 298.440857 141.763168 -20570.083984 3338.741211 54837.250000 1.040320
677400 298.440857 141.763168 -20570.083984 3338.741211 54837.250000 1.040320
677500 298.440857 141.763168 -20570.083984 3338.741211 54837.250000 1.040320
677600 298.440857 141.763153 -20570.083984 3338.741211 54837.250000 1.040320
677700 298.440857 141.763153 -20570.083984 3338.741211 54837.250000 1.040320
677800 298.440857 141.763153 -20570.083984 3338.741211 54837.250000 1.040320
677900 298.440857 141.763153 -20570.083984 3338.741211 54837.250000 1.040320
678000 298.440857 141.763153 -20570.083984 3338.741211 54837.250000 1.040320
678100 298.440857 141.763168 -20570.083984 3338.741211 54837.250000 1.040320
678200 298.440857 141.763168 -20570.083984 3338.741211 54837.250000 1.040320
678300 298.440857 141.763168 -20570.083984 3338.741211 54837.250000 1.040320
678400 298.440857 141.763168 -20570.083984 3338.741211 54837.250000 1.040320
678500 298.440857 141.763168 -20570.083984 3338.741211 54837.250000 1.040320
678600 298.440857 141.763168 -20570.083984 3338.741211 54837.250000 1.040320
678700 298.440857 141.763168 -20570.083984 3338.741211 54837.250000 1.040320
678800 298.440857 141.763168 -20570.083984 3338.741211 54837.250000 1.040320
678900 298.440857 141.763168 -20570.083984 3338.741211 54837.250000 1.040320
679000 298.440857 141.763168 -20570.083984 3338.741211 54837.250000 1.040320
679100 298.440857 141.763168 -20570.083984 3338.741211 54837.250000 1.040320
679200 298.440857 141.763168 -20570.083984 3338.741211 54837.250000 1.040320
679300 298.440857 141.763168 -20570.083984 3338.741211 54837.250000 1.040320
679400 298.440857 141.763168 -20570.083984 3338.741211 54837.250000 1.040320
679500 298.440857 141.763168 -20570.083984 3338.741211 54837.250000 1.040320
679600 298.440857 141.763168 -20570.083984 3338.741211 54837.250000 1.040320
679700 298.440857 141.763168 -20570.083984 3338.741211 54837.250000 1.040320
679800 298.440857 141.763168 -20570.083984 3338.741211 54837.250000 1.040320
679900 298.440857 141.763168 -20570.083984 3338.741211 54837.250000 1.040320
680000 298.440857 141.763168 -20570.083984 3338.741211 54837.250000 1.040320
680100 298.440857 141.763168 -20570.083984 3338.741211 54837.250000 1.040320
680200 298.440857 141.763168 -20570.083984 3338.741211 54837.250000 1.040320
680300 298.440857 141.763168 -20570.083984 3338.741211 54837.250000 1.040320
680400 298.440857 141.763168 -20570.083984 3338.741211 54837.250000 1.040320
680500 298.440857 141.763168 -20570.083984 3338.741211 54837.250000 1.040320
680600 298.440857 141.763168 -20570.083984 3338.741211 54837.250000 1.040320
680700 298.440857 141.763168 -20570.083984 3338.741211 54837.250000 1.040320
680800 298.440857 141.763168 -20570.083984 3338.741211 54837.250000 1.040320
680900 298.440857 141.763168 -20570.083984 3338.741211 54837.250000 1.040320
681000 298.440857 141.763168 -20570.083984 3338.741211 54837.250000 1.040320
681100 298.440857 141.763168 -20570.083984 3338.741211 54837.250000 1.040320
681200 298.440857 141.763168 -20570.083984 3338.741211 54837.250000 1.040320
681300 298.440857 141.763168 -20570.083984 3338.741211 54837.250000 1.040320
681400 298.440857 141.763168 -20570.083984 3338.741211 54837.250000 1.040320
681500 298.440857 141.763168 -20570.083984 3338.741211 54837.250000 1.040320
681600 298.440857 141.763168 -20570.083984 3338.741211 54837.250000 1.040320
681700 298.440857 141.763168 -20570.083984 3338.741211 54837.250000 1.040320
681800 298.440857 141.763168 -20570.083984 3338.741211 54837.250000 1.040320
681900 298.440857 141.763168 -20570.083984 3338.741211 54837.250000 1.040320
682000 298.440857 141.763168 -20570.083984 3338.741211 54837.250000 1.040320
682100 298.440857 141.763168 -20570.083984 3338.741211 54837.250000 1.040320
682200 298.440857 141.763168 -20570.083984 3338.741211 54837.250000 1.040320
682300 298.440857 141.763168 -20570.083984 3338.741211 54837.250000 1.040320
682400 298.440857 141.763168 -20570.083984 3338.741211 54837.250000 1.040320
682500 298.440857 141.763168 -20570.083984 3338.741211 54837.250000 1.040320
682600 298.440857 141.763168 -20570.083984 3338.741211 54837.250000 1.040320
682700 298.440857 141.763168 -20570.083984 3338.741211 54837.250000 1.040320
682800 298.440857 141.763168 -20570.083984 3338.741211 54837.250000 1.040320
682900 298.440857 141.763168 -20570.083984 3338.741211 54837.250000 1.040320
683000 298.440857 141.763168 -20570.083984 3338.741211 54837.250000 1.040320
683100 298.440857 141.763168 -20570.083984 3338.741211 54837.250000 1.040320
683200 298.440857 141.763168 -20570.083984 3338.741211 54837.250000 1.040320
683300 298.440857 141.763168 -20570.083984 3338.741211 54837.250000 1.040320
683400 298.440857 141.763168 -20570.083984 3338.741211 54837.250000 1.040320
683500 298.440857 141.763168 -20570.083984 3338.741211 54837.250000 1.040320
683600 298.440857 141.763168 -20570.083984 3338.741211 54837.250000 1.040320
683700 298.440857 141.763168 -20570.083984 3338.741211 54837.250000 1.040320
683800 298.440857 141.763168 -20570.083984 3338.741211 54837.250000 1.040320
683900 298.440857 141.763168 -20570.083984 3338.741211 54837.250000 1.040320
684000 298.440857 141.763168 -20570.083984 3338.741211 54837.250000 1.040320
684100 298.440857 141.763168 -20570.083984 3338.741211 54837.250000 1.040320
684200 298.440857 141.763168 -20570.083984 3338.741211 54837.250000 1.040320
684300 298.440857 141.763168 -20570.083984 3338.741211 54837.250000 1.040320
684400 298.440857 141.763168 -20570.083984 3338.741211 54837.250000 1.040320
684500 298.440857 141.763168 -20570.083984 3338.741211 54837.250000 1.040320
684600 298.440857 141.763168 -20570.083984 3338.741211 54837.250000 1.040320
684700 298.440857 141.763168 -20570.083984 3338.741211 54837.250000 1.040320
684800 298.440857 141.763168 -20570.083984 3338.741211 54837.250000 1.040320
684900 298.440857 141.763168 -20570.083984 3338.741211 54837.250000 1.040320
685000 298.440857 141.763168 -20570.083984 3338.741211 54837.250000 1.040320
685100 298.440857 141.763168 -20570.083984 3338.741211 54837.250000 1.040320
685200 298.440857 141.763168 -20570.083984 3338.741211 54837.250000 1.040320
685300 298.440857 141.763168 -20570.083984 3338.741211 54837.250000 1.040320
685400 298.440857 141.763168 -20570.083984 3338.741211 54837.250000 1.040320
685500 298.440857 141.763168 -20570.083984 3338.741211 54837.250000 1.040320
685600 298.440857 141.763168 -20570.083984 3338.741211 54837.250000 1.040320
685700 298.440857 141.763168 -20570.083984 3338.741211 54837.250000 1.040320
685800 298.440857 141.763168 -20570.083984 3338.741211 54837.250000 1.040320
685900 298.440857 141.763168 -20570.083984 3338.741211 54837.250000 1.040320
686000 298.440857 141.763168 -20570.083984 3338.741211 54837.250000 1.040320
686100 298.440857 141.763168 -20570.083984 3338.741211 54837.250000 1.040320
686200 298.440857 141.763168 -20570.083984 3338.741211 54837.250000 1.040320
686300 298.440857 141.763168 -20570.083984 3338.741211 54837.250000 1.040320
686400 298.440857 141.763168 -20570.083984 3338.741211 54837.250000 1.040320
686500 298.440857 141.763168 -20570.083984 3338.741211 54837.250000 1.040320
686600 298.440857 141.763168 -20570.083984 3338.741211 54837.250000 1.040320
686700 298.440857 141.763168 -20570.083984 3338.741211 54837.250000 1.040320
686800 298.440857 141.763168 -20570.083984 3338.741211 54837.250000 1.040320
686900 298.440857 141.763168 -20570.083984 3338.741211 54837.250000 1.040320
687000 298.440857 141.763168 -20570.083984 3338.741211 54837.250000 1.040320
687100 298.440857 141.763168 -20570.083984 3338.741211 54837.250000 1.040320
687200 298.440857 141.763168 -20570.083984 3338.741211 54837.250000 1.040320
687300 298.440857 141.763168 -20570.083984 3338.741211 54837.250000 1.040320
687400 298.440857 141.763168 -20570.083984 3338.741211 54837.250000 1.040320
687500 298.440857 141.763168 -20570.083984 3338.741211 54837.250000 1.040320
687600 298.440857 141.763168 -20570.083984 3338.741211 54837.250000 1.040320
687700 298.440857 141.763168 -20570.083984 3338.741211 54837.250000 1.040320
687800 298.440857 141.763168 -20570.083984 3338.741211 54837.250000 1.040320
687900 298.440857 141.763168 -20570.083984 3338.741211 54837.250000 1.040320
688000 298.440857 141.763168 -20570.083984 3338.741211 54837.250000 1.040320
688100 298.440857 141.763168 -20570.083984 3338.741211 54837.250000 1.040320
688200 298.440857 141.763168 -20570.083984 3338.741211 54837.250000 1.040320
688300 298.440857 141.763168 -20570.083984 3338.741211 54837.250000 1.040320
688400 298.440857 141.763168 -20570.083984 3338.741211 54837.250000 1.040320
688500 298.440857 141.763168 -20570.083984 3338.741211 54837.250000 1.040320
688600 298.440857 141.763168 -20570.083984 3338.741211 54837.250000 1.040320
688700 298.440857 141.763168 -20570.083984 3338.741211 54837.250000 1.040320
688800 298.440857 141.763168 -20570.083984 3338.741211 54837.250000 1.040320
688900 298.440857 141.763168 -20570.083984 3338.741211 54837.250000 1.040320
689000 298.440857 141.763168 -20570.083984 3338.741211 54837.250000 1.040320
689100 298.440857 141.763168 -20570.083984 3338.741211 54837.250000 1.040320
689200 298.440857 141.763168 -20570.083984 3338.741211 54837.250000 1.040320
689300 298.440857 141.763168 -20570.083984 3338.741211 54837.250000 1.040320
689400 298.440857 141.763168 -20570.083984 3338.741211 54837.250000 1.040320
689500 298.440857 141.763168 -20570.083984 3338.741211 54837.250000 1.040320
689600 298.440857 141.763168 -20570.083984 3338.741211 54837.250000 1.040320
689700 298.440857 141.763168 -20570.083984 3338.741211 54837.250000 1.040320
689800 298.440857 141.763168 -20570.083984 3338.741211 54837.250000 1.040320
689900 298.440857 141.763168 -20570.083984 3338.741211 54837.250000 1.040320
690000 298.440857 141.763168 -20570.083984 3338.741211 54837.250000 1.040320
690100 298.440857 141.763168 -20570.083984 3338.741211 54837.250000 1.040320
690200 298.440857 141.763168 -20570.083984 3338.741211 54837.250000 1.040320
690300 298.440857 141.763168 -20570.083984 3338.741211 54837.250000 1.040320
690400 298.440857 141.763168 -20570.083984 3338.741211 54837.250000 1.040320
690500 298.440857 141.763168 -20570.083984 3338.741211 54837.250000 1.040320
690600 298.440857 141.763168 -20570.083984 3338.741211 54837.250000 1.040320
690700 298.440857 141.763168 -20570.083984 3338.741211 54837.250000 1.040320
690800 298.440857 141.763168 -20570.083984 3338.741211 54837.250000 1.040320
690900 298.440857 141.763168 -20570.083984 3338.741211 54837.250000 1.040320
691000 298.440857 141.763168 -20570.083984 3338.741211 54837.250000 1.040320
691100 298.440857 141.763168 -20570.083984 3338.741211 54837.250000 1.040320
691200 298.440857 141.763168 -20570.083984 3338.741211 54837.250000 1.040320
691300 298.440857 141.763168 -20570.083984 3338.741211 54837.250000 1.040320
691400 298.440857 141.763168 -20570.083984 3338.741211 54837.250000 1.040320
691500 298.440857 141.763168 -20570.083984 3338.741211 54837.250000 1.040320
691600 298.440857 141.763168 -20570.083984 3338.741211 54837.250000 1.040320
691700 298.440857 141.763168 -20570.083984 3338.741211 54837.250000 1.040320
691800 298.440857 141.763168 -20570.083984 3338.741211 54837.250000 1.040320
691900 298.440857 141.763168 -20570.083984 3338.741211 54837.250000 1.040320
692000 298.440857 141.763168 -20570.083984 3338.741211 54837.250000 1.040320
692100 298.440857 141.763168 -20570.083984 3338.741211 54837.250000 1.040320
692200 298.440857 141.763168 -20570.083984 3338.741211 54837.250000 1.040320
692300 298.440857 141.763168 -20570.083984 3338.741211 54837.250000 1.040320
692400 298.440857 141.763168 -20570.083984 3338.741211 54837.250000 1.040320
692500 298.440857 141.763168 -20570.083984 3338.741211 54837.250000 1.040320
692600 298.440857 141.763168 -20570.083984 3338.741211 54837.250000 1.040320
692700 298.440857 141.763168 -20570.083984 3338.741211 54837.250000 1.040320
692800 298.440857 141.763168 -20570.083984 3338.741211 54837.250000 1.040320
692900 298.440857 141.763168 -20570.083984 3338.741211 54837.250000 1.040320
693000 298.440857 141.763168 -20570.083984 3338.741211 54837.250000 1.040320
693100 298.440857 141.763168 -20570.083984 3338.741211 54837.250000 1.040320
693200 298.440857 141.763168 -20570.083984 3338.741211 54837.250000 1.040320
693300 298.440857 141.763168 -20570.083984 3338.741211 54837.250000 1.040320
693400 298.440857 141.763168 -20570.083984 3338.741211 54837.250000 1.040320
693500 298.440857 141.763168 -20570.083984 3338.741211 54837.250000 1.040320
693600 298.440857 141.763168 -20570.083984 3338.741211 54837.250000 1.040320
693700 298.440857 141.763168 -20570.083984 3338.741211 54837.250000 1.040320
693800 298.440857 141.763168 -20570.083984 3338.741211 54837.250000 1.040320
693900 298.440857 141.763168 -20570.083984 3338.741211 54837.250000 1.040320
694000 298.440857 141.763168 -20570.083984 3338.741211 54837.250000 1.040320
694100 298.440857 141.763168 -20570.083984 3338.741211 54837.250000 1.040320
694200 298.440857 141.763168 -20570.083984 3338.741211 54837.250000 1.040320
694300 298.440857 141.763168 -20570.083984 3338.741211 54837.250000 1.040320
694400 298.440857 141.763168 -20570.083984 3338.741211 54837.250000 1.040320
694500 298.440857 141.763168 -20570.083984 3338.741211 54837.250000 1.040320
694600 298.440857 141.763168 -20570.083984 3338.741211 54837.250000 1.040320
694700 298.440857 141.763168 -20570.083984 3338.741211 54837.250000 1.040320
694800 298.440857 141.763168 -20570.083984 3338.741211 54837.250000 1.040320
694900 298.440857 141.763168 -20570.083984 3338.741211 54837.250000 1.040320
695000 298.440857 141.763168 -20570.083984 3338.741211 54837.250000 1.040320
695100 298.440857 141.763168 -20570.083984 3338.741211 54837.250000 1.040320
695200 298.440857 141.763168 -20570.083984 3338.741211 54837.250000 1.040320
695300 298.440857 141.763168 -20570.083984 3338.741211 54837.250000 1.040320
695400 298.440857 141.763168 -20570.083984 3338.741211 54837.250000 1.040320
695500 298.440857 141.763168 -20570.083984 3338.741211 54837.250000 1.040320
695600 298.440857 141.763168 -20570.083984 3338.741211 54837.250000 1.040320
695700 298.440857 141.763168 -20570.083984 3338.741211 54837.250000 1.040320
695800 298.440857 141.763153 -20570.083984 3338.741211 54837.250000 1.040320
695900 298.440857 141.763153 -20570.083984 3338.741211 54837.250000 1.040320
696000 298.440857 141.763153 -20570.083984 3338.741211 54837.250000 1.040320
696100 298.440857 141.763153 -20570.083984 3338.741211 54837.250000 1.040320
696200 298.440857 141.763168 -20570.083984 3338.741211 54837.250000 1.040320
696300 298.440857 141.763168 -20570.083984 3338.741211 54837.250000 1.040320
696400 298.440857 141.763168 -20570.083984 3338.741211 54837.250000 1.040320
696500 298.440857 141.763168 -20570.083984 3338.741211 54837.250000 1.040320
696600 298.440857 141.763168 -20570.083984 3338.741211 54837.250000 1.040320
696700 298.440857 141.763168 -20570.083984 3338.741211 54837.250000 1.040320
696800 298.440857 141.763168 -20570.083984 3338.741211 54837.250000 1.040320
696900 298.440857 141.763168 -20570.083984 3338.741211 54837.250000 1.040320
697000 298.440857 141.763168 -20570.083984 3338.741211 54837.250000 1.040320
697100 298.440857 141.763168 -20570.083984 3338.741211 54837.250000 1.040320
697200 298.440857 141.763168 -20570.083984 3338.741211 54837.250000 1.040320
697300 298.440857 141.763168 -20570.083984 3338.741211 54837.250000 1.040320
697400 298.440857 141.763168 -20570.083984 3338.741211 54837.250000 1.040320
697500 298.440857 141.763168 -20570.083984 3338.741211 54837.250000 1.040320
697600 298.440857 141.763168 -20570.083984 3338.741211 54837.250000 1.040320
697700 298.440857 141.763168 -20570.083984 3338.741211 54837.250000 1.040320
697800 298.440857 141.763168 -20570.083984 3338.741211 54837.250000 1.040320
697900 298.440857 141.763168 -20570.083984 3338.741211 54837.250000 1.040320
698000 298.440857 141.763168 -20570.083984 3338.741211 54837.250000 1.040320
698100 298.440857 141.763168 -20570.083984 3338.741211 54837.250000 1.040320
698200 298.440857 141.763168 -20570.083984 3338.741211 54837.250000 1.040320
698300 298.440857 141.763168 -20570.083984 3338.741211 54837.250000 1.040320
698400 298.440857 141.763168 -20570.083984 3338.741211 54837.250000 1.040320
698500 298.440857 141.763168 -20570.083984 3338.741211 54837.250000 1.040320
698600 298.440857 141.763168 -20570.083984 3338.741211 54837.250000 1.040320
698700 298.440857 141.763168 -20570.083984 3338.741211 54837.250000 1.040320
698800 298.440857 141.763168 -20570.083984 3338.741211 54837.250000 1.040320
698900 298.440857 141.763168 -20570.083984 3338.741211 54837.250000 1.040320
699000 298.440857 141.763168 -20570.083984 3338.741211 54837.250000 1.040320
699100 298.440857 141.763168 -20570.083984 3338.741211 54837.250000 1.040320
699200 298.440857 141.763168 -20570.083984 3338.741211 54837.250000 1.040320
699300 298.440857 141.763168 -20570.083984 3338.741211 54837.250000 1.040320
699400 298.440857 141.763168 -20570.083984 3338.741211 54837.250000 1.040320
699500 298.440857 141.763168 -20570.083984 3338.741211 54837.250000 1.040320
699600 298.440857 141.763168 -20570.083984 3338.741211 54837.250000 1.040320
699700 298.440857 141.763168 -20570.083984 3338.741211 54837.250000 1.040320
699800 298.440857 141.763168 -20570.083984 3338.741211 54837.250000 1.040320
699900 298.440857 141.763168 -20570.083984 3338.741211 54837.250000 1.040320
700000 298.440857 141.763168 -20570.083984 3338.741211 54837.250000 1.040320
