# Time-averaged data for fix thermo_detailed
# TimeStep v_temp v_press v_pe v_ke v_vol v_dens
600100 298.400879 -34.846893 -21005.300781 3338.293701 54487.417969 1.046999
600200 298.739197 -42.759853 -20930.630859 3342.078613 54489.671875 1.046956
600300 298.987061 -55.471909 -20891.052734 3344.851562 54542.402344 1.045944
600400 299.161682 -62.318672 -20855.960938 3346.805176 54581.304688 1.045198
600500 299.287567 -63.813461 -20826.759766 3348.213379 54614.070312 1.044571
600600 299.373138 -62.705132 -20804.291016 3349.170898 54639.148438 1.044092
600700 299.428528 -60.679031 -20787.746094 3349.790527 54657.417969 1.043743
600800 299.463043 -58.583305 -20775.853516 3350.176514 54670.347656 1.043496
600900 299.484009 -56.761909 -20767.443359 3350.411133 54679.367188 1.043324
601000 299.496490 -55.315651 -20761.570312 3350.550781 54685.593750 1.043205
601100 299.503815 -54.225594 -20757.511719 3350.632568 54689.867188 1.043124
601200 299.508087 -53.430717 -20754.736328 3350.680420 54692.785156 1.043068
601300 299.510620 -52.866417 -20752.861328 3350.708984 54694.757812 1.043030
601400 299.512115 -52.477650 -20751.615234 3350.725830 54696.085938 1.043005
601500 299.513062 -52.211475 -20750.796875 3350.736328 54696.980469 1.042988
601600 299.513702 -52.034142 -20750.275391 3350.743164 54697.558594 1.042977
601700 299.514160 -51.917992 -20749.955078 3350.748535 54697.953125 1.042969
601800 299.514526 -51.843132 -20749.769531 3350.752441 54698.199219 1.042965
601900 299.514862 -51.797466 -20749.667969 3350.756592 54698.355469 1.042962
602000 299.515228 -51.772446 -20749.630859 3350.760498 54698.437500 1.042960
602100 299.515533 -51.758633 -20749.625000 3350.763672 54698.472656 1.042959
602200 299.515839 -51.755692 -20749.650391 3350.767334 54698.480469 1.042959
602300 299.516144 -51.754028 -20749.683594 3350.770752 54698.468750 1.042960
602400 299.516449 -51.760727 -20749.728516 3350.773926 54698.449219 1.042960
602500 299.516724 -51.768543 -20749.777344 3350.777344 54698.417969 1.042961
602600 299.517029 -51.778034 -20749.830078 3350.780518 54698.375000 1.042961
602700 299.517334 -51.790848 -20749.882812 3350.783936 54698.339844 1.042962
602800 299.517639 -51.801926 -20749.931641 3350.787598 54698.285156 1.042963
602900 299.517883 -51.811611 -20749.982422 3350.790039 54698.234375 1.042964
603000 299.518158 -51.821850 -20750.035156 3350.793213 54698.187500 1.042965
603100 299.518433 -51.833817 -20750.078125 3350.796387 54698.140625 1.042966
603200 299.518707 -51.842377 -20750.121094 3350.799316 54698.093750 1.042967
603300 299.518951 -51.851543 -20750.162109 3350.802002 54698.046875 1.042968
603400 299.519196 -51.859566 -20750.201172 3350.804688 54698.011719 1.042968
603500 299.519440 -51.870392 -20750.240234 3350.807617 54697.960938 1.042969
603600 299.519653 -51.882191 -20750.275391 3350.810059 54697.917969 1.042970
603700 299.519897 -51.891689 -20750.310547 3350.812500 54697.875000 1.042971
603800 299.520081 -51.901249 -20750.341797 3350.814697 54697.835938 1.042972
603900 299.520294 -51.910206 -20750.375000 3350.817139 54697.796875 1.042972
604000 299.520477 -51.918335 -20750.400391 3350.819336 54697.761719 1.042973
604100 299.520691 -51.925449 -20750.425781 3350.821533 54697.714844 1.042974
604200 299.520874 -51.932190 -20750.453125 3350.823486 54697.679688 1.042975
604300 299.521057 -51.938282 -20750.476562 3350.825439 54697.648438 1.042975
604400 299.521210 -51.948078 -20750.500000 3350.827393 54697.613281 1.042976
604500 299.521362 -51.956406 -20750.521484 3350.829102 54697.582031 1.042976
604600 299.521515 -51.963058 -20750.541016 3350.830811 54697.550781 1.042977
604700 299.521667 -51.969402 -20750.558594 3350.832520 54697.523438 1.042978
604800 299.521820 -51.977962 -20750.576172 3350.833984 54697.492188 1.042978
604900 299.521973 -51.981346 -20750.591797 3350.835693 54697.464844 1.042979
605000 299.522125 -51.987106 -20750.603516 3350.837646 54697.441406 1.042979
605100 299.522247 -51.990860 -20750.615234 3350.839111 54697.410156 1.042980
605200 299.522369 -51.995277 -20750.626953 3350.840332 54697.386719 1.042980
605300 299.522491 -51.999542 -20750.638672 3350.841797 54697.359375 1.042981
605400 299.522552 -52.005024 -20750.652344 3350.842285 54697.332031 1.042981
605500 299.522675 -52.009914 -20750.664062 3350.843750 54697.304688 1.042982
605600 299.522766 -52.015175 -20750.673828 3350.844727 54697.281250 1.042982
605700 299.522858 -52.018654 -20750.679688 3350.845703 54697.253906 1.042983
605800 299.522949 -52.021595 -20750.683594 3350.846924 54697.234375 1.042983
605900 299.523041 -52.026485 -20750.691406 3350.847900 54697.210938 1.042984
606000 299.523163 -52.030052 -20750.697266 3350.849365 54697.187500 1.042984
606100 299.523285 -52.033840 -20750.705078 3350.850586 54697.164062 1.042984
606200 299.523376 -52.038521 -20750.712891 3350.851562 54697.148438 1.042985
606300 299.523438 -52.042095 -20750.720703 3350.852295 54697.125000 1.042985
606400 299.523499 -52.043869 -20750.724609 3350.853027 54697.101562 1.042986
606500 299.523590 -52.046242 -20750.726562 3350.854004 54697.082031 1.042986
606600 299.523651 -52.048584 -20750.732422 3350.854492 54697.054688 1.042987
606700 299.523712 -52.051949 -20750.736328 3350.855225 54697.039062 1.042987
606800 299.523804 -52.057613 -20750.740234 3350.856201 54697.023438 1.042987
606900 299.523834 -52.059273 -20750.744141 3350.856934 54697.000000 1.042988
607000 299.523926 -52.059895 -20750.744141 3350.857910 54696.980469 1.042988
607100 299.523987 -52.062511 -20750.748047 3350.858643 54696.957031 1.042988
607200 299.524048 -52.065716 -20750.750000 3350.859131 54696.937500 1.042989
607300 299.524109 -52.070171 -20750.750000 3350.859863 54696.917969 1.042989
607400 299.524170 -52.071472 -20750.751953 3350.860596 54696.902344 1.042989
607500 299.524231 -52.074493 -20750.751953 3350.861084 54696.886719 1.042990
607600 299.524292 -52.076096 -20750.753906 3350.861816 54696.875000 1.042990
607700 299.524323 -52.079243 -20750.753906 3350.862061 54696.859375 1.042990
607800 299.524384 -52.080399 -20750.755859 3350.862793 54696.839844 1.042991
607900 299.524414 -52.082298 -20750.755859 3350.863037 54696.816406 1.042991
608000 299.524475 -52.086704 -20750.757812 3350.863770 54696.796875 1.042991
608100 299.524536 -52.087460 -20750.761719 3350.864502 54696.785156 1.042992
608200 299.524597 -52.090343 -20750.763672 3350.865234 54696.765625 1.042992
608300 299.524628 -52.091728 -20750.763672 3350.865479 54696.750000 1.042992
608400 299.524689 -52.095291 -20750.761719 3350.866211 54696.734375 1.042993
608500 299.524719 -52.096581 -20750.761719 3350.866455 54696.718750 1.042993
608600 299.524750 -52.099270 -20750.765625 3350.867188 54696.699219 1.042993
608700 299.524811 -52.099751 -20750.765625 3350.867676 54696.683594 1.042994
608800 299.524872 -52.102200 -20750.765625 3350.868408 54696.671875 1.042994
608900 299.524902 -52.103138 -20750.765625 3350.868652 54696.656250 1.042994
609000 299.524963 -52.105324 -20750.767578 3350.869385 54696.636719 1.042994
609100 299.524994 -52.109035 -20750.765625 3350.869873 54696.617188 1.042995
609200 299.525024 -52.107800 -20750.763672 3350.870117 54696.601562 1.042995
609300 299.525024 -52.111511 -20750.765625 3350.870117 54696.578125 1.042996
609400 299.525085 -52.112129 -20750.767578 3350.870850 54696.570312 1.042996
609500 299.525116 -52.115677 -20750.763672 3350.871094 54696.554688 1.042996
609600 299.525177 -52.116581 -20750.761719 3350.871826 54696.542969 1.042996
609700 299.525208 -52.118172 -20750.763672 3350.872070 54696.523438 1.042997
609800 299.525269 -52.119370 -20750.763672 3350.872803 54696.511719 1.042997
609900 299.525330 -52.120792 -20750.765625 3350.873291 54696.492188 1.042997
610000 299.525360 -52.122715 -20750.763672 3350.873779 54696.476562 1.042998
610100 299.525391 -52.125870 -20750.765625 3350.874023 54696.460938 1.042998
610200 299.525391 -52.127155 -20750.765625 3350.874023 54696.449219 1.042998
610300 299.525421 -52.126675 -20750.763672 3350.874268 54696.429688 1.042998
610400 299.525482 -52.127991 -20750.763672 3350.875000 54696.417969 1.042999
610500 299.525513 -52.129765 -20750.761719 3350.875488 54696.406250 1.042999
610600 299.525543 -52.131081 -20750.759766 3350.875732 54696.390625 1.042999
610700 299.525574 -52.132431 -20750.757812 3350.875977 54696.382812 1.042999
610800 299.525635 -52.135612 -20750.757812 3350.876709 54696.367188 1.043000
610900 299.525665 -52.138199 -20750.753906 3350.877441 54696.355469 1.043000
611000 299.525665 -52.140289 -20750.757812 3350.877441 54696.335938 1.043000
611100 299.525696 -52.144833 -20750.759766 3350.877686 54696.324219 1.043000
611200 299.525757 -52.145638 -20750.761719 3350.878418 54696.304688 1.043001
611300 299.525757 -52.146942 -20750.761719 3350.878418 54696.289062 1.043001
611400 299.525818 -52.148167 -20750.761719 3350.878906 54696.273438 1.043001
611500 299.525848 -52.147617 -20750.759766 3350.879395 54696.261719 1.043002
611600 299.525879 -52.150593 -20750.757812 3350.879639 54696.246094 1.043002
611700 299.525909 -52.151424 -20750.759766 3350.879883 54696.238281 1.043002
611800 299.525940 -52.154034 -20750.757812 3350.880371 54696.214844 1.043002
611900 299.526001 -52.157242 -20750.757812 3350.881104 54696.210938 1.043003
612000 299.526031 -52.159664 -20750.759766 3350.881348 54696.199219 1.043003
612100 299.526062 -52.161312 -20750.759766 3350.881592 54696.179688 1.043003
612200 299.526093 -52.161175 -20750.759766 3350.882080 54696.175781 1.043003
612300 299.526123 -52.163990 -20750.761719 3350.882324 54696.152344 1.043004
612400 299.526154 -52.164162 -20750.761719 3350.882568 54696.148438 1.043004
612500 299.526184 -52.165653 -20750.759766 3350.883057 54696.132812 1.043004
612600 299.526245 -52.167343 -20750.761719 3350.883545 54696.113281 1.043005
612700 299.526276 -52.167393 -20750.759766 3350.884033 54696.101562 1.043005
612800 299.526306 -52.169373 -20750.759766 3350.884277 54696.082031 1.043005
612900 299.526337 -52.172909 -20750.761719 3350.884521 54696.070312 1.043005
613000 299.526367 -52.175182 -20750.763672 3350.885010 54696.054688 1.043006
613100 299.526367 -52.175388 -20750.763672 3350.885010 54696.042969 1.043006
613200 299.526398 -52.179821 -20750.765625 3350.885254 54696.035156 1.043006
613300 299.526428 -52.183784 -20750.765625 3350.885498 54696.019531 1.043006
613400 299.526459 -52.186069 -20750.767578 3350.885986 54696.003906 1.043007
613500 299.526489 -52.186253 -20750.769531 3350.886230 54695.992188 1.043007
613600 299.526520 -52.187134 -20750.767578 3350.886719 54695.988281 1.043007
613700 299.526581 -52.187637 -20750.765625 3350.887695 54695.972656 1.043007
613800 299.526642 -52.189022 -20750.767578 3350.888184 54695.960938 1.043007
613900 299.526672 -52.188679 -20750.765625 3350.888672 54695.941406 1.043008
614000 299.526703 -52.189045 -20750.763672 3350.888916 54695.929688 1.043008
614100 299.526733 -52.190853 -20750.763672 3350.889160 54695.917969 1.043008
614200 299.526733 -52.193634 -20750.765625 3350.889160 54695.902344 1.043008
614300 299.526764 -52.195984 -20750.765625 3350.889648 54695.898438 1.043009
614400 299.526794 -52.198841 -20750.767578 3350.889893 54695.886719 1.043009
614500 299.526794 -52.199108 -20750.769531 3350.889893 54695.871094 1.043009
614600 299.526825 -52.201221 -20750.771484 3350.890137 54695.863281 1.043009
614700 299.526886 -52.203144 -20750.775391 3350.890869 54695.847656 1.043010
614800 299.526917 -52.206844 -20750.775391 3350.891113 54695.835938 1.043010
614900 299.526947 -52.209476 -20750.779297 3350.891602 54695.828125 1.043010
615000 299.526947 -52.212608 -20750.783203 3350.891602 54695.804688 1.043010
615100 299.526978 -52.213329 -20750.783203 3350.891846 54695.796875 1.043011
615200 299.527008 -52.214130 -20750.783203 3350.892334 54695.781250 1.043011
615300 299.527069 -52.215103 -20750.783203 3350.892822 54695.773438 1.043011
615400 299.527100 -52.215702 -20750.785156 3350.893311 54695.757812 1.043011
615500 299.527100 -52.216454 -20750.783203 3350.893311 54695.750000 1.043011
615600 299.527130 -52.217060 -20750.783203 3350.893555 54695.738281 1.043012
615700 299.527130 -52.220600 -20750.785156 3350.893555 54695.726562 1.043012
615800 299.527161 -52.224098 -20750.789062 3350.893799 54695.718750 1.043012
615900 299.527191 -52.226929 -20750.789062 3350.894287 54695.707031 1.043012
616000 299.527222 -52.228470 -20750.791016 3350.894531 54695.695312 1.043012
616100 299.527252 -52.232635 -20750.792969 3350.894775 54695.687500 1.043013
616200 299.527283 -52.233482 -20750.794922 3350.895264 54695.664062 1.043013
616300 299.527313 -52.234150 -20750.794922 3350.895508 54695.656250 1.043013
616400 299.527344 -52.236599 -20750.798828 3350.895752 54695.644531 1.043013
616500 299.527374 -52.239067 -20750.800781 3350.896240 54695.632812 1.043014
616600 299.527405 -52.243427 -20750.804688 3350.896484 54695.625000 1.043014
616700 299.527435 -52.243717 -20750.804688 3350.896729 54695.613281 1.043014
616800 299.527435 -52.243912 -20750.804688 3350.896729 54695.597656 1.043014
616900 299.527496 -52.244640 -20750.804688 3350.897949 54695.597656 1.043014
617000 299.527527 -52.245544 -20750.804688 3350.898193 54695.585938 1.043015
617100 299.527557 -52.246872 -20750.806641 3350.898438 54695.570312 1.043015
617200 299.527588 -52.251049 -20750.810547 3350.898926 54695.562500 1.043015
617300 299.527618 -52.255074 -20750.812500 3350.899170 54695.550781 1.043015
617400 299.527649 -52.254887 -20750.812500 3350.899414 54695.539062 1.043015
617500 299.527679 -52.256271 -20750.814453 3350.899902 54695.535156 1.043015
617600 299.527679 -52.257683 -20750.816406 3350.899902 54695.523438 1.043016
617700 299.527740 -52.258678 -20750.816406 3350.900391 54695.507812 1.043016
617800 299.527771 -52.259842 -20750.820312 3350.900879 54695.503906 1.043016
617900 299.527802 -52.260647 -20750.822266 3350.901123 54695.492188 1.043016
618000 299.527832 -52.263657 -20750.824219 3350.901367 54695.484375 1.043016
618100 299.527863 -52.265476 -20750.828125 3350.901855 54695.472656 1.043017
618200 299.527863 -52.265713 -20750.828125 3350.901855 54695.464844 1.043017
618300 299.527893 -52.268566 -20750.828125 3350.902100 54695.453125 1.043017
618400 299.527924 -52.271389 -20750.830078 3350.902344 54695.441406 1.043017
618500 299.527954 -52.271633 -20750.832031 3350.902832 54695.433594 1.043018
618600 299.527985 -52.274746 -20750.833984 3350.903076 54695.417969 1.043018
618700 299.527985 -52.278782 -20750.837891 3350.903076 54695.410156 1.043018
618800 299.528015 -52.277435 -20750.837891 3350.903564 54695.402344 1.043018
618900 299.528076 -52.278580 -20750.839844 3350.904053 54695.386719 1.043018
619000 299.528076 -52.282433 -20750.841797 3350.904053 54695.378906 1.043018
619100 299.528107 -52.286198 -20750.845703 3350.904541 54695.375000 1.043019
619200 299.528107 -52.289097 -20750.849609 3350.904541 54695.371094 1.043019
619300 299.528137 -52.293259 -20750.851562 3350.904785 54695.355469 1.043019
619400 299.528198 -52.293537 -20750.853516 3350.905518 54695.343750 1.043019
619500 299.528198 -52.292542 -20750.855469 3350.905518 54695.328125 1.043019
619600 299.528229 -52.292152 -20750.855469 3350.905762 54695.324219 1.043020
619700 299.528259 -52.294464 -20750.859375 3350.906006 54695.312500 1.043020
619800 299.528290 -52.294601 -20750.857422 3350.906494 54695.296875 1.043020
619900 299.528290 -52.296715 -20750.857422 3350.906494 54695.292969 1.043020
620000 299.528320 -52.300587 -20750.859375 3350.906738 54695.285156 1.043020
620100 299.528320 -52.300423 -20750.861328 3350.906738 54695.281250 1.043020
620200 299.528381 -52.300758 -20750.861328 3350.907715 54695.265625 1.043021
620300 299.528381 -52.301899 -20750.865234 3350.907715 54695.253906 1.043021
620400 299.528412 -52.304794 -20750.869141 3350.907959 54695.250000 1.043021
620500 299.528412 -52.308563 -20750.871094 3350.907959 54695.246094 1.043021
620600 299.528442 -52.310711 -20750.871094 3350.908447 54695.230469 1.043021
620700 299.528473 -52.311741 -20750.875000 3350.908691 54695.218750 1.043022
620800 299.528503 -52.314445 -20750.876953 3350.908936 54695.207031 1.043022
620900 299.528503 -52.316723 -20750.880859 3350.908936 54695.199219 1.043022
621000 299.528564 -52.317730 -20750.884766 3350.909668 54695.187500 1.043022
621100 299.528595 -52.319294 -20750.886719 3350.910156 54695.175781 1.043022
621200 299.528625 -52.320385 -20750.890625 3350.910400 54695.171875 1.043022
621300 299.528625 -52.322044 -20750.894531 3350.910400 54695.167969 1.043023
621400 299.528656 -52.326797 -20750.896484 3350.910645 54695.156250 1.043023
621500 299.528656 -52.330093 -20750.902344 3350.910645 54695.140625 1.043023
621600 299.528687 -52.331051 -20750.900391 3350.911133 54695.136719 1.043023
621700 299.528717 -52.333282 -20750.900391 3350.911377 54695.136719 1.043023
621800 299.528748 -52.335217 -20750.902344 3350.911621 54695.125000 1.043023
621900 299.528748 -52.335857 -20750.904297 3350.911621 54695.117188 1.043023
622000 299.528778 -52.338467 -20750.908203 3350.912109 54695.109375 1.043024
622100 299.528778 -52.343697 -20750.910156 3350.912109 54695.105469 1.043024
622200 299.528809 -52.344532 -20750.912109 3350.912354 54695.101562 1.043024
622300 299.528839 -52.343674 -20750.916016 3350.912598 54695.085938 1.043024
622400 299.528839 -52.343426 -20750.917969 3350.912598 54695.074219 1.043024
622500 299.528900 -52.344704 -20750.921875 3350.913330 54695.062500 1.043025
622600 299.528931 -52.347267 -20750.923828 3350.913574 54695.054688 1.043025
622700 299.528931 -52.349342 -20750.925781 3350.913574 54695.042969 1.043025
622800 299.528961 -52.351768 -20750.929688 3350.914062 54695.042969 1.043025
622900 299.528992 -52.353413 -20750.931641 3350.914307 54695.031250 1.043025
623000 299.528992 -52.355541 -20750.935547 3350.914307 54695.023438 1.043025
623100 299.529022 -52.357731 -20750.935547 3350.914551 54695.015625 1.043025
623200 299.529053 -52.358391 -20750.937500 3350.915039 54695.011719 1.043025
623300 299.529083 -52.357704 -20750.939453 3350.915283 54695.007812 1.043026
623400 299.529114 -52.358383 -20750.941406 3350.915771 54695.000000 1.043026
623500 299.529144 -52.359592 -20750.943359 3350.916016 54694.992188 1.043026
623600 299.529175 -52.362183 -20750.945312 3350.916260 54694.984375 1.043026
623700 299.529205 -52.362625 -20750.947266 3350.916748 54694.980469 1.043026
623800 299.529236 -52.363991 -20750.951172 3350.916992 54694.968750 1.043026
623900 299.529236 -52.364540 -20750.953125 3350.916992 54694.960938 1.043026
624000 299.529266 -52.367088 -20750.957031 3350.917725 54694.953125 1.043027
624100 299.529266 -52.369240 -20750.958984 3350.917725 54694.949219 1.043027
624200 299.529297 -52.370949 -20750.964844 3350.917969 54694.937500 1.043027
624300 299.529297 -52.372078 -20750.968750 3350.917969 54694.929688 1.043027
624400 299.529327 -52.372025 -20750.966797 3350.918213 54694.921875 1.043027
624500 299.529327 -52.372124 -20750.968750 3350.918213 54694.917969 1.043027
624600 299.529358 -52.374084 -20750.972656 3350.918701 54694.914062 1.043027
624700 299.529388 -52.377789 -20750.976562 3350.918945 54694.902344 1.043028
624800 299.529388 -52.380444 -20750.978516 3350.918945 54694.898438 1.043028
624900 299.529419 -52.383789 -20750.978516 3350.919189 54694.890625 1.043028
625000 299.529449 -52.384464 -20750.982422 3350.919678 54694.886719 1.043028
625100 299.529480 -52.387451 -20750.982422 3350.919922 54694.882812 1.043028
625200 299.529510 -52.388329 -20750.984375 3350.920166 54694.871094 1.043028
625300 299.529510 -52.390038 -20750.988281 3350.920166 54694.867188 1.043028
625400 299.529541 -52.390415 -20750.988281 3350.920654 54694.859375 1.043028
625500 299.529541 -52.393066 -20750.996094 3350.920654 54694.855469 1.043028
625600 299.529572 -52.393551 -20751.000000 3350.920898 54694.839844 1.043029
625700 299.529602 -52.394863 -20751.001953 3350.921387 54694.828125 1.043029
625800 299.529633 -52.397583 -20751.005859 3350.921631 54694.824219 1.043029
625900 299.529633 -52.398510 -20751.007812 3350.921631 54694.820312 1.043029
626000 299.529663 -52.399677 -20751.007812 3350.921875 54694.808594 1.043029
626100 299.529663 -52.400856 -20751.009766 3350.921875 54694.804688 1.043029
626200 299.529694 -52.402973 -20751.013672 3350.922363 54694.796875 1.043030
626300 299.529694 -52.403500 -20751.015625 3350.922363 54694.789062 1.043030
626400 299.529694 -52.404377 -20751.019531 3350.922363 54694.777344 1.043030
626500 299.529724 -52.405464 -20751.023438 3350.922607 54694.777344 1.043030
626600 299.529755 -52.406952 -20751.025391 3350.922852 54694.773438 1.043030
626700 299.529785 -52.408901 -20751.027344 3350.923340 54694.765625 1.043030
626800 299.529785 -52.410801 -20751.025391 3350.923340 54694.761719 1.043030
626900 299.529785 -52.412285 -20751.027344 3350.923340 54694.757812 1.043030
627000 299.529816 -52.413513 -20751.031250 3350.923584 54694.746094 1.043031
627100 299.529816 -52.415367 -20751.035156 3350.923584 54694.742188 1.043031
627200 299.529846 -52.418041 -20751.039062 3350.923828 54694.738281 1.043031
627300 299.529877 -52.420986 -20751.042969 3350.924316 54694.730469 1.043031
627400 299.529877 -52.422997 -20751.046875 3350.924316 54694.726562 1.043031
627500 299.529877 -52.424500 -20751.052734 3350.924316 54694.714844 1.043031
627600 299.529907 -52.425312 -20751.054688 3350.924561 54694.710938 1.043031
627700 299.529968 -52.425953 -20751.054688 3350.925293 54694.707031 1.043031
627800 299.529968 -52.426178 -20751.056641 3350.925293 54694.699219 1.043031
627900 299.529999 -52.427162 -20751.056641 3350.925537 54694.683594 1.043032
628000 299.530029 -52.427979 -20751.058594 3350.925781 54694.679688 1.043032
628100 299.530029 -52.428951 -20751.060547 3350.925781 54694.679688 1.043032
628200 299.530060 -52.430698 -20751.064453 3350.926270 54694.675781 1.043032
628300 299.530090 -52.433151 -20751.068359 3350.926514 54694.664062 1.043032
628400 299.530090 -52.435978 -20751.072266 3350.926514 54694.664062 1.043032
628500 299.530090 -52.437157 -20751.074219 3350.926514 54694.664062 1.043032
628600 299.530121 -52.439617 -20751.080078 3350.927002 54694.648438 1.043032
628700 299.530121 -52.441708 -20751.082031 3350.927002 54694.648438 1.043032
628800 299.530151 -52.442944 -20751.085938 3350.927246 54694.644531 1.043033
628900 299.530151 -52.444695 -20751.089844 3350.927246 54694.636719 1.043033
629000 299.530182 -52.446777 -20751.093750 3350.927979 54694.636719 1.043033
629100 299.530212 -52.446346 -20751.093750 3350.928223 54694.628906 1.043033
629200 299.530212 -52.444561 -20751.093750 3350.928223 54694.621094 1.043033
629300 299.530243 -52.445671 -20751.093750 3350.928467 54694.617188 1.043033
629400 299.530243 -52.448807 -20751.095703 3350.928467 54694.613281 1.043033
629500 299.530273 -52.450741 -20751.099609 3350.928955 54694.605469 1.043033
629600 299.530304 -52.451862 -20751.103516 3350.929199 54694.597656 1.043033
629700 299.530304 -52.453281 -20751.107422 3350.929199 54694.597656 1.043033
629800 299.530334 -52.454941 -20751.109375 3350.929443 54694.589844 1.043033
629900 299.530334 -52.454872 -20751.111328 3350.929443 54694.585938 1.043034
630000 299.530334 -52.455158 -20751.113281 3350.929443 54694.582031 1.043034
630100 299.530365 -52.455936 -20751.115234 3350.929932 54694.574219 1.043034
630200 299.530396 -52.457081 -20751.115234 3350.930176 54694.566406 1.043034
630300 299.530396 -52.459358 -20751.117188 3350.930176 54694.566406 1.043034
630400 299.530426 -52.461140 -20751.119141 3350.930420 54694.558594 1.043034
630500 299.530426 -52.461369 -20751.123047 3350.930420 54694.554688 1.043034
630600 299.530457 -52.460274 -20751.128906 3350.930908 54694.542969 1.043034
630700 299.530457 -52.462914 -20751.132812 3350.930908 54694.535156 1.043035
630800 299.530487 -52.465111 -20751.134766 3350.931152 54694.535156 1.043035
630900 299.530487 -52.467705 -20751.138672 3350.931152 54694.535156 1.043035
631000 299.530518 -52.468296 -20751.140625 3350.931396 54694.527344 1.043035
631100 299.530548 -52.468193 -20751.144531 3350.931885 54694.523438 1.043035
631200 299.530548 -52.469467 -20751.146484 3350.931885 54694.519531 1.043035
631300 299.530579 -52.470406 -20751.150391 3350.932129 54694.519531 1.043035
631400 299.530579 -52.470917 -20751.152344 3350.932129 54694.511719 1.043035
631500 299.530609 -52.472645 -20751.152344 3350.932617 54694.511719 1.043035
631600 299.530609 -52.474178 -20751.156250 3350.932617 54694.503906 1.043035
631700 299.530640 -52.476299 -20751.158203 3350.932861 54694.496094 1.043035
631800 299.530640 -52.476276 -20751.160156 3350.932861 54694.496094 1.043035
631900 299.530670 -52.476753 -20751.162109 3350.933105 54694.492188 1.043035
632000 299.530701 -52.477463 -20751.166016 3350.933594 54694.488281 1.043036
632100 299.530701 -52.479755 -20751.169922 3350.933594 54694.480469 1.043036
632200 299.530731 -52.479683 -20751.169922 3350.933838 54694.480469 1.043036
632300 299.530731 -52.482670 -20751.171875 3350.933838 54694.472656 1.043036
632400 299.530731 -52.485165 -20751.173828 3350.933838 54694.464844 1.043036
632500 299.530762 -52.485920 -20751.175781 3350.934082 54694.460938 1.043036
632600 299.530762 -52.486427 -20751.177734 3350.934082 54694.460938 1.043036
632700 299.530792 -52.486828 -20751.181641 3350.934570 54694.457031 1.043036
632800 299.530792 -52.488258 -20751.185547 3350.934570 54694.449219 1.043036
632900 299.530792 -52.490440 -20751.189453 3350.934570 54694.441406 1.043036
633000 299.530823 -52.492432 -20751.191406 3350.934814 54694.433594 1.043036
633100 299.530823 -52.493977 -20751.195312 3350.934814 54694.433594 1.043036
633200 299.530823 -52.495365 -20751.199219 3350.934814 54694.429688 1.043037
633300 299.530853 -52.495914 -20751.203125 3350.935059 54694.429688 1.043037
633400 299.530853 -52.496094 -20751.207031 3350.935059 54694.425781 1.043037
633500 299.530884 -52.496151 -20751.208984 3350.935547 54694.425781 1.043037
633600 299.530914 -52.496872 -20751.208984 3350.935791 54694.417969 1.043037
633700 299.530914 -52.498409 -20751.208984 3350.935791 54694.417969 1.043037
633800 299.530945 -52.499607 -20751.208984 3350.936035 54694.410156 1.043037
633900 299.530945 -52.500515 -20751.210938 3350.936035 54694.402344 1.043037
634000 299.530975 -52.502846 -20751.214844 3350.936523 54694.402344 1.043037
634100 299.530975 -52.502205 -20751.218750 3350.936523 54694.398438 1.043037
634200 299.530975 -52.504906 -20751.222656 3350.936523 54694.386719 1.043037
634300 299.531006 -52.507336 -20751.224609 3350.936768 54694.386719 1.043037
634400 299.531006 -52.510078 -20751.228516 3350.936768 54694.378906 1.043038
634500 299.531036 -52.511284 -20751.230469 3350.937012 54694.375000 1.043038
634600 299.531036 -52.512745 -20751.234375 3350.937012 54694.375000 1.043038
634700 299.531036 -52.514015 -20751.238281 3350.937012 54694.375000 1.043038
634800 299.531067 -52.515663 -20751.242188 3350.937744 54694.367188 1.043038
634900 299.531097 -52.515221 -20751.244141 3350.938232 54694.367188 1.043038
635000 299.531097 -52.514061 -20751.248047 3350.938232 54694.363281 1.043038
635100 299.531097 -52.514095 -20751.250000 3350.938232 54694.363281 1.043038
635200 299.531097 -52.513882 -20751.251953 3350.938232 54694.351562 1.043038
635300 299.531128 -52.515209 -20751.251953 3350.938477 54694.351562 1.043038
635400 299.531128 -52.515816 -20751.253906 3350.938477 54694.347656 1.043038
635500 299.531128 -52.518135 -20751.255859 3350.938477 54694.343750 1.043038
635600 299.531158 -52.520409 -20751.261719 3350.938721 54694.335938 1.043038
635700 299.531158 -52.523636 -20751.265625 3350.938721 54694.332031 1.043038
635800 299.531158 -52.524864 -20751.267578 3350.938721 54694.332031 1.043038
635900 299.531189 -52.527580 -20751.271484 3350.939209 54694.332031 1.043038
636000 299.531189 -52.527107 -20751.273438 3350.939209 54694.320312 1.043039
636100 299.531219 -52.528389 -20751.275391 3350.939453 54694.320312 1.043039
636200 299.531219 -52.529305 -20751.277344 3350.939453 54694.316406 1.043039
636300 299.531219 -52.530685 -20751.279297 3350.939453 54694.316406 1.043039
636400 299.531250 -52.531044 -20751.279297 3350.939697 54694.316406 1.043039
636500 299.531281 -52.531342 -20751.283203 3350.940186 54694.312500 1.043039
636600 299.531281 -52.532166 -20751.285156 3350.940186 54694.304688 1.043039
636700 299.531311 -52.533501 -20751.287109 3350.940430 54694.304688 1.043039
636800 299.531311 -52.532883 -20751.289062 3350.940430 54694.300781 1.043039
636900 299.531311 -52.531982 -20751.291016 3350.940430 54694.300781 1.043039
637000 299.531342 -52.534332 -20751.294922 3350.940674 54694.289062 1.043039
637100 299.531372 -52.537292 -20751.298828 3350.941162 54694.289062 1.043039
637200 299.531372 -52.539940 -20751.302734 3350.941162 54694.289062 1.043039
637300 299.531372 -52.540291 -20751.304688 3350.941162 54694.285156 1.043039
637400 299.531403 -52.541069 -20751.306641 3350.941406 54694.281250 1.043039
637500 299.531403 -52.540115 -20751.308594 3350.941406 54694.281250 1.043039
637600 299.531433 -52.542030 -20751.312500 3350.941650 54694.273438 1.043040
637700 299.531433 -52.542046 -20751.314453 3350.941650 54694.273438 1.043040
637800 299.531433 -52.542900 -20751.316406 3350.941650 54694.269531 1.043040
637900 299.531464 -52.543800 -20751.316406 3350.942139 54694.257812 1.043040
638000 299.531464 -52.545815 -20751.320312 3350.942139 54694.257812 1.043040
638100 299.531464 -52.547508 -20751.324219 3350.942139 54694.257812 1.043040
638200 299.531494 -52.549538 -20751.328125 3350.942383 54694.257812 1.043040
638300 299.531494 -52.548576 -20751.332031 3350.942383 54694.253906 1.043040
638400 299.531525 -52.548759 -20751.333984 3350.942627 54694.250000 1.043040
638500 299.531525 -52.549232 -20751.335938 3350.942627 54694.242188 1.043040
638600 299.531525 -52.550888 -20751.337891 3350.942627 54694.242188 1.043040
638700 299.531525 -52.554008 -20751.341797 3350.942627 54694.238281 1.043040
638800 299.531525 -52.555885 -20751.343750 3350.942627 54694.238281 1.043040
638900 299.531555 -52.557663 -20751.345703 3350.943115 54694.238281 1.043040
639000 299.531555 -52.558540 -20751.347656 3350.943115 54694.226562 1.043040
639100 299.531555 -52.557205 -20751.351562 3350.943115 54694.226562 1.043040
639200 299.531586 -52.557938 -20751.355469 3350.943359 54694.222656 1.043041
639300 299.531586 -52.558212 -20751.357422 3350.943359 54694.218750 1.043041
639400 299.531616 -52.558853 -20751.361328 3350.943848 54694.218750 1.043041
639500 299.531616 -52.559723 -20751.361328 3350.943848 54694.218750 1.043041
639600 299.531616 -52.559769 -20751.365234 3350.943848 54694.210938 1.043041
639700 299.531647 -52.561279 -20751.367188 3350.944092 54694.210938 1.043041
639800 299.531677 -52.561172 -20751.367188 3350.944336 54694.195312 1.043041
639900 299.531677 -52.562683 -20751.369141 3350.944336 54694.195312 1.043041
640000 299.531708 -52.562263 -20751.371094 3350.944824 54694.191406 1.043041
640100 299.531708 -52.563599 -20751.373047 3350.944824 54694.191406 1.043041
640200 299.531738 -52.564407 -20751.376953 3350.945068 54694.191406 1.043041
640300 299.531738 -52.566032 -20751.378906 3350.945068 54694.187500 1.043041
640400 299.531769 -52.567390 -20751.382812 3350.945312 54694.187500 1.043041
640500 299.531769 -52.567093 -20751.382812 3350.945312 54694.187500 1.043041
640600 299.531769 -52.566704 -20751.384766 3350.945312 54694.187500 1.043041
640700 299.531799 -52.567467 -20751.386719 3350.945801 54694.187500 1.043041
640800 299.531799 -52.568977 -20751.390625 3350.945801 54694.179688 1.043041
640900 299.531799 -52.570274 -20751.394531 3350.945801 54694.179688 1.043041
641000 299.531799 -52.570343 -20751.398438 3350.945801 54694.175781 1.043041
641100 299.531830 -52.570160 -20751.398438 3350.946045 54694.164062 1.043042
641200 299.531830 -52.569839 -20751.400391 3350.946045 54694.164062 1.043042
641300 299.531830 -52.571274 -20751.404297 3350.946045 54694.164062 1.043042
641400 299.531860 -52.574074 -20751.408203 3350.946289 54694.160156 1.043042
641500 299.531860 -52.576042 -20751.410156 3350.946289 54694.160156 1.043042
641600 299.531860 -52.577515 -20751.414062 3350.946289 54694.160156 1.043042
641700 299.531891 -52.579063 -20751.417969 3350.946777 54694.156250 1.043042
641800 299.531891 -52.579475 -20751.421875 3350.946777 54694.156250 1.043042
641900 299.531921 -52.579590 -20751.423828 3350.947021 54694.156250 1.043042
642000 299.531952 -52.580673 -20751.425781 3350.947266 54694.156250 1.043042
642100 299.531952 -52.582451 -20751.427734 3350.947266 54694.148438 1.043042
642200 299.531952 -52.583481 -20751.427734 3350.947266 54694.148438 1.043042
642300 299.531982 -52.585083 -20751.427734 3350.947998 54694.148438 1.043042
642400 299.531982 -52.585548 -20751.429688 3350.947998 54694.148438 1.043042
642500 299.531982 -52.586693 -20751.431641 3350.947998 54694.148438 1.043042
642600 299.532013 -52.587242 -20751.433594 3350.948242 54694.144531 1.043042
642700 299.532013 -52.587471 -20751.437500 3350.948242 54694.144531 1.043042
642800 299.532013 -52.589119 -20751.441406 3350.948242 54694.132812 1.043042
642900 299.532043 -52.589737 -20751.445312 3350.948730 54694.132812 1.043042
643000 299.532043 -52.589699 -20751.449219 3350.948730 54694.128906 1.043042
643100 299.532074 -52.591705 -20751.453125 3350.948975 54694.128906 1.043042
643200 299.532074 -52.591972 -20751.453125 3350.948975 54694.125000 1.043042
643300 299.532074 -52.591393 -20751.455078 3350.948975 54694.125000 1.043042
643400 299.532104 -52.593239 -20751.458984 3350.949463 54694.117188 1.043043
643500 299.532104 -52.595886 -20751.464844 3350.949463 54694.117188 1.043043
643600 299.532104 -52.597748 -20751.468750 3350.949463 54694.113281 1.043043
643700 299.532104 -52.598503 -20751.470703 3350.949463 54694.101562 1.043043
643800 299.532104 -52.598244 -20751.472656 3350.949463 54694.101562 1.043043
643900 299.532104 -52.598206 -20751.474609 3350.949463 54694.101562 1.043043
644000 299.532104 -52.599663 -20751.478516 3350.949463 54694.101562 1.043043
644100 299.532104 -52.599411 -20751.480469 3350.949463 54694.101562 1.043043
644200 299.532135 -52.598999 -20751.482422 3350.949707 54694.097656 1.043043
644300 299.532135 -52.598076 -20751.482422 3350.949707 54694.097656 1.043043
644400 299.532135 -52.597374 -20751.484375 3350.949707 54694.097656 1.043043
644500 299.532166 -52.597359 -20751.486328 3350.949951 54694.093750 1.043043
644600 299.532166 -52.599327 -20751.488281 3350.949951 54694.093750 1.043043
644700 299.532196 -52.601837 -20751.490234 3350.950439 54694.093750 1.043043
644800 299.532196 -52.602684 -20751.492188 3350.950439 54694.085938 1.043043
644900 299.532227 -52.604698 -20751.494141 3350.950684 54694.078125 1.043043
645000 299.532227 -52.606361 -20751.498047 3350.950684 54694.078125 1.043043
645100 299.532227 -52.605362 -20751.498047 3350.950684 54694.078125 1.043043
645200 299.532227 -52.604729 -20751.500000 3350.950684 54694.078125 1.043043
645300 299.532257 -52.604012 -20751.501953 3350.950928 54694.070312 1.043043
645400 299.532257 -52.604019 -20751.505859 3350.950928 54694.066406 1.043043
645500 299.532288 -52.605545 -20751.509766 3350.951416 54694.066406 1.043043
645600 299.532318 -52.605965 -20751.515625 3350.951660 54694.066406 1.043043
645700 299.532318 -52.607475 -20751.517578 3350.951660 54694.066406 1.043043
645800 299.532318 -52.608475 -20751.519531 3350.951660 54694.066406 1.043043
645900 299.532349 -52.609756 -20751.521484 3350.951904 54694.070312 1.043043
646000 299.532349 -52.610275 -20751.521484 3350.951904 54694.066406 1.043043
646100 299.532349 -52.611122 -20751.523438 3350.951904 54694.066406 1.043043
646200 299.532379 -52.611305 -20751.525391 3350.952393 54694.066406 1.043043
646300 299.532379 -52.612244 -20751.527344 3350.952393 54694.066406 1.043043
646400 299.532379 -52.613792 -20751.529297 3350.952393 54694.062500 1.043044
646500 299.532410 -52.615334 -20751.531250 3350.952637 54694.062500 1.043044
646600 299.532410 -52.615799 -20751.533203 3350.952637 54694.062500 1.043044
646700 299.532410 -52.615517 -20751.535156 3350.952637 54694.054688 1.043044
646800 299.532410 -52.616150 -20751.537109 3350.952637 54694.062500 1.043044
646900 299.532440 -52.616028 -20751.539062 3350.952881 54694.054688 1.043044
647000 299.532440 -52.615334 -20751.539062 3350.952881 54694.054688 1.043044
647100 299.532440 -52.613708 -20751.541016 3350.952881 54694.054688 1.043044
647200 299.532440 -52.614235 -20751.544922 3350.952881 54694.046875 1.043044
647300 299.532471 -52.614151 -20751.546875 3350.953369 54694.046875 1.043044
647400 299.532471 -52.615242 -20751.550781 3350.953369 54694.039062 1.043044
647500 299.532471 -52.616295 -20751.554688 3350.953369 54694.039062 1.043044
647600 299.532471 -52.617302 -20751.556641 3350.953369 54694.039062 1.043044
647700 299.532471 -52.617645 -20751.560547 3350.953369 54694.035156 1.043044
647800 299.532501 -52.618103 -20751.562500 3350.953613 54694.035156 1.043044
647900 299.532501 -52.618729 -20751.566406 3350.953613 54694.035156 1.043044
648000 299.532501 -52.619934 -20751.570312 3350.953613 54694.035156 1.043044
648100 299.532532 -52.621460 -20751.572266 3350.953857 54694.031250 1.043044
648200 299.532532 -52.622818 -20751.574219 3350.953857 54694.031250 1.043044
648300 299.532562 -52.624115 -20751.576172 3350.954346 54694.031250 1.043044
648400 299.532593 -52.625427 -20751.582031 3350.954590 54694.031250 1.043044
648500 299.532593 -52.625183 -20751.583984 3350.954590 54694.023438 1.043044
648600 299.532593 -52.626068 -20751.585938 3350.954590 54694.023438 1.043044
648700 299.532593 -52.626770 -20751.589844 3350.954590 54694.015625 1.043044
648800 299.532593 -52.627670 -20751.591797 3350.954590 54694.015625 1.043044
648900 299.532593 -52.628487 -20751.591797 3350.954590 54694.015625 1.043044
649000 299.532593 -52.629074 -20751.593750 3350.954590 54694.015625 1.043044
649100 299.532562 -52.629654 -20751.597656 3350.954346 54694.007812 1.043045
649200 299.532593 -52.630386 -20751.601562 3350.954590 54694.007812 1.043045
649300 299.532593 -52.631035 -20751.603516 3350.954590 54694.007812 1.043045
649400 299.532593 -52.632683 -20751.605469 3350.954590 54694.007812 1.043045
649500 299.532593 -52.633705 -20751.607422 3350.954590 54694.007812 1.043045
649600 299.532593 -52.634995 -20751.609375 3350.954590 54694.003906 1.043045
649700 299.532623 -52.636833 -20751.611328 3350.955078 54694.003906 1.043045
649800 299.532623 -52.638176 -20751.615234 3350.955078 54694.003906 1.043045
649900 299.532623 -52.639587 -20751.615234 3350.955078 54694.003906 1.043045
650000 299.532623 -52.640739 -20751.615234 3350.955078 54694.007812 1.043045
650100 299.532654 -52.641289 -20751.617188 3350.955322 54694.003906 1.043045
650200 299.532654 -52.639732 -20751.617188 3350.955322 54694.003906 1.043045
650300 299.532654 -52.638939 -20751.617188 3350.955322 54694.003906 1.043045
650400 299.532654 -52.640495 -20751.621094 3350.955322 54694.003906 1.043045
650500 299.532684 -52.639351 -20751.625000 3350.955566 54694.000000 1.043045
650600 299.532684 -52.637756 -20751.626953 3350.955566 54693.996094 1.043045
650700 299.532684 -52.637344 -20751.628906 3350.955566 54693.996094 1.043045
650800 299.532715 -52.638069 -20751.630859 3350.956055 54693.996094 1.043045
650900 299.532715 -52.638573 -20751.634766 3350.956055 54693.996094 1.043045
651000 299.532715 -52.639587 -20751.636719 3350.956055 54693.996094 1.043045
651100 299.532745 -52.639984 -20751.640625 3350.956299 54693.996094 1.043045
651200 299.532745 -52.640846 -20751.644531 3350.956299 54693.984375 1.043045
651300 299.532745 -52.642143 -20751.646484 3350.956299 54693.984375 1.043045
651400 299.532776 -52.642563 -20751.648438 3350.956543 54693.980469 1.043045
651500 299.532776 -52.642082 -20751.650391 3350.956543 54693.984375 1.043045
651600 299.532806 -52.642982 -20751.650391 3350.957031 54693.984375 1.043045
651700 299.532806 -52.645241 -20751.650391 3350.957031 54693.984375 1.043045
651800 299.532837 -52.645592 -20751.652344 3350.957275 54693.984375 1.043045
651900 299.532837 -52.645958 -20751.654297 3350.957275 54693.984375 1.043045
652000 299.532837 -52.647141 -20751.658203 3350.957275 54693.980469 1.043045
652100 299.532806 -52.647758 -20751.662109 3350.957031 54693.980469 1.043045
652200 299.532837 -52.649971 -20751.666016 3350.957275 54693.980469 1.043045
652300 299.532837 -52.651863 -20751.669922 3350.957275 54693.980469 1.043045
652400 299.532837 -52.652657 -20751.673828 3350.957275 54693.972656 1.043045
652500 299.532867 -52.652756 -20751.677734 3350.957520 54693.972656 1.043045
652600 299.532867 -52.652962 -20751.679688 3350.957520 54693.968750 1.043045
652700 299.532898 -52.653160 -20751.681641 3350.958252 54693.968750 1.043045
652800 299.532898 -52.654274 -20751.683594 3350.958252 54693.968750 1.043045
652900 299.532898 -52.653969 -20751.683594 3350.958252 54693.968750 1.043045
653000 299.532928 -52.654144 -20751.685547 3350.958496 54693.968750 1.043045
653100 299.532928 -52.654854 -20751.687500 3350.958496 54693.964844 1.043046
653200 299.532959 -52.655342 -20751.689453 3350.958984 54693.964844 1.043046
653300 299.532959 -52.655334 -20751.691406 3350.958984 54693.964844 1.043046
653400 299.532990 -52.655312 -20751.691406 3350.959229 54693.953125 1.043046
653500 299.532990 -52.654846 -20751.693359 3350.959229 54693.953125 1.043046
653600 299.532990 -52.654518 -20751.695312 3350.959229 54693.953125 1.043046
653700 299.532990 -52.655228 -20751.697266 3350.959229 54693.953125 1.043046
653800 299.532990 -52.656242 -20751.701172 3350.959229 54693.953125 1.043046
653900 299.532990 -52.656624 -20751.703125 3350.959229 54693.964844 1.043046
654000 299.533020 -52.657372 -20751.708984 3350.959473 54693.953125 1.043046
654100 299.533020 -52.659210 -20751.710938 3350.959473 54693.953125 1.043046
654200 299.533020 -52.660568 -20751.714844 3350.959473 54693.953125 1.043046
654300 299.533051 -52.660423 -20751.716797 3350.959961 54693.953125 1.043046
654400 299.533051 -52.660011 -20751.718750 3350.959961 54693.953125 1.043046
654500 299.533051 -52.660652 -20751.720703 3350.959961 54693.949219 1.043046
654600 299.533051 -52.660919 -20751.722656 3350.959961 54693.949219 1.043046
654700 299.533081 -52.661087 -20751.724609 3350.960205 54693.949219 1.043046
654800 299.533081 -52.661987 -20751.726562 3350.960205 54693.949219 1.043046
654900 299.533081 -52.662827 -20751.730469 3350.960205 54693.949219 1.043046
655000 299.533081 -52.663506 -20751.734375 3350.960205 54693.941406 1.043046
655100 299.533081 -52.664619 -20751.738281 3350.960205 54693.941406 1.043046
655200 299.533081 -52.666214 -20751.742188 3350.960205 54693.937500 1.043046
655300 299.533112 -52.666946 -20751.744141 3350.960693 54693.937500 1.043046
655400 299.533112 -52.668343 -20751.746094 3350.960693 54693.933594 1.043046
655500 299.533112 -52.668434 -20751.748047 3350.960693 54693.933594 1.043046
655600 299.533112 -52.668861 -20751.750000 3350.960693 54693.933594 1.043046
655700 299.533112 -52.669571 -20751.750000 3350.960693 54693.933594 1.043046
655800 299.533142 -52.670746 -20751.751953 3350.960938 54693.921875 1.043046
655900 299.533142 -52.671112 -20751.753906 3350.960938 54693.933594 1.043046
656000 299.533142 -52.670471 -20751.753906 3350.960938 54693.933594 1.043046
656100 299.533142 -52.670013 -20751.755859 3350.960938 54693.933594 1.043046
656200 299.533173 -52.669533 -20751.757812 3350.961182 54693.921875 1.043046
656300 299.533173 -52.670860 -20751.759766 3350.961182 54693.921875 1.043046
656400 299.533173 -52.671021 -20751.761719 3350.961182 54693.921875 1.043046
656500 299.533173 -52.670570 -20751.763672 3350.961182 54693.917969 1.043046
656600 299.533173 -52.670990 -20751.765625 3350.961182 54693.917969 1.043046
656700 299.533173 -52.672623 -20751.769531 3350.961182 54693.917969 1.043046
656800 299.533173 -52.673058 -20751.771484 3350.961182 54693.917969 1.043046
656900 299.533203 -52.674385 -20751.773438 3350.961670 54693.917969 1.043046
657000 299.533203 -52.674088 -20751.775391 3350.961670 54693.917969 1.043046
657100 299.533203 -52.674217 -20751.781250 3350.961670 54693.917969 1.043046
657200 299.533203 -52.675728 -20751.783203 3350.961670 54693.910156 1.043046
657300 299.533203 -52.676712 -20751.787109 3350.961670 54693.917969 1.043046
657400 299.533234 -52.676590 -20751.789062 3350.961914 54693.917969 1.043046
657500 299.533264 -52.676552 -20751.792969 3350.962158 54693.917969 1.043046
657600 299.533264 -52.677238 -20751.794922 3350.962158 54693.917969 1.043046
657700 299.533295 -52.677574 -20751.796875 3350.962646 54693.917969 1.043046
657800 299.533295 -52.677635 -20751.796875 3350.962646 54693.917969 1.043046
657900 299.533325 -52.677849 -20751.798828 3350.962891 54693.917969 1.043046
658000 299.533325 -52.678345 -20751.800781 3350.962891 54693.917969 1.043046
658100 299.533325 -52.678802 -20751.802734 3350.962891 54693.917969 1.043046
658200 299.533325 -52.679230 -20751.802734 3350.962891 54693.917969 1.043046
658300 299.533325 -52.679054 -20751.802734 3350.962891 54693.910156 1.043046
658400 299.533356 -52.678139 -20751.806641 3350.963135 54693.910156 1.043046
658500 299.533356 -52.677742 -20751.808594 3350.963135 54693.906250 1.043047
658600 299.533356 -52.679436 -20751.810547 3350.963135 54693.906250 1.043047
658700 299.533356 -52.680473 -20751.812500 3350.963135 54693.902344 1.043047
658800 299.533386 -52.681114 -20751.814453 3350.963623 54693.902344 1.043047
658900 299.533386 -52.681198 -20751.818359 3350.963623 54693.902344 1.043047
659000 299.533386 -52.681564 -20751.820312 3350.963623 54693.902344 1.043047
659100 299.533386 -52.681404 -20751.822266 3350.963623 54693.902344 1.043047
659200 299.533386 -52.681686 -20751.824219 3350.963623 54693.902344 1.043047
659300 299.533386 -52.682365 -20751.828125 3350.963623 54693.902344 1.043047
659400 299.533386 -52.682693 -20751.830078 3350.963623 54693.902344 1.043047
659500 299.533386 -52.684319 -20751.832031 3350.963623 54693.902344 1.043047
659600 299.533417 -52.684975 -20751.833984 3350.963867 54693.902344 1.043047
659700 299.533417 -52.686630 -20751.835938 3350.963867 54693.902344 1.043047
659800 299.533447 -52.689079 -20751.839844 3350.964111 54693.902344 1.043047
659900 299.533478 -52.689354 -20751.843750 3350.964600 54693.902344 1.043047
660000 299.533478 -52.688347 -20751.845703 3350.964600 54693.890625 1.043047
660100 299.533478 -52.687325 -20751.847656 3350.964600 54693.890625 1.043047
660200 299.533478 -52.687180 -20751.851562 3350.964600 54693.890625 1.043047
660300 299.533508 -52.687584 -20751.853516 3350.964844 54693.890625 1.043047
660400 299.533508 -52.687691 -20751.855469 3350.964844 54693.890625 1.043047
660500 299.533508 -52.688591 -20751.859375 3350.964844 54693.886719 1.043047
660600 299.533539 -52.688919 -20751.861328 3350.965088 54693.886719 1.043047
660700 299.533539 -52.689560 -20751.863281 3350.965088 54693.886719 1.043047
660800 299.533539 -52.689987 -20751.867188 3350.965088 54693.886719 1.043047
660900 299.533539 -52.690422 -20751.867188 3350.965088 54693.890625 1.043047
661000 299.533539 -52.691086 -20751.871094 3350.965088 54693.890625 1.043047
661100 299.533539 -52.691498 -20751.873047 3350.965088 54693.886719 1.043047
661200 299.533539 -52.691360 -20751.876953 3350.965088 54693.886719 1.043047
661300 299.533539 -52.692802 -20751.876953 3350.965088 54693.886719 1.043047
661400 299.533539 -52.693214 -20751.878906 3350.965088 54693.886719 1.043047
661500 299.533569 -52.693718 -20751.880859 3350.965576 54693.886719 1.043047
661600 299.533569 -52.694870 -20751.882812 3350.965576 54693.886719 1.043047
661700 299.533569 -52.694778 -20751.884766 3350.965576 54693.886719 1.043047
661800 299.533600 -52.696327 -20751.886719 3350.965820 54693.886719 1.043047
661900 299.533600 -52.697777 -20751.890625 3350.965820 54693.886719 1.043047
662000 299.533600 -52.696854 -20751.890625 3350.965820 54693.878906 1.043047
662100 299.533600 -52.695847 -20751.890625 3350.965820 54693.878906 1.043047
662200 299.533630 -52.696213 -20751.894531 3350.966309 54693.878906 1.043047
662300 299.533630 -52.696297 -20751.894531 3350.966309 54693.878906 1.043047
662400 299.533630 -52.696747 -20751.898438 3350.966309 54693.878906 1.043047
662500 299.533630 -52.696167 -20751.900391 3350.966309 54693.875000 1.043047
662600 299.533630 -52.695930 -20751.902344 3350.966309 54693.875000 1.043047
662700 299.533630 -52.696053 -20751.904297 3350.966309 54693.875000 1.043047
662800 299.533661 -52.696472 -20751.908203 3350.966553 54693.875000 1.043047
662900 299.533661 -52.696564 -20751.910156 3350.966553 54693.875000 1.043047
663000 299.533661 -52.697067 -20751.912109 3350.966553 54693.871094 1.043047
663100 299.533661 -52.697067 -20751.916016 3350.966553 54693.859375 1.043047
663200 299.533691 -52.695938 -20751.917969 3350.966797 54693.859375 1.043047
663300 299.533691 -52.695663 -20751.921875 3350.966797 54693.855469 1.043048
663400 299.533691 -52.697197 -20751.923828 3350.966797 54693.859375 1.043047
663500 299.533691 -52.697838 -20751.925781 3350.966797 54693.859375 1.043047
663600 299.533691 -52.697823 -20751.925781 3350.966797 54693.859375 1.043047
663700 299.533722 -52.698708 -20751.927734 3350.967285 54693.859375 1.043047
663800 299.533722 -52.698936 -20751.929688 3350.967285 54693.859375 1.043047
663900 299.533722 -52.700546 -20751.931641 3350.967285 54693.871094 1.043047
664000 299.533722 -52.700424 -20751.933594 3350.967285 54693.871094 1.043047
664100 299.533752 -52.700951 -20751.935547 3350.967529 54693.871094 1.043047
664200 299.533752 -52.701736 -20751.937500 3350.967529 54693.871094 1.043047
664300 299.533752 -52.701851 -20751.939453 3350.967529 54693.859375 1.043047
664400 299.533752 -52.702553 -20751.943359 3350.967529 54693.859375 1.043047
664500 299.533783 -52.703201 -20751.945312 3350.968262 54693.859375 1.043047
664600 299.533783 -52.703857 -20751.947266 3350.968262 54693.859375 1.043047
664700 299.533783 -52.704483 -20751.951172 3350.968262 54693.855469 1.043048
664800 299.533783 -52.704376 -20751.953125 3350.968262 54693.855469 1.043048
664900 299.533783 -52.704659 -20751.955078 3350.968262 54693.855469 1.043048
665000 299.533813 -52.705826 -20751.957031 3350.968506 54693.847656 1.043048
665100 299.533813 -52.706184 -20751.958984 3350.968506 54693.847656 1.043048
665200 299.533813 -52.706734 -20751.962891 3350.968506 54693.847656 1.043048
665300 299.533813 -52.706787 -20751.964844 3350.968506 54693.855469 1.043048
665400 299.533844 -52.706841 -20751.966797 3350.968750 54693.855469 1.043048
665500 299.533844 -52.706970 -20751.968750 3350.968750 54693.855469 1.043048
665600 299.533875 -52.707977 -20751.970703 3350.969238 54693.855469 1.043048
665700 299.533875 -52.708305 -20751.972656 3350.969238 54693.855469 1.043048
665800 299.533875 -52.708084 -20751.972656 3350.969238 54693.855469 1.043048
665900 299.533905 -52.708466 -20751.974609 3350.969482 54693.847656 1.043048
666000 299.533905 -52.708893 -20751.976562 3350.969482 54693.847656 1.043048
666100 299.533905 -52.710327 -20751.980469 3350.969482 54693.847656 1.043048
666200 299.533936 -52.712051 -20751.982422 3350.969727 54693.847656 1.043048
666300 299.533905 -52.712814 -20751.984375 3350.969482 54693.847656 1.043048
666400 299.533905 -52.713470 -20751.988281 3350.969482 54693.847656 1.043048
666500 299.533905 -52.714111 -20751.990234 3350.969482 54693.847656 1.043048
666600 299.533936 -52.714722 -20751.992188 3350.969727 54693.847656 1.043048
666700 299.533936 -52.715797 -20751.994141 3350.969727 54693.847656 1.043048
666800 299.533936 -52.716148 -20751.994141 3350.969727 54693.847656 1.043048
666900 299.533966 -52.715988 -20751.996094 3350.970215 54693.843750 1.043048
667000 299.533966 -52.717949 -20752.000000 3350.970215 54693.847656 1.043048
667100 299.533966 -52.718369 -20752.001953 3350.970215 54693.847656 1.043048
667200 299.533966 -52.719353 -20752.003906 3350.970215 54693.843750 1.043048
667300 299.533966 -52.719902 -20752.007812 3350.970215 54693.843750 1.043048
667400 299.533997 -52.719795 -20752.009766 3350.970459 54693.843750 1.043048
667500 299.533966 -52.721069 -20752.011719 3350.970215 54693.843750 1.043048
667600 299.533966 -52.721832 -20752.013672 3350.970215 54693.843750 1.043048
667700 299.533966 -52.722618 -20752.015625 3350.970215 54693.839844 1.043048
667800 299.533966 -52.723083 -20752.017578 3350.970215 54693.839844 1.043048
667900 299.533997 -52.722786 -20752.019531 3350.970459 54693.839844 1.043048
668000 299.533997 -52.723419 -20752.021484 3350.970459 54693.839844 1.043048
668100 299.533997 -52.723907 -20752.023438 3350.970459 54693.839844 1.043048
668200 299.533997 -52.724274 -20752.025391 3350.970459 54693.828125 1.043048
668300 299.534027 -52.724777 -20752.027344 3350.970703 54693.828125 1.043048
668400 299.534027 -52.726677 -20752.029297 3350.970703 54693.828125 1.043048
668500 299.534027 -52.727341 -20752.035156 3350.970703 54693.828125 1.043048
668600 299.534027 -52.728050 -20752.039062 3350.970703 54693.824219 1.043048
668700 299.534058 -52.727486 -20752.041016 3350.971191 54693.824219 1.043048
668800 299.534058 -52.727165 -20752.042969 3350.971191 54693.824219 1.043048
668900 299.534058 -52.728577 -20752.044922 3350.971191 54693.824219 1.043048
669000 299.534058 -52.729675 -20752.044922 3350.971191 54693.828125 1.043048
669100 299.534058 -52.729950 -20752.044922 3350.971191 54693.828125 1.043048
669200 299.534058 -52.730179 -20752.046875 3350.971191 54693.828125 1.043048
669300 299.534088 -52.728516 -20752.046875 3350.971436 54693.828125 1.043048
669400 299.534088 -52.728477 -20752.046875 3350.971436 54693.828125 1.043048
669500 299.534088 -52.728767 -20752.050781 3350.971436 54693.828125 1.043048
669600 299.534088 -52.729546 -20752.050781 3350.971436 54693.828125 1.043048
669700 299.534088 -52.729057 -20752.052734 3350.971436 54693.828125 1.043048
669800 299.534088 -52.730202 -20752.054688 3350.971436 54693.828125 1.043048
669900 299.534088 -52.730682 -20752.056641 3350.971436 54693.828125 1.043048
670000 299.534088 -52.731636 -20752.058594 3350.971436 54693.828125 1.043048
670100 299.534088 -52.731964 -20752.062500 3350.971436 54693.824219 1.043048
670200 299.534088 -52.732498 -20752.064453 3350.971436 54693.824219 1.043048
670300 299.534119 -52.732910 -20752.066406 3350.971924 54693.824219 1.043048
670400 299.534119 -52.732635 -20752.070312 3350.971924 54693.824219 1.043048
670500 299.534119 -52.732719 -20752.072266 3350.971924 54693.824219 1.043048
670600 299.534149 -52.733093 -20752.074219 3350.972168 54693.816406 1.043048
670700 299.534149 -52.733177 -20752.076172 3350.972168 54693.812500 1.043048
670800 299.534149 -52.733833 -20752.078125 3350.972168 54693.812500 1.043048
670900 299.534180 -52.734528 -20752.080078 3350.972412 54693.812500 1.043048
671000 299.534180 -52.734390 -20752.083984 3350.972412 54693.812500 1.043048
671100 299.534180 -52.734657 -20752.087891 3350.972412 54693.812500 1.043048
671200 299.534210 -52.734505 -20752.091797 3350.972900 54693.808594 1.043049
671300 299.534210 -52.734634 -20752.093750 3350.972900 54693.808594 1.043049
671400 299.534210 -52.734764 -20752.095703 3350.972900 54693.808594 1.043049
671500 299.534241 -52.734497 -20752.097656 3350.973145 54693.808594 1.043049
671600 299.534241 -52.735031 -20752.097656 3350.973145 54693.812500 1.043048
671700 299.534241 -52.735718 -20752.099609 3350.973145 54693.812500 1.043048
671800 299.534241 -52.735786 -20752.101562 3350.973145 54693.812500 1.043048
671900 299.534241 -52.735168 -20752.101562 3350.973145 54693.808594 1.043049
672000 299.534271 -52.735214 -20752.103516 3350.973389 54693.808594 1.043049
672100 299.534271 -52.735878 -20752.105469 3350.973389 54693.808594 1.043049
672200 299.534271 -52.736519 -20752.109375 3350.973389 54693.808594 1.043049
672300 299.534271 -52.736053 -20752.111328 3350.973389 54693.808594 1.043049
672400 299.534271 -52.736748 -20752.113281 3350.973389 54693.808594 1.043049
672500 299.534271 -52.738144 -20752.115234 3350.973389 54693.812500 1.043048
672600 299.534271 -52.738426 -20752.117188 3350.973389 54693.812500 1.043048
672700 299.534271 -52.738441 -20752.119141 3350.973389 54693.812500 1.043048
672800 299.534271 -52.739273 -20752.121094 3350.973389 54693.812500 1.043048
672900 299.534302 -52.739769 -20752.123047 3350.973877 54693.812500 1.043048
673000 299.534302 -52.739861 -20752.126953 3350.973877 54693.808594 1.043049
673100 299.534332 -52.739929 -20752.128906 3350.974121 54693.808594 1.043049
673200 299.534332 -52.740616 -20752.130859 3350.974121 54693.808594 1.043049
673300 299.534363 -52.741905 -20752.132812 3350.974365 54693.808594 1.043049
673400 299.534363 -52.742027 -20752.134766 3350.974365 54693.796875 1.043049
673500 299.534363 -52.742126 -20752.134766 3350.974365 54693.796875 1.043049
673600 299.534363 -52.742577 -20752.138672 3350.974365 54693.796875 1.043049
673700 299.534393 -52.742561 -20752.140625 3350.974854 54693.796875 1.043049
673800 299.534363 -52.745171 -20752.146484 3350.974365 54693.796875 1.043049
673900 299.534363 -52.748924 -20752.150391 3350.974365 54693.796875 1.043049
674000 299.534363 -52.751099 -20752.154297 3350.974365 54693.796875 1.043049
674100 299.534363 -52.753769 -20752.158203 3350.974365 54693.796875 1.043049
674200 299.534363 -52.755424 -20752.162109 3350.974365 54693.796875 1.043049
674300 299.534363 -52.756470 -20752.164062 3350.974365 54693.792969 1.043049
674400 299.534363 -52.755760 -20752.164062 3350.974365 54693.792969 1.043049
674500 299.534393 -52.755157 -20752.166016 3350.974854 54693.792969 1.043049
674600 299.534393 -52.753494 -20752.167969 3350.974854 54693.792969 1.043049
674700 299.534393 -52.753975 -20752.169922 3350.974854 54693.792969 1.043049
674800 299.534393 -52.754631 -20752.171875 3350.974854 54693.792969 1.043049
674900 299.534393 -52.754089 -20752.175781 3350.974854 54693.792969 1.043049
675000 299.534393 -52.753784 -20752.177734 3350.974854 54693.785156 1.043049
675100 299.534424 -52.754822 -20752.181641 3350.975098 54693.785156 1.043049
675200 299.534424 -52.754921 -20752.183594 3350.975098 54693.785156 1.043049
675300 299.534424 -52.755127 -20752.185547 3350.975098 54693.785156 1.043049
675400 299.534454 -52.755318 -20752.189453 3350.975342 54693.785156 1.043049
675500 299.534454 -52.755836 -20752.191406 3350.975342 54693.785156 1.043049
675600 299.534454 -52.756493 -20752.193359 3350.975342 54693.785156 1.043049
675700 299.534454 -52.756866 -20752.195312 3350.975342 54693.785156 1.043049
675800 299.534454 -52.756744 -20752.195312 3350.975342 54693.785156 1.043049
675900 299.534454 -52.757050 -20752.197266 3350.975342 54693.785156 1.043049
676000 299.534485 -52.758110 -20752.199219 3350.975830 54693.785156 1.043049
676100 299.534485 -52.758339 -20752.199219 3350.975830 54693.785156 1.043049
676200 299.534515 -52.758621 -20752.201172 3350.976074 54693.785156 1.043049
676300 299.534515 -52.759674 -20752.203125 3350.976074 54693.792969 1.043049
676400 299.534515 -52.760162 -20752.205078 3350.976074 54693.785156 1.043049
676500 299.534515 -52.760780 -20752.207031 3350.976074 54693.785156 1.043049
676600 299.534515 -52.761299 -20752.208984 3350.976074 54693.785156 1.043049
676700 299.534546 -52.761955 -20752.210938 3350.976318 54693.781250 1.043049
676800 299.534546 -52.761459 -20752.212891 3350.976318 54693.781250 1.043049
676900 299.534546 -52.760895 -20752.214844 3350.976318 54693.781250 1.043049
677000 299.534576 -52.760750 -20752.214844 3350.976807 54693.781250 1.043049
677100 299.534576 -52.760612 -20752.216797 3350.976807 54693.781250 1.043049
677200 299.534576 -52.759544 -20752.216797 3350.976807 54693.781250 1.043049
677300 299.534576 -52.759613 -20752.216797 3350.976807 54693.781250 1.043049
677400 299.534576 -52.760139 -20752.218750 3350.976807 54693.781250 1.043049
677500 299.534576 -52.760101 -20752.220703 3350.976807 54693.781250 1.043049
677600 299.534576 -52.760544 -20752.224609 3350.976807 54693.781250 1.043049
677700 299.534607 -52.761955 -20752.226562 3350.977051 54693.781250 1.043049
677800 299.534607 -52.763306 -20752.228516 3350.977051 54693.781250 1.043049
677900 299.534607 -52.763901 -20752.230469 3350.977051 54693.781250 1.043049
678000 299.534607 -52.763863 -20752.234375 3350.977051 54693.781250 1.043049
678100 299.534607 -52.763268 -20752.236328 3350.977051 54693.781250 1.043049
678200 299.534637 -52.762924 -20752.238281 3350.977539 54693.781250 1.043049
678300 299.534637 -52.762321 -20752.240234 3350.977539 54693.781250 1.043049
678400 299.534637 -52.762306 -20752.242188 3350.977539 54693.769531 1.043049
678500 299.534637 -52.762665 -20752.242188 3350.977539 54693.769531 1.043049
678600 299.534637 -52.764000 -20752.244141 3350.977539 54693.769531 1.043049
678700 299.534637 -52.764824 -20752.246094 3350.977539 54693.769531 1.043049
678800 299.534637 -52.765137 -20752.248047 3350.977539 54693.769531 1.043049
678900 299.534637 -52.765305 -20752.250000 3350.977539 54693.769531 1.043049
679000 299.534637 -52.765602 -20752.251953 3350.977539 54693.769531 1.043049
679100 299.534637 -52.765800 -20752.251953 3350.977539 54693.765625 1.043049
679200 299.534668 -52.765533 -20752.255859 3350.977783 54693.765625 1.043049
679300 299.534668 -52.765213 -20752.257812 3350.977783 54693.765625 1.043049
679400 299.534668 -52.764839 -20752.259766 3350.977783 54693.765625 1.043049
679500 299.534668 -52.766129 -20752.261719 3350.977783 54693.761719 1.043049
679600 299.534698 -52.766792 -20752.263672 3350.978516 54693.761719 1.043049
679700 299.534698 -52.767090 -20752.267578 3350.978516 54693.761719 1.043049
679800 299.534698 -52.766975 -20752.269531 3350.978516 54693.761719 1.043049
679900 299.534729 -52.767311 -20752.269531 3350.978760 54693.761719 1.043049
680000 299.534729 -52.767342 -20752.271484 3350.978760 54693.761719 1.043049
680100 299.534729 -52.767982 -20752.273438 3350.978760 54693.761719 1.043049
680200 299.534760 -52.768822 -20752.277344 3350.979004 54693.761719 1.043049
680300 299.534760 -52.769150 -20752.281250 3350.979004 54693.761719 1.043049
680400 299.534760 -52.769920 -20752.283203 3350.979004 54693.753906 1.043049
680500 299.534790 -52.769814 -20752.287109 3350.979492 54693.753906 1.043049
680600 299.534760 -52.770638 -20752.289062 3350.979004 54693.753906 1.043049
680700 299.534760 -52.771530 -20752.289062 3350.979004 54693.753906 1.043049
680800 299.534760 -52.773132 -20752.292969 3350.979004 54693.753906 1.043049
680900 299.534760 -52.775826 -20752.294922 3350.979004 54693.753906 1.043049
681000 299.534760 -52.776634 -20752.298828 3350.979004 54693.753906 1.043049
681100 299.534790 -52.776817 -20752.300781 3350.979492 54693.753906 1.043049
681200 299.534790 -52.777039 -20752.302734 3350.979492 54693.753906 1.043049
681300 299.534790 -52.777901 -20752.304688 3350.979492 54693.753906 1.043049
681400 299.534790 -52.777985 -20752.304688 3350.979492 54693.753906 1.043049
681500 299.534790 -52.777756 -20752.306641 3350.979492 54693.753906 1.043049
681600 299.534790 -52.777504 -20752.310547 3350.979492 54693.753906 1.043049
681700 299.534821 -52.775810 -20752.312500 3350.979736 54693.753906 1.043049
681800 299.534821 -52.775986 -20752.314453 3350.979736 54693.753906 1.043049
681900 299.534851 -52.776718 -20752.316406 3350.979980 54693.753906 1.043049
682000 299.534851 -52.777473 -20752.320312 3350.979980 54693.753906 1.043049
682100 299.534851 -52.778168 -20752.322266 3350.979980 54693.753906 1.043049
682200 299.534851 -52.779175 -20752.324219 3350.979980 54693.753906 1.043049
682300 299.534851 -52.779816 -20752.328125 3350.979980 54693.753906 1.043049
682400 299.534882 -52.780777 -20752.332031 3350.980469 54693.753906 1.043049
682500 299.534882 -52.781166 -20752.333984 3350.980469 54693.753906 1.043049
682600 299.534882 -52.781616 -20752.333984 3350.980469 54693.750000 1.043050
682700 299.534882 -52.781601 -20752.333984 3350.980469 54693.750000 1.043050
682800 299.534882 -52.781944 -20752.333984 3350.980469 54693.750000 1.043050
682900 299.534882 -52.783043 -20752.335938 3350.980469 54693.753906 1.043049
683000 299.534882 -52.783958 -20752.337891 3350.980469 54693.753906 1.043049
683100 299.534912 -52.784927 -20752.337891 3350.980713 54693.753906 1.043049
683200 299.534912 -52.784439 -20752.341797 3350.980713 54693.750000 1.043050
683300 299.534912 -52.783768 -20752.345703 3350.980713 54693.750000 1.043050
683400 299.534912 -52.783409 -20752.347656 3350.980713 54693.750000 1.043050
683500 299.534912 -52.783478 -20752.349609 3350.980713 54693.738281 1.043050
683600 299.534943 -52.782936 -20752.351562 3350.980957 54693.738281 1.043050
683700 299.534943 -52.783272 -20752.353516 3350.980957 54693.738281 1.043050
683800 299.534943 -52.784187 -20752.355469 3350.980957 54693.738281 1.043050
683900 299.534973 -52.784454 -20752.357422 3350.981445 54693.738281 1.043050
684000 299.534973 -52.785828 -20752.357422 3350.981445 54693.738281 1.043050
684100 299.534973 -52.786766 -20752.361328 3350.981445 54693.738281 1.043050
684200 299.534973 -52.787498 -20752.365234 3350.981445 54693.738281 1.043050
684300 299.534973 -52.788605 -20752.369141 3350.981445 54693.738281 1.043050
684400 299.535004 -52.789131 -20752.371094 3350.981689 54693.738281 1.043050
684500 299.535004 -52.789558 -20752.373047 3350.981689 54693.738281 1.043050
684600 299.535004 -52.789673 -20752.375000 3350.981689 54693.738281 1.043050
684700 299.535004 -52.789253 -20752.375000 3350.981689 54693.738281 1.043050
684800 299.535004 -52.789162 -20752.375000 3350.981689 54693.738281 1.043050
684900 299.535034 -52.789421 -20752.376953 3350.981934 54693.738281 1.043050
685000 299.535034 -52.790184 -20752.378906 3350.981934 54693.738281 1.043050
685100 299.535034 -52.790520 -20752.378906 3350.981934 54693.738281 1.043050
685200 299.535034 -52.789452 -20752.380859 3350.981934 54693.738281 1.043050
685300 299.535065 -52.789848 -20752.382812 3350.982422 54693.738281 1.043050
685400 299.535065 -52.789856 -20752.384766 3350.982422 54693.750000 1.043050
685500 299.535065 -52.790062 -20752.386719 3350.982422 54693.750000 1.043050
685600 299.535065 -52.790276 -20752.386719 3350.982422 54693.750000 1.043050
685700 299.535095 -52.790070 -20752.386719 3350.982666 54693.750000 1.043050
685800 299.535065 -52.790596 -20752.388672 3350.982422 54693.750000 1.043050
685900 299.535095 -52.791122 -20752.390625 3350.982666 54693.750000 1.043050
686000 299.535095 -52.792122 -20752.394531 3350.982666 54693.750000 1.043050
686100 299.535095 -52.792107 -20752.396484 3350.982666 54693.750000 1.043050
686200 299.535126 -52.791603 -20752.398438 3350.983154 54693.738281 1.043050
686300 299.535126 -52.791946 -20752.400391 3350.983154 54693.738281 1.043050
686400 299.535126 -52.792892 -20752.402344 3350.983154 54693.738281 1.043050
686500 299.535126 -52.792786 -20752.404297 3350.983154 54693.738281 1.043050
686600 299.535126 -52.793938 -20752.408203 3350.983154 54693.738281 1.043050
686700 299.535126 -52.795441 -20752.412109 3350.983154 54693.738281 1.043050
686800 299.535156 -52.796066 -20752.414062 3350.983398 54693.738281 1.043050
686900 299.535156 -52.795769 -20752.416016 3350.983398 54693.738281 1.043050
687000 299.535156 -52.795540 -20752.417969 3350.983398 54693.738281 1.043050
687100 299.535187 -52.796791 -20752.419922 3350.983643 54693.738281 1.043050
687200 299.535187 -52.797966 -20752.421875 3350.983643 54693.750000 1.043050
687300 299.535187 -52.798523 -20752.421875 3350.983643 54693.738281 1.043050
687400 299.535187 -52.798920 -20752.423828 3350.983643 54693.738281 1.043050
687500 299.535187 -52.799835 -20752.427734 3350.983643 54693.734375 1.043050
687600 299.535187 -52.802116 -20752.429688 3350.983643 54693.738281 1.043050
687700 299.535187 -52.802155 -20752.431641 3350.983643 54693.734375 1.043050
687800 299.535187 -52.802147 -20752.431641 3350.983643 54693.734375 1.043050
687900 299.535187 -52.804749 -20752.437500 3350.983643 54693.734375 1.043050
688000 299.535187 -52.805771 -20752.441406 3350.983643 54693.734375 1.043050
688100 299.535217 -52.806480 -20752.443359 3350.984131 54693.734375 1.043050
688200 299.535217 -52.806709 -20752.447266 3350.984131 54693.738281 1.043050
688300 299.535217 -52.806160 -20752.449219 3350.984131 54693.738281 1.043050
688400 299.535217 -52.805977 -20752.451172 3350.984131 54693.738281 1.043050
688500 299.535217 -52.805641 -20752.451172 3350.984131 54693.738281 1.043050
688600 299.535217 -52.806686 -20752.453125 3350.984131 54693.738281 1.043050
688700 299.535217 -52.807533 -20752.453125 3350.984131 54693.734375 1.043050
688800 299.535248 -52.808167 -20752.457031 3350.984375 54693.734375 1.043050
688900 299.535248 -52.808891 -20752.458984 3350.984375 54693.734375 1.043050
689000 299.535278 -52.809265 -20752.460938 3350.984619 54693.734375 1.043050
689100 299.535278 -52.809952 -20752.464844 3350.984619 54693.734375 1.043050
689200 299.535278 -52.809700 -20752.466797 3350.984619 54693.734375 1.043050
689300 299.535278 -52.809830 -20752.468750 3350.984619 54693.730469 1.043050
689400 299.535309 -52.810165 -20752.470703 3350.985107 54693.730469 1.043050
689500 299.535309 -52.810570 -20752.472656 3350.985107 54693.730469 1.043050
689600 299.535309 -52.811256 -20752.472656 3350.985107 54693.730469 1.043050
689700 299.535309 -52.811226 -20752.474609 3350.985107 54693.730469 1.043050
689800 299.535309 -52.810875 -20752.476562 3350.985107 54693.730469 1.043050
689900 299.535309 -52.810699 -20752.480469 3350.985107 54693.722656 1.043050
690000 299.535339 -52.811127 -20752.482422 3350.985352 54693.722656 1.043050
690100 299.535339 -52.811241 -20752.482422 3350.985352 54693.722656 1.043050
690200 299.535339 -52.811729 -20752.486328 3350.985352 54693.722656 1.043050
690300 299.535339 -52.812149 -20752.488281 3350.985352 54693.722656 1.043050
690400 299.535339 -52.811905 -20752.490234 3350.985352 54693.730469 1.043050
690500 299.535339 -52.811974 -20752.492188 3350.985352 54693.722656 1.043050
690600 299.535370 -52.811729 -20752.494141 3350.985596 54693.722656 1.043050
690700 299.535370 -52.812195 -20752.496094 3350.985596 54693.722656 1.043050
690800 299.535370 -52.812309 -20752.498047 3350.985596 54693.722656 1.043050
690900 299.535370 -52.812584 -20752.498047 3350.985596 54693.722656 1.043050
691000 299.535370 -52.813026 -20752.500000 3350.985596 54693.722656 1.043050
691100 299.535370 -52.813248 -20752.501953 3350.985596 54693.722656 1.043050
691200 299.535370 -52.813339 -20752.503906 3350.985596 54693.722656 1.043050
691300 299.535370 -52.813805 -20752.503906 3350.985596 54693.722656 1.043050
691400 299.535400 -52.814491 -20752.505859 3350.986084 54693.722656 1.043050
691500 299.535400 -52.815521 -20752.509766 3350.986084 54693.722656 1.043050
691600 299.535400 -52.816177 -20752.511719 3350.986084 54693.718750 1.043050
691700 299.535400 -52.817345 -20752.515625 3350.986084 54693.718750 1.043050
691800 299.535400 -52.817719 -20752.517578 3350.986084 54693.707031 1.043050
691900 299.535431 -52.817589 -20752.517578 3350.986328 54693.707031 1.043050
692000 299.535431 -52.817001 -20752.519531 3350.986328 54693.707031 1.043050
692100 299.535431 -52.816635 -20752.521484 3350.986328 54693.707031 1.043050
692200 299.535431 -52.816254 -20752.521484 3350.986328 54693.707031 1.043050
692300 299.535461 -52.815704 -20752.523438 3350.986572 54693.707031 1.043050
692400 299.535461 -52.814972 -20752.523438 3350.986572 54693.707031 1.043050
692500 299.535461 -52.814301 -20752.523438 3350.986572 54693.707031 1.043050
692600 299.535461 -52.814133 -20752.527344 3350.986572 54693.707031 1.043050
692700 299.535461 -52.813522 -20752.527344 3350.986572 54693.707031 1.043050
692800 299.535492 -52.813889 -20752.529297 3350.987061 54693.707031 1.043050
692900 299.535492 -52.814034 -20752.531250 3350.987061 54693.707031 1.043050
693000 299.535492 -52.815079 -20752.535156 3350.987061 54693.707031 1.043050
693100 299.535492 -52.815742 -20752.539062 3350.987061 54693.707031 1.043050
693200 299.535492 -52.816734 -20752.542969 3350.987061 54693.707031 1.043050
693300 299.535492 -52.816826 -20752.542969 3350.987061 54693.707031 1.043050
693400 299.535492 -52.817253 -20752.544922 3350.987061 54693.707031 1.043050
693500 299.535522 -52.818199 -20752.546875 3350.987305 54693.707031 1.043050
693600 299.535522 -52.818748 -20752.548828 3350.987305 54693.718750 1.043050
693700 299.535522 -52.819618 -20752.550781 3350.987305 54693.718750 1.043050
693800 299.535553 -52.820305 -20752.554688 3350.987549 54693.718750 1.043050
693900 299.535553 -52.819893 -20752.556641 3350.987549 54693.718750 1.043050
694000 299.535553 -52.820793 -20752.556641 3350.987549 54693.707031 1.043050
694100 299.535583 -52.821136 -20752.558594 3350.988037 54693.707031 1.043050
694200 299.535614 -52.821327 -20752.560547 3350.988770 54693.707031 1.043050
694300 299.535614 -52.820984 -20752.562500 3350.988770 54693.707031 1.043050
694400 299.535614 -52.822189 -20752.566406 3350.988770 54693.703125 1.043050
694500 299.535583 -52.823250 -20752.570312 3350.988037 54693.703125 1.043050
694600 299.535583 -52.823990 -20752.574219 3350.988037 54693.703125 1.043050
694700 299.535583 -52.823776 -20752.576172 3350.988037 54693.699219 1.043051
694800 299.535583 -52.823372 -20752.578125 3350.988037 54693.699219 1.043051
694900 299.535583 -52.824257 -20752.580078 3350.988037 54693.699219 1.043051
695000 299.535614 -52.826584 -20752.582031 3350.988770 54693.699219 1.043051
695100 299.535614 -52.827507 -20752.582031 3350.988770 54693.703125 1.043050
695200 299.535614 -52.828102 -20752.583984 3350.988770 54693.703125 1.043050
695300 299.535614 -52.828293 -20752.585938 3350.988770 54693.703125 1.043050
695400 299.535614 -52.828201 -20752.587891 3350.988770 54693.703125 1.043050
695500 299.535614 -52.827881 -20752.589844 3350.988770 54693.699219 1.043051
695600 299.535614 -52.827644 -20752.591797 3350.988770 54693.699219 1.043051
695700 299.535614 -52.828667 -20752.593750 3350.988770 54693.699219 1.043051
695800 299.535614 -52.828979 -20752.593750 3350.988770 54693.699219 1.043051
695900 299.535645 -52.828796 -20752.595703 3350.989014 54693.699219 1.043051
696000 299.535645 -52.829208 -20752.597656 3350.989014 54693.703125 1.043050
696100 299.535645 -52.829948 -20752.601562 3350.989014 54693.703125 1.043050
696200 299.535645 -52.831520 -20752.605469 3350.989014 54693.703125 1.043050
696300 299.535675 -52.832405 -20752.607422 3350.989258 54693.703125 1.043050
696400 299.535675 -52.833046 -20752.611328 3350.989258 54693.703125 1.043050
696500 299.535675 -52.833870 -20752.613281 3350.989258 54693.703125 1.043050
696600 299.535675 -52.833366 -20752.613281 3350.989258 54693.703125 1.043050
696700 299.535675 -52.833153 -20752.615234 3350.989258 54693.703125 1.043050
696800 299.535706 -52.833214 -20752.615234 3350.989746 54693.703125 1.043050
696900 299.535706 -52.833595 -20752.617188 3350.989746 54693.703125 1.043050
697000 299.535706 -52.834244 -20752.619141 3350.989746 54693.699219 1.043051
697100 299.535706 -52.834946 -20752.621094 3350.989746 54693.703125 1.043050
697200 299.535706 -52.835266 -20752.621094 3350.989746 54693.699219 1.043051
697300 299.535736 -52.834831 -20752.623047 3350.989990 54693.699219 1.043051
697400 299.535736 -52.834587 -20752.625000 3350.989990 54693.699219 1.043051
697500 299.535736 -52.834015 -20752.626953 3350.989990 54693.699219 1.043051
697600 299.535736 -52.833923 -20752.628906 3350.989990 54693.699219 1.043051
697700 299.535736 -52.833961 -20752.628906 3350.989990 54693.699219 1.043051
697800 299.535767 -52.834511 -20752.630859 3350.990234 54693.699219 1.043051
697900 299.535767 -52.834900 -20752.632812 3350.990234 54693.699219 1.043051
698000 299.535767 -52.835129 -20752.632812 3350.990234 54693.691406 1.043051
698100 299.535797 -52.834877 -20752.634766 3350.990723 54693.691406 1.043051
698200 299.535797 -52.835602 -20752.636719 3350.990723 54693.691406 1.043051
698300 299.535797 -52.835938 -20752.640625 3350.990723 54693.687500 1.043051
698400 299.535797 -52.836563 -20752.644531 3350.990723 54693.687500 1.043051
698500 299.535797 -52.836510 -20752.646484 3350.990723 54693.687500 1.043051
698600 299.535828 -52.837654 -20752.648438 3350.990967 54693.687500 1.043051
698700 299.535828 -52.838867 -20752.650391 3350.990967 54693.687500 1.043051
698800 299.535828 -52.839264 -20752.652344 3350.990967 54693.687500 1.043051
698900 299.535828 -52.839958 -20752.654297 3350.990967 54693.687500 1.043051
699000 299.535828 -52.839119 -20752.654297 3350.990967 54693.687500 1.043051
699100 299.535828 -52.838814 -20752.656250 3350.990967 54693.687500 1.043051
699200 299.535828 -52.838707 -20752.660156 3350.990967 54693.687500 1.043051
699300 299.535828 -52.839165 -20752.664062 3350.990967 54693.687500 1.043051
699400 299.535828 -52.838875 -20752.666016 3350.990967 54693.687500 1.043051
699500 299.535828 -52.838387 -20752.667969 3350.990967 54693.687500 1.043051
699600 299.535828 -52.838722 -20752.669922 3350.990967 54693.687500 1.043051
699700 299.535828 -52.839455 -20752.669922 3350.990967 54693.687500 1.043051
699800 299.535858 -52.839516 -20752.669922 3350.991211 54693.687500 1.043051
699900 299.535858 -52.839851 -20752.673828 3350.991211 54693.687500 1.043051
700000 299.535889 -52.840302 -20752.675781 3350.991699 54693.687500 1.043051
