# Time-averaged data for fix thermo_detailed
# TimeStep v_temp v_press v_pe v_ke v_vol v_dens
600100 298.349945 -30.998760 -21021.562500 3337.724121 54490.777344 1.046935
600200 298.713898 -44.279751 -20939.574219 3341.795654 54499.121094 1.046775
600300 298.973816 -58.823677 -20900.300781 3344.703613 54550.207031 1.045794
600400 299.156006 -66.553513 -20864.835938 3346.741699 54587.195312 1.045086
600500 299.287201 -68.554176 -20835.326172 3348.209473 54618.500000 1.044487
600600 299.377655 -67.785210 -20812.500000 3349.221436 54642.675781 1.044024
600700 299.437531 -65.979248 -20795.531250 3349.891113 54660.410156 1.043686
600800 299.475708 -64.002022 -20783.197266 3350.318115 54673.003906 1.043445
600900 299.499329 -62.220924 -20774.363281 3350.582520 54681.773438 1.043278
601000 299.513550 -60.760391 -20768.105469 3350.741699 54687.804688 1.043163
601100 299.521881 -59.628120 -20763.718750 3350.834717 54691.929688 1.043084
601200 299.526611 -58.785423 -20760.673828 3350.887939 54694.738281 1.043031
601300 299.529266 -58.173996 -20758.582031 3350.917725 54696.640625 1.042994
601400 299.530670 -57.742744 -20757.158203 3350.933105 54697.937500 1.042970
601500 299.531403 -57.440826 -20756.193359 3350.941406 54698.816406 1.042953
601600 299.531769 -57.233719 -20755.550781 3350.945312 54699.414062 1.042942
601700 299.531952 -57.091827 -20755.123047 3350.947266 54699.816406 1.042934
601800 299.532043 -56.997589 -20754.841797 3350.948730 54700.093750 1.042929
601900 299.532104 -56.935081 -20754.669922 3350.949463 54700.273438 1.042925
602000 299.532196 -56.895699 -20754.562500 3350.950439 54700.394531 1.042923
602100 299.532288 -56.870621 -20754.498047 3350.951416 54700.468750 1.042921
602200 299.532379 -56.854622 -20754.464844 3350.952393 54700.511719 1.042921
602300 299.532501 -56.850227 -20754.458984 3350.953613 54700.539062 1.042920
602400 299.532654 -56.848145 -20754.464844 3350.955322 54700.542969 1.042920
602500 299.532837 -56.846008 -20754.476562 3350.957275 54700.542969 1.042920
602600 299.533020 -56.846931 -20754.496094 3350.959473 54700.523438 1.042920
602700 299.533173 -56.848907 -20754.517578 3350.961182 54700.507812 1.042921
602800 299.533386 -56.852776 -20754.544922 3350.963623 54700.488281 1.042921
602900 299.533600 -56.860779 -20754.578125 3350.965820 54700.457031 1.042922
603000 299.533813 -56.866432 -20754.607422 3350.968506 54700.429688 1.042922
603100 299.534027 -56.873222 -20754.642578 3350.970703 54700.398438 1.042923
603200 299.534271 -56.880371 -20754.675781 3350.973389 54700.363281 1.042923
603300 299.534454 -56.888489 -20754.710938 3350.975342 54700.332031 1.042924
603400 299.534698 -56.896317 -20754.746094 3350.978516 54700.296875 1.042925
603500 299.534943 -56.906410 -20754.787109 3350.980957 54700.253906 1.042925
603600 299.535187 -56.915291 -20754.824219 3350.983643 54700.234375 1.042926
603700 299.535431 -56.922340 -20754.863281 3350.986328 54700.191406 1.042927
603800 299.535675 -56.934166 -20754.902344 3350.989258 54700.160156 1.042927
603900 299.535889 -56.943871 -20754.943359 3350.991699 54700.125000 1.042928
604000 299.536102 -56.953178 -20754.980469 3350.993896 54700.089844 1.042929
604100 299.536346 -56.962471 -20755.021484 3350.996582 54700.050781 1.042929
604200 299.536591 -56.971642 -20755.060547 3350.999512 54700.019531 1.042930
604300 299.536804 -56.983383 -20755.105469 3351.001953 54699.980469 1.042931
604400 299.537018 -56.994797 -20755.144531 3351.004150 54699.941406 1.042931
604500 299.537231 -57.005882 -20755.189453 3351.006592 54699.902344 1.042932
604600 299.537445 -57.016655 -20755.232422 3351.009033 54699.871094 1.042933
604700 299.537628 -57.025772 -20755.269531 3351.011230 54699.832031 1.042934
604800 299.537842 -57.037361 -20755.308594 3351.013428 54699.800781 1.042934
604900 299.538055 -57.047752 -20755.351562 3351.015625 54699.769531 1.042935
605000 299.538269 -57.059906 -20755.392578 3351.018066 54699.730469 1.042935
605100 299.538513 -57.072144 -20755.437500 3351.020996 54699.699219 1.042936
605200 299.538757 -57.084076 -20755.478516 3351.023682 54699.667969 1.042937
605300 299.538971 -57.093262 -20755.519531 3351.025879 54699.632812 1.042937
605400 299.539185 -57.107597 -20755.562500 3351.028320 54699.593750 1.042938
605500 299.539368 -57.116119 -20755.601562 3351.030518 54699.562500 1.042939
605600 299.539581 -57.126144 -20755.640625 3351.032959 54699.531250 1.042939
605700 299.539795 -57.139069 -20755.681641 3351.035156 54699.496094 1.042940
605800 299.540009 -57.150078 -20755.720703 3351.037598 54699.468750 1.042940
605900 299.540192 -57.161827 -20755.763672 3351.039795 54699.429688 1.042941
606000 299.540375 -57.174736 -20755.806641 3351.041748 54699.390625 1.042942
606100 299.540588 -57.185616 -20755.845703 3351.044189 54699.359375 1.042943
606200 299.540802 -57.196693 -20755.884766 3351.046387 54699.328125 1.042943
606300 299.540985 -57.207359 -20755.921875 3351.048340 54699.304688 1.042944
606400 299.541168 -57.217575 -20755.960938 3351.050781 54699.269531 1.042944
606500 299.541351 -57.230225 -20756.000000 3351.052734 54699.242188 1.042945
606600 299.541534 -57.242416 -20756.041016 3351.054688 54699.210938 1.042945
606700 299.541748 -57.254501 -20756.078125 3351.057129 54699.179688 1.042946
606800 299.541901 -57.265900 -20756.119141 3351.058594 54699.148438 1.042947
606900 299.542114 -57.278099 -20756.158203 3351.061279 54699.113281 1.042947
607000 299.542297 -57.288673 -20756.193359 3351.063232 54699.085938 1.042948
607100 299.542480 -57.300690 -20756.230469 3351.065186 54699.058594 1.042948
607200 299.542633 -57.309570 -20756.271484 3351.066895 54699.023438 1.042949
607300 299.542816 -57.321877 -20756.308594 3351.068848 54698.996094 1.042949
607400 299.542999 -57.331947 -20756.345703 3351.071289 54698.964844 1.042950
607500 299.543182 -57.341347 -20756.378906 3351.073242 54698.945312 1.042951
607600 299.543365 -57.352516 -20756.417969 3351.075195 54698.914062 1.042951
607700 299.543518 -57.362160 -20756.455078 3351.076904 54698.878906 1.042952
607800 299.543671 -57.371948 -20756.488281 3351.078369 54698.859375 1.042952
607900 299.543823 -57.382614 -20756.523438 3351.080566 54698.832031 1.042953
608000 299.544006 -57.394005 -20756.558594 3351.082520 54698.800781 1.042953
608100 299.544159 -57.405708 -20756.597656 3351.083984 54698.769531 1.042954
608200 299.544312 -57.416138 -20756.628906 3351.085693 54698.750000 1.042954
608300 299.544464 -57.426010 -20756.664062 3351.087402 54698.722656 1.042955
608400 299.544617 -57.433380 -20756.695312 3351.089111 54698.703125 1.042955
608500 299.544769 -57.443153 -20756.730469 3351.091064 54698.675781 1.042956
608600 299.544922 -57.454178 -20756.763672 3351.092773 54698.648438 1.042956
608700 299.545044 -57.466713 -20756.800781 3351.093994 54698.617188 1.042957
608800 299.545166 -57.475586 -20756.833984 3351.095215 54698.593750 1.042957
608900 299.545319 -57.485847 -20756.863281 3351.096924 54698.562500 1.042958
609000 299.545471 -57.494476 -20756.894531 3351.098633 54698.539062 1.042958
609100 299.545624 -57.503807 -20756.931641 3351.100586 54698.519531 1.042959
609200 299.545776 -57.512421 -20756.962891 3351.102295 54698.496094 1.042959
609300 299.545898 -57.521217 -20756.990234 3351.103516 54698.472656 1.042959
609400 299.546021 -57.529129 -20757.021484 3351.104980 54698.441406 1.042960
609500 299.546173 -57.538307 -20757.054688 3351.106445 54698.425781 1.042960
609600 299.546326 -57.546394 -20757.083984 3351.108154 54698.402344 1.042961
609700 299.546448 -57.558235 -20757.115234 3351.109863 54698.375000 1.042961
609800 299.546570 -57.569687 -20757.148438 3351.111084 54698.347656 1.042962
609900 299.546692 -57.575920 -20757.177734 3351.112549 54698.332031 1.042962
610000 299.546844 -57.584724 -20757.208984 3351.114258 54698.296875 1.042963
610100 299.546967 -57.593521 -20757.236328 3351.115479 54698.277344 1.042963
610200 299.547119 -57.604904 -20757.267578 3351.117188 54698.253906 1.042964
610300 299.547211 -57.614098 -20757.294922 3351.118164 54698.246094 1.042964
610400 299.547333 -57.620918 -20757.324219 3351.119385 54698.222656 1.042964
610500 299.547485 -57.630920 -20757.353516 3351.121338 54698.191406 1.042965
610600 299.547607 -57.640587 -20757.382812 3351.122803 54698.171875 1.042965
610700 299.547729 -57.645683 -20757.408203 3351.124023 54698.156250 1.042966
610800 299.547852 -57.653854 -20757.439453 3351.125488 54698.132812 1.042966
610900 299.547974 -57.664047 -20757.466797 3351.126709 54698.109375 1.042966
611000 299.548065 -57.671165 -20757.494141 3351.127686 54698.089844 1.042967
611100 299.548157 -57.678665 -20757.523438 3351.128662 54698.070312 1.042967
611200 299.548248 -57.686676 -20757.550781 3351.129639 54698.046875 1.042968
611300 299.548370 -57.694710 -20757.576172 3351.131348 54698.031250 1.042968
611400 299.548492 -57.703003 -20757.603516 3351.132568 54698.007812 1.042968
611500 299.548584 -57.708786 -20757.623047 3351.133545 54697.984375 1.042969
611600 299.548706 -57.716362 -20757.650391 3351.135010 54697.968750 1.042969
611700 299.548798 -57.724464 -20757.677734 3351.135986 54697.953125 1.042969
611800 299.548920 -57.732925 -20757.705078 3351.137207 54697.929688 1.042970
611900 299.549042 -57.743340 -20757.730469 3351.138672 54697.917969 1.042970
612000 299.549133 -57.747910 -20757.757812 3351.139648 54697.898438 1.042970
612100 299.549255 -57.752975 -20757.783203 3351.141357 54697.882812 1.042971
612200 299.549347 -57.759560 -20757.810547 3351.142334 54697.859375 1.042971
612300 299.549408 -57.770317 -20757.835938 3351.142822 54697.843750 1.042971
612400 299.549500 -57.776863 -20757.859375 3351.143799 54697.824219 1.042972
612500 299.549591 -57.785049 -20757.882812 3351.144775 54697.804688 1.042972
612600 299.549683 -57.791840 -20757.910156 3351.145752 54697.789062 1.042973
612700 299.549805 -57.797646 -20757.931641 3351.147217 54697.765625 1.042973
612800 299.549896 -57.803528 -20757.953125 3351.148193 54697.746094 1.042973
612900 299.549988 -57.809273 -20757.976562 3351.149170 54697.738281 1.042974
613000 299.550110 -57.816254 -20757.998047 3351.150879 54697.714844 1.042974
613100 299.550201 -57.823608 -20758.023438 3351.151855 54697.707031 1.042974
613200 299.550293 -57.829102 -20758.046875 3351.152832 54697.695312 1.042974
613300 299.550415 -57.836151 -20758.070312 3351.154053 54697.675781 1.042975
613400 299.550507 -57.841713 -20758.093750 3351.155029 54697.652344 1.042975
613500 299.550568 -57.849197 -20758.115234 3351.155762 54697.636719 1.042975
613600 299.550659 -57.852943 -20758.138672 3351.156738 54697.617188 1.042976
613700 299.550751 -57.858856 -20758.158203 3351.157715 54697.613281 1.042976
613800 299.550842 -57.863792 -20758.177734 3351.158691 54697.601562 1.042976
613900 299.550903 -57.871399 -20758.201172 3351.159424 54697.582031 1.042976
614000 299.550995 -57.877136 -20758.222656 3351.160645 54697.558594 1.042977
614100 299.551086 -57.882393 -20758.242188 3351.161621 54697.550781 1.042977
614200 299.551178 -57.888687 -20758.265625 3351.162598 54697.527344 1.042977
614300 299.551239 -57.897179 -20758.289062 3351.163330 54697.519531 1.042978
614400 299.551331 -57.902359 -20758.310547 3351.164307 54697.496094 1.042978
614500 299.551392 -57.909271 -20758.330078 3351.165039 54697.488281 1.042978
614600 299.551453 -57.912628 -20758.349609 3351.165771 54697.464844 1.042979
614700 299.551544 -57.920105 -20758.373047 3351.166748 54697.457031 1.042979
614800 299.551636 -57.924660 -20758.392578 3351.167725 54697.441406 1.042979
614900 299.551727 -57.927315 -20758.412109 3351.168701 54697.425781 1.042979
615000 299.551819 -57.931717 -20758.431641 3351.169678 54697.410156 1.042980
615100 299.551880 -57.938812 -20758.451172 3351.170654 54697.398438 1.042980
615200 299.551971 -57.944740 -20758.470703 3351.171631 54697.386719 1.042980
615300 299.552032 -57.948189 -20758.490234 3351.172363 54697.367188 1.042981
615400 299.552124 -57.955315 -20758.511719 3351.173340 54697.359375 1.042981
615500 299.552185 -57.960320 -20758.529297 3351.173828 54697.343750 1.042981
615600 299.552277 -57.964348 -20758.550781 3351.174805 54697.328125 1.042981
615700 299.552338 -57.970192 -20758.568359 3351.175537 54697.316406 1.042982
615800 299.552429 -57.973274 -20758.582031 3351.176514 54697.304688 1.042982
615900 299.552490 -57.979797 -20758.601562 3351.177246 54697.300781 1.042982
616000 299.552551 -57.985542 -20758.623047 3351.177979 54697.281250 1.042982
616100 299.552643 -57.990486 -20758.642578 3351.178955 54697.269531 1.042982
616200 299.552704 -57.994362 -20758.662109 3351.179443 54697.253906 1.042983
616300 299.552765 -57.999596 -20758.679688 3351.180176 54697.238281 1.042983
616400 299.552826 -58.003784 -20758.699219 3351.181152 54697.234375 1.042983
616500 299.552887 -58.009575 -20758.716797 3351.181885 54697.222656 1.042983
616600 299.552979 -58.016922 -20758.736328 3351.182861 54697.210938 1.042984
616700 299.553040 -58.019753 -20758.755859 3351.183594 54697.203125 1.042984
616800 299.553101 -58.025833 -20758.771484 3351.184082 54697.191406 1.042984
616900 299.553192 -58.030762 -20758.792969 3351.185059 54697.179688 1.042984
617000 299.553253 -58.034904 -20758.810547 3351.185791 54697.160156 1.042984
617100 299.553314 -58.039177 -20758.830078 3351.186523 54697.156250 1.042985
617200 299.553375 -58.043083 -20758.845703 3351.187256 54697.132812 1.042985
617300 299.553436 -58.047470 -20758.863281 3351.187744 54697.125000 1.042985
617400 299.553497 -58.051163 -20758.876953 3351.188477 54697.113281 1.042985
617500 299.553528 -58.055687 -20758.896484 3351.188721 54697.097656 1.042986
617600 299.553589 -58.059372 -20758.914062 3351.189453 54697.085938 1.042986
617700 299.553650 -58.062965 -20758.927734 3351.190186 54697.082031 1.042986
617800 299.553741 -58.066963 -20758.943359 3351.191406 54697.066406 1.042986
617900 299.553802 -58.071411 -20758.958984 3351.192139 54697.062500 1.042986
618000 299.553894 -58.074707 -20758.974609 3351.193115 54697.054688 1.042987
618100 299.553955 -58.076607 -20758.988281 3351.193848 54697.039062 1.042987
618200 299.553986 -58.079285 -20759.005859 3351.194092 54697.031250 1.042987
618300 299.554047 -58.085823 -20759.021484 3351.194824 54697.023438 1.042987
618400 299.554108 -58.092331 -20759.037109 3351.195312 54697.007812 1.042987
618500 299.554138 -58.094612 -20759.054688 3351.195801 54697.003906 1.042987
618600 299.554199 -58.096718 -20759.068359 3351.196289 54696.996094 1.042988
618700 299.554260 -58.099106 -20759.082031 3351.197021 54696.980469 1.042988
618800 299.554321 -58.102852 -20759.099609 3351.197754 54696.972656 1.042988
618900 299.554382 -58.105118 -20759.113281 3351.198486 54696.968750 1.042988
619000 299.554443 -58.108459 -20759.126953 3351.198975 54696.957031 1.042988
619100 299.554535 -58.113701 -20759.142578 3351.199951 54696.949219 1.042989
619200 299.554565 -58.116928 -20759.158203 3351.200439 54696.937500 1.042989
619300 299.554626 -58.119705 -20759.173828 3351.201416 54696.933594 1.042989
619400 299.554688 -58.122238 -20759.189453 3351.201904 54696.917969 1.042989
619500 299.554749 -58.126038 -20759.205078 3351.202637 54696.910156 1.042989
619600 299.554810 -58.131569 -20759.216797 3351.203369 54696.902344 1.042989
619700 299.554871 -58.135521 -20759.230469 3351.204102 54696.890625 1.042990
619800 299.554901 -58.140022 -20759.244141 3351.204346 54696.886719 1.042990
619900 299.554962 -58.141632 -20759.259766 3351.205078 54696.875000 1.042990
620000 299.555023 -58.144379 -20759.273438 3351.205566 54696.871094 1.042990
620100 299.555084 -58.148514 -20759.287109 3351.206299 54696.859375 1.042990
620200 299.555084 -58.152397 -20759.302734 3351.206299 54696.855469 1.042990
620300 299.555145 -58.155510 -20759.314453 3351.207031 54696.843750 1.042991
620400 299.555176 -58.158638 -20759.328125 3351.207275 54696.839844 1.042991
620500 299.555237 -58.163963 -20759.343750 3351.208008 54696.824219 1.042991
620600 299.555298 -58.166748 -20759.361328 3351.208496 54696.812500 1.042991
620700 299.555359 -58.169312 -20759.375000 3351.209229 54696.812500 1.042991
620800 299.555420 -58.171043 -20759.386719 3351.209961 54696.796875 1.042991
620900 299.555450 -58.173111 -20759.396484 3351.210205 54696.792969 1.042992
621000 299.555511 -58.175880 -20759.406250 3351.211182 54696.792969 1.042992
621100 299.555573 -58.177025 -20759.417969 3351.211914 54696.785156 1.042992
621200 299.555634 -58.179794 -20759.433594 3351.212646 54696.781250 1.042992
621300 299.555634 -58.184662 -20759.447266 3351.212646 54696.765625 1.042992
621400 299.555695 -58.187691 -20759.460938 3351.213135 54696.761719 1.042992
621500 299.555725 -58.190018 -20759.474609 3351.213623 54696.753906 1.042992
621600 299.555786 -58.192543 -20759.484375 3351.214111 54696.746094 1.042992
621700 299.555817 -58.194633 -20759.496094 3351.214600 54696.734375 1.042993
621800 299.555847 -58.195885 -20759.507812 3351.214844 54696.730469 1.042993
621900 299.555908 -58.197098 -20759.521484 3351.215576 54696.722656 1.042993
622000 299.555969 -58.200798 -20759.537109 3351.216309 54696.714844 1.042993
622100 299.556030 -58.205711 -20759.550781 3351.216797 54696.714844 1.042993
622200 299.556061 -58.207970 -20759.558594 3351.217285 54696.703125 1.042993
622300 299.556122 -58.208702 -20759.570312 3351.217773 54696.699219 1.042993
622400 299.556152 -58.210732 -20759.580078 3351.218262 54696.699219 1.042993
622500 299.556183 -58.215820 -20759.595703 3351.218506 54696.687500 1.042994
622600 299.556213 -58.218842 -20759.607422 3351.218750 54696.683594 1.042994
622700 299.556244 -58.222183 -20759.621094 3351.219238 54696.660156 1.042994
622800 299.556305 -58.225548 -20759.634766 3351.219727 54696.656250 1.042994
622900 299.556335 -58.229065 -20759.646484 3351.220215 54696.652344 1.042994
623000 299.556366 -58.230698 -20759.654297 3351.220459 54696.640625 1.042994
623100 299.556396 -58.232895 -20759.662109 3351.220947 54696.636719 1.042994
623200 299.556427 -58.234673 -20759.673828 3351.221436 54696.636719 1.042994
623300 299.556488 -58.238846 -20759.687500 3351.222168 54696.628906 1.042995
623400 299.556549 -58.242844 -20759.701172 3351.222900 54696.625000 1.042995
623500 299.556580 -58.243446 -20759.714844 3351.223145 54696.609375 1.042995
623600 299.556641 -58.243462 -20759.724609 3351.223877 54696.605469 1.042995
623700 299.556671 -58.245529 -20759.732422 3351.224121 54696.605469 1.042995
623800 299.556702 -58.248871 -20759.746094 3351.224365 54696.593750 1.042995
623900 299.556732 -58.250122 -20759.755859 3351.224854 54696.585938 1.042995
624000 299.556763 -58.252617 -20759.765625 3351.225098 54696.578125 1.042996
624100 299.556824 -58.254524 -20759.777344 3351.225830 54696.574219 1.042996
624200 299.556854 -58.257538 -20759.787109 3351.226074 54696.570312 1.042996
624300 299.556915 -58.258804 -20759.798828 3351.226807 54696.562500 1.042996
624400 299.556946 -58.262993 -20759.810547 3351.227051 54696.562500 1.042996
624500 299.556976 -58.266258 -20759.824219 3351.227539 54696.554688 1.042996
624600 299.556976 -58.268143 -20759.833984 3351.227539 54696.554688 1.042996
624700 299.557037 -58.269897 -20759.841797 3351.228027 54696.546875 1.042996
624800 299.557068 -58.273819 -20759.851562 3351.228516 54696.542969 1.042996
624900 299.557098 -58.278000 -20759.863281 3351.228760 54696.539062 1.042996
625000 299.557159 -58.277405 -20759.873047 3351.229492 54696.531250 1.042997
625100 299.557190 -58.278389 -20759.884766 3351.229736 54696.523438 1.042997
625200 299.557220 -58.282646 -20759.894531 3351.229980 54696.515625 1.042997
625300 299.557251 -58.285896 -20759.904297 3351.230469 54696.515625 1.042997
625400 299.557281 -58.289001 -20759.914062 3351.230713 54696.511719 1.042997
625500 299.557312 -58.289719 -20759.923828 3351.231445 54696.507812 1.042997
625600 299.557343 -58.293633 -20759.933594 3351.231689 54696.500000 1.042997
625700 299.557373 -58.294388 -20759.945312 3351.232178 54696.492188 1.042997
625800 299.557434 -58.297119 -20759.953125 3351.232666 54696.492188 1.042997
625900 299.557434 -58.296204 -20759.962891 3351.232666 54696.492188 1.042997
626000 299.557495 -58.298035 -20759.972656 3351.233398 54696.484375 1.042997
626100 299.557526 -58.298744 -20759.982422 3351.233643 54696.480469 1.042997
626200 299.557556 -58.299995 -20759.988281 3351.234131 54696.468750 1.042998
626300 299.557587 -58.301918 -20759.998047 3351.234375 54696.468750 1.042998
626400 299.557648 -58.304512 -20760.007812 3351.235107 54696.460938 1.042998
626500 299.557678 -58.305565 -20760.019531 3351.235352 54696.453125 1.042998
626600 299.557709 -58.309723 -20760.031250 3351.235596 54696.453125 1.042998
626700 299.557770 -58.310509 -20760.037109 3351.236328 54696.449219 1.042998
626800 299.557800 -58.312988 -20760.044922 3351.236572 54696.445312 1.042998
626900 299.557800 -58.313293 -20760.050781 3351.236572 54696.437500 1.042998
627000 299.557831 -58.314659 -20760.060547 3351.237061 54696.437500 1.042998
627100 299.557831 -58.315758 -20760.072266 3351.237061 54696.429688 1.042998
627200 299.557861 -58.318680 -20760.080078 3351.237305 54696.429688 1.042998
627300 299.557892 -58.320892 -20760.091797 3351.237793 54696.421875 1.042999
627400 299.557953 -58.322189 -20760.099609 3351.238281 54696.417969 1.042999
627500 299.557983 -58.324684 -20760.107422 3351.238770 54696.417969 1.042999
627600 299.558014 -58.329056 -20760.115234 3351.239014 54696.417969 1.042999
627700 299.558044 -58.331207 -20760.123047 3351.239258 54696.414062 1.042999
627800 299.558075 -58.332420 -20760.130859 3351.239746 54696.406250 1.042999
627900 299.558105 -58.333275 -20760.138672 3351.239990 54696.398438 1.042999
628000 299.558136 -58.331909 -20760.146484 3351.240234 54696.398438 1.042999
628100 299.558167 -58.332596 -20760.152344 3351.240723 54696.390625 1.042999
628200 299.558228 -58.330330 -20760.156250 3351.241699 54696.386719 1.042999
628300 299.558228 -58.332161 -20760.164062 3351.241699 54696.386719 1.042999
628400 299.558228 -58.334160 -20760.171875 3351.241699 54696.386719 1.042999
628500 299.558258 -58.338989 -20760.179688 3351.241943 54696.382812 1.042999
628600 299.558289 -58.340683 -20760.187500 3351.242188 54696.375000 1.043000
628700 299.558319 -58.342216 -20760.193359 3351.242676 54696.375000 1.043000
628800 299.558319 -58.344154 -20760.201172 3351.242676 54696.375000 1.043000
628900 299.558319 -58.346428 -20760.208984 3351.242676 54696.375000 1.043000
629000 299.558350 -58.349419 -20760.214844 3351.242920 54696.367188 1.043000
629100 299.558411 -58.350197 -20760.222656 3351.243652 54696.359375 1.043000
629200 299.558411 -58.351021 -20760.230469 3351.243652 54696.355469 1.043000
629300 299.558441 -58.352242 -20760.236328 3351.243896 54696.355469 1.043000
629400 299.558472 -58.352196 -20760.242188 3351.244385 54696.355469 1.043000
629500 299.558502 -58.351364 -20760.250000 3351.244629 54696.351562 1.043000
629600 299.558533 -58.352417 -20760.259766 3351.244873 54696.343750 1.043000
629700 299.558594 -58.354309 -20760.265625 3351.245605 54696.343750 1.043000
629800 299.558624 -58.356346 -20760.273438 3351.245850 54696.335938 1.043000
629900 299.558624 -58.357841 -20760.283203 3351.245850 54696.335938 1.043000
630000 299.558655 -58.358223 -20760.289062 3351.246338 54696.328125 1.043000
630100 299.558685 -58.359444 -20760.294922 3351.246582 54696.324219 1.043000
630200 299.558716 -58.361069 -20760.300781 3351.246826 54696.324219 1.043000
630300 299.558716 -58.362793 -20760.306641 3351.246826 54696.324219 1.043000
630400 299.558746 -58.364410 -20760.312500 3351.247314 54696.324219 1.043000
630500 299.558746 -58.366264 -20760.318359 3351.247314 54696.320312 1.043001
630600 299.558777 -58.365120 -20760.326172 3351.247559 54696.308594 1.043001
630700 299.558807 -58.368576 -20760.333984 3351.247803 54696.308594 1.043001
630800 299.558838 -58.369766 -20760.341797 3351.248291 54696.304688 1.043001
630900 299.558838 -58.371254 -20760.347656 3351.248291 54696.304688 1.043001
631000 299.558868 -58.373436 -20760.355469 3351.248535 54696.304688 1.043001
631100 299.558899 -58.372917 -20760.363281 3351.249023 54696.292969 1.043001
631200 299.558929 -58.374939 -20760.369141 3351.249268 54696.292969 1.043001
631300 299.558929 -58.376564 -20760.375000 3351.249268 54696.292969 1.043001
631400 299.558960 -58.375610 -20760.378906 3351.249512 54696.289062 1.043001
631500 299.558960 -58.375702 -20760.386719 3351.249512 54696.277344 1.043001
631600 299.558990 -58.377464 -20760.394531 3351.250000 54696.277344 1.043001
631700 299.558990 -58.378807 -20760.400391 3351.250000 54696.277344 1.043001
631800 299.559021 -58.379890 -20760.406250 3351.250244 54696.273438 1.043001
631900 299.559052 -58.381950 -20760.414062 3351.250488 54696.273438 1.043001
632000 299.559082 -58.385262 -20760.419922 3351.250977 54696.273438 1.043001
632100 299.559113 -58.386574 -20760.425781 3351.251221 54696.273438 1.043001
632200 299.559143 -58.388878 -20760.431641 3351.251953 54696.265625 1.043002
632300 299.559143 -58.389023 -20760.437500 3351.251953 54696.273438 1.043001
632400 299.559174 -58.387985 -20760.441406 3351.252197 54696.265625 1.043002
632500 299.559174 -58.389175 -20760.445312 3351.252197 54696.265625 1.043002
632600 299.559204 -58.388977 -20760.451172 3351.252441 54696.261719 1.043002
632700 299.559235 -58.388145 -20760.455078 3351.252930 54696.261719 1.043002
632800 299.559235 -58.389137 -20760.462891 3351.252930 54696.261719 1.043002
632900 299.559265 -58.389572 -20760.466797 3351.253174 54696.257812 1.043002
633000 299.559265 -58.392525 -20760.474609 3351.253174 54696.246094 1.043002
633100 299.559296 -58.394737 -20760.482422 3351.253418 54696.242188 1.043002
633200 299.559296 -58.395584 -20760.488281 3351.253418 54696.238281 1.043002
633300 299.559326 -58.397598 -20760.496094 3351.253906 54696.238281 1.043002
633400 299.559357 -58.398659 -20760.501953 3351.254150 54696.238281 1.043002
633500 299.559387 -58.398590 -20760.505859 3351.254639 54696.238281 1.043002
633600 299.559387 -58.401527 -20760.511719 3351.254639 54696.230469 1.043002
633700 299.559418 -58.401978 -20760.515625 3351.254883 54696.230469 1.043002
633800 299.559418 -58.403160 -20760.519531 3351.254883 54696.230469 1.043002
633900 299.559448 -58.404579 -20760.523438 3351.255127 54696.226562 1.043002
634000 299.559479 -58.407288 -20760.527344 3351.255615 54696.230469 1.043002
634100 299.559479 -58.409134 -20760.533203 3351.255615 54696.230469 1.043002
634200 299.559509 -58.409264 -20760.537109 3351.255859 54696.230469 1.043002
634300 299.559509 -58.407166 -20760.541016 3351.255859 54696.226562 1.043002
634400 299.559540 -58.406868 -20760.544922 3351.256104 54696.214844 1.043002
634500 299.559540 -58.407051 -20760.546875 3351.256104 54696.214844 1.043002
634600 299.559570 -58.407562 -20760.550781 3351.256592 54696.214844 1.043002
634700 299.559570 -58.408310 -20760.552734 3351.256592 54696.210938 1.043003
634800 299.559601 -58.409988 -20760.560547 3351.256836 54696.210938 1.043003
634900 299.559631 -58.411293 -20760.568359 3351.257080 54696.210938 1.043003
635000 299.559662 -58.412582 -20760.574219 3351.257568 54696.210938 1.043003
635100 299.559662 -58.413902 -20760.580078 3351.257568 54696.210938 1.043003
635200 299.559692 -58.415016 -20760.583984 3351.257812 54696.210938 1.043003
635300 299.559723 -58.416046 -20760.589844 3351.258057 54696.207031 1.043003
635400 299.559723 -58.416573 -20760.595703 3351.258057 54696.207031 1.043003
635500 299.559723 -58.416092 -20760.601562 3351.258057 54696.199219 1.043003
635600 299.559723 -58.417442 -20760.603516 3351.258057 54696.199219 1.043003
635700 299.559753 -58.418015 -20760.607422 3351.258545 54696.199219 1.043003
635800 299.559753 -58.418022 -20760.611328 3351.258545 54696.195312 1.043003
635900 299.559784 -58.418404 -20760.615234 3351.258789 54696.195312 1.043003
636000 299.559784 -58.419113 -20760.617188 3351.258789 54696.195312 1.043003
636100 299.559784 -58.421806 -20760.623047 3351.258789 54696.195312 1.043003
636200 299.559814 -58.422615 -20760.626953 3351.259033 54696.195312 1.043003
636300 299.559814 -58.422653 -20760.630859 3351.259033 54696.183594 1.043003
636400 299.559845 -58.421883 -20760.636719 3351.259521 54696.183594 1.043003
636500 299.559845 -58.422775 -20760.638672 3351.259521 54696.179688 1.043003
636600 299.559875 -58.424774 -20760.644531 3351.259766 54696.183594 1.043003
636700 299.559906 -58.425957 -20760.648438 3351.260254 54696.183594 1.043003
636800 299.559906 -58.426765 -20760.654297 3351.260254 54696.183594 1.043003
636900 299.559937 -58.427795 -20760.656250 3351.260498 54696.183594 1.043003
637000 299.559937 -58.427628 -20760.660156 3351.260498 54696.179688 1.043003
637100 299.559937 -58.429092 -20760.664062 3351.260498 54696.175781 1.043003
637200 299.559967 -58.429260 -20760.669922 3351.260742 54696.175781 1.043003
637300 299.559998 -58.429970 -20760.673828 3351.261230 54696.175781 1.043003
637400 299.559998 -58.429855 -20760.679688 3351.261230 54696.175781 1.043003
637500 299.560028 -58.429802 -20760.683594 3351.261719 54696.167969 1.043003
637600 299.560028 -58.430161 -20760.689453 3351.261719 54696.164062 1.043004
637700 299.560059 -58.429893 -20760.691406 3351.262207 54696.164062 1.043004
637800 299.560059 -58.429573 -20760.695312 3351.262207 54696.164062 1.043004
637900 299.560059 -58.430573 -20760.701172 3351.262207 54696.164062 1.043004
638000 299.560089 -58.430672 -20760.705078 3351.262451 54696.152344 1.043004
638100 299.560120 -58.432365 -20760.707031 3351.262695 54696.152344 1.043004
638200 299.560120 -58.433418 -20760.710938 3351.262695 54696.152344 1.043004
638300 299.560150 -58.434196 -20760.712891 3351.263184 54696.152344 1.043004
638400 299.560150 -58.434456 -20760.716797 3351.263184 54696.148438 1.043004
638500 299.560181 -58.434059 -20760.720703 3351.263428 54696.148438 1.043004
638600 299.560181 -58.437195 -20760.724609 3351.263428 54696.148438 1.043004
638700 299.560181 -58.439491 -20760.730469 3351.263428 54696.144531 1.043004
638800 299.560181 -58.441650 -20760.734375 3351.263428 54696.144531 1.043004
638900 299.560181 -58.443466 -20760.738281 3351.263428 54696.136719 1.043004
639000 299.560181 -58.443535 -20760.746094 3351.263428 54696.132812 1.043004
639100 299.560211 -58.443718 -20760.750000 3351.263672 54696.132812 1.043004
639200 299.560211 -58.445145 -20760.753906 3351.263672 54696.132812 1.043004
639300 299.560211 -58.447014 -20760.757812 3351.263672 54696.132812 1.043004
639400 299.560242 -58.447380 -20760.761719 3351.264160 54696.132812 1.043004
639500 299.560242 -58.447571 -20760.763672 3351.264160 54696.132812 1.043004
639600 299.560242 -58.447136 -20760.765625 3351.264160 54696.132812 1.043004
639700 299.560272 -58.447388 -20760.769531 3351.264404 54696.132812 1.043004
639800 299.560272 -58.447716 -20760.773438 3351.264404 54696.121094 1.043004
639900 299.560303 -58.448616 -20760.775391 3351.264648 54696.121094 1.043004
640000 299.560303 -58.449219 -20760.777344 3351.264648 54696.121094 1.043004
640100 299.560303 -58.451126 -20760.779297 3351.264648 54696.121094 1.043004
640200 299.560333 -58.451691 -20760.781250 3351.265137 54696.117188 1.043004
640300 299.560333 -58.452972 -20760.787109 3351.265137 54696.117188 1.043004
640400 299.560333 -58.453163 -20760.791016 3351.265137 54696.117188 1.043004
640500 299.560364 -58.453598 -20760.792969 3351.265381 54696.117188 1.043004
640600 299.560364 -58.453339 -20760.796875 3351.265381 54696.117188 1.043004
640700 299.560364 -58.453453 -20760.800781 3351.265381 54696.117188 1.043004
640800 299.560394 -58.452194 -20760.804688 3351.265869 54696.117188 1.043004
640900 299.560394 -58.452385 -20760.808594 3351.265869 54696.117188 1.043004
641000 299.560425 -58.452377 -20760.810547 3351.266113 54696.117188 1.043004
641100 299.560425 -58.452057 -20760.812500 3351.266113 54696.117188 1.043004
641200 299.560425 -58.452980 -20760.816406 3351.266113 54696.117188 1.043004
641300 299.560455 -58.453293 -20760.818359 3351.266357 54696.117188 1.043004
641400 299.560455 -58.453529 -20760.820312 3351.266357 54696.117188 1.043004
641500 299.560455 -58.452736 -20760.820312 3351.266357 54696.117188 1.043004
641600 299.560486 -58.452934 -20760.824219 3351.266846 54696.117188 1.043004
641700 299.560486 -58.454308 -20760.826172 3351.266846 54696.117188 1.043004
641800 299.560486 -58.454002 -20760.828125 3351.266846 54696.117188 1.043004
641900 299.560486 -58.454857 -20760.832031 3351.266846 54696.117188 1.043004
642000 299.560486 -58.456436 -20760.833984 3351.266846 54696.117188 1.043004
642100 299.560516 -58.458038 -20760.835938 3351.267090 54696.117188 1.043004
642200 299.560516 -58.460159 -20760.841797 3351.267090 54696.113281 1.043005
642300 299.560547 -58.462227 -20760.843750 3351.267334 54696.113281 1.043005
642400 299.560547 -58.463615 -20760.847656 3351.267334 54696.113281 1.043005
642500 299.560547 -58.463799 -20760.851562 3351.267334 54696.105469 1.043005
642600 299.560577 -58.463669 -20760.855469 3351.267822 54696.105469 1.043005
642700 299.560577 -58.462616 -20760.857422 3351.267822 54696.101562 1.043005
642800 299.560577 -58.463181 -20760.859375 3351.267822 54696.101562 1.043005
642900 299.560608 -58.462868 -20760.861328 3351.268066 54696.101562 1.043005
643000 299.560608 -58.464104 -20760.861328 3351.268066 54696.101562 1.043005
643100 299.560608 -58.465248 -20760.863281 3351.268066 54696.101562 1.043005
643200 299.560608 -58.467033 -20760.865234 3351.268066 54696.101562 1.043005
643300 299.560608 -58.467995 -20760.869141 3351.268066 54696.101562 1.043005
643400 299.560608 -58.467873 -20760.873047 3351.268066 54696.089844 1.043005
643500 299.560608 -58.467461 -20760.875000 3351.268066 54696.085938 1.043005
643600 299.560608 -58.469887 -20760.878906 3351.268066 54696.089844 1.043005
643700 299.560608 -58.472015 -20760.882812 3351.268066 54696.089844 1.043005
643800 299.560638 -58.473137 -20760.886719 3351.268311 54696.089844 1.043005
643900 299.560638 -58.474205 -20760.888672 3351.268311 54696.089844 1.043005
644000 299.560638 -58.474770 -20760.890625 3351.268311 54696.089844 1.043005
644100 299.560638 -58.475082 -20760.892578 3351.268311 54696.089844 1.043005
644200 299.560669 -58.474831 -20760.894531 3351.268799 54696.085938 1.043005
644300 299.560669 -58.473373 -20760.896484 3351.268799 54696.089844 1.043005
644400 299.560669 -58.472786 -20760.900391 3351.268799 54696.085938 1.043005
644500 299.560699 -58.473633 -20760.902344 3351.269043 54696.085938 1.043005
644600 299.560699 -58.474632 -20760.902344 3351.269043 54696.085938 1.043005
644700 299.560699 -58.474174 -20760.904297 3351.269043 54696.085938 1.043005
644800 299.560699 -58.474480 -20760.908203 3351.269043 54696.085938 1.043005
644900 299.560699 -58.474304 -20760.910156 3351.269043 54696.082031 1.043005
645000 299.560699 -58.473618 -20760.912109 3351.269043 54696.082031 1.043005
645100 299.560730 -58.473915 -20760.914062 3351.269287 54696.082031 1.043005
645200 299.560730 -58.473824 -20760.916016 3351.269287 54696.082031 1.043005
645300 299.560730 -58.472725 -20760.917969 3351.269287 54696.082031 1.043005
645400 299.560760 -58.473480 -20760.919922 3351.269775 54696.074219 1.043005
645500 299.560760 -58.474541 -20760.921875 3351.269775 54696.074219 1.043005
645600 299.560760 -58.476303 -20760.923828 3351.269775 54696.074219 1.043005
645700 299.560791 -58.477882 -20760.923828 3351.270020 54696.074219 1.043005
645800 299.560791 -58.478828 -20760.925781 3351.270020 54696.074219 1.043005
645900 299.560791 -58.479179 -20760.927734 3351.270020 54696.074219 1.043005
646000 299.560822 -58.480194 -20760.931641 3351.270264 54696.074219 1.043005
646100 299.560822 -58.480789 -20760.933594 3351.270264 54696.074219 1.043005
646200 299.560822 -58.481636 -20760.935547 3351.270264 54696.074219 1.043005
646300 299.560822 -58.481926 -20760.939453 3351.270264 54696.074219 1.043005
646400 299.560822 -58.481728 -20760.941406 3351.270264 54696.074219 1.043005
646500 299.560852 -58.480827 -20760.941406 3351.270752 54696.074219 1.043005
646600 299.560852 -58.480927 -20760.941406 3351.270752 54696.082031 1.043005
646700 299.560883 -58.480911 -20760.943359 3351.270996 54696.082031 1.043005
646800 299.560883 -58.482300 -20760.947266 3351.270996 54696.082031 1.043005
646900 299.560883 -58.483597 -20760.949219 3351.270996 54696.074219 1.043005
647000 299.560913 -58.484634 -20760.951172 3351.271484 54696.074219 1.043005
647100 299.560913 -58.485184 -20760.953125 3351.271484 54696.070312 1.043005
647200 299.560913 -58.485619 -20760.957031 3351.271484 54696.070312 1.043005
647300 299.560944 -58.485817 -20760.957031 3351.271973 54696.070312 1.043005
647400 299.560944 -58.485817 -20760.958984 3351.271973 54696.070312 1.043005
647500 299.560974 -58.484406 -20760.960938 3351.272461 54696.070312 1.043005
647600 299.560974 -58.483437 -20760.960938 3351.272461 54696.070312 1.043005
647700 299.560974 -58.483032 -20760.962891 3351.272461 54696.070312 1.043005
647800 299.560974 -58.482407 -20760.962891 3351.272461 54696.070312 1.043005
647900 299.560974 -58.482864 -20760.964844 3351.272461 54696.070312 1.043005
648000 299.560974 -58.484695 -20760.964844 3351.272461 54696.070312 1.043005
648100 299.560974 -58.485771 -20760.966797 3351.272461 54696.070312 1.043005
648200 299.560974 -58.486588 -20760.968750 3351.272461 54696.070312 1.043005
648300 299.560974 -58.486847 -20760.970703 3351.272461 54696.070312 1.043005
648400 299.560974 -58.486732 -20760.970703 3351.272461 54696.070312 1.043005
648500 299.561005 -58.485634 -20760.970703 3351.272705 54696.058594 1.043005
648600 299.561005 -58.485138 -20760.972656 3351.272705 54696.058594 1.043005
648700 299.561005 -58.485367 -20760.974609 3351.272705 54696.058594 1.043005
648800 299.561035 -58.484863 -20760.974609 3351.272949 54696.058594 1.043005
648900 299.561035 -58.486099 -20760.978516 3351.272949 54696.070312 1.043005
649000 299.561035 -58.487328 -20760.982422 3351.272949 54696.070312 1.043005
649100 299.561035 -58.487862 -20760.984375 3351.272949 54696.070312 1.043005
649200 299.561035 -58.488129 -20760.986328 3351.272949 54696.070312 1.043005
649300 299.561035 -58.489052 -20760.990234 3351.272949 54696.058594 1.043005
649400 299.561035 -58.489433 -20760.992188 3351.272949 54696.058594 1.043005
649500 299.561035 -58.490257 -20760.996094 3351.272949 54696.058594 1.043005
649600 299.561035 -58.490128 -20761.000000 3351.272949 54696.054688 1.043006
649700 299.561035 -58.490692 -20761.001953 3351.272949 54696.054688 1.043006
649800 299.561035 -58.491508 -20761.003906 3351.272949 54696.054688 1.043006
649900 299.561035 -58.492577 -20761.005859 3351.272949 54696.054688 1.043006
650000 299.561035 -58.493263 -20761.007812 3351.272949 54696.054688 1.043006
650100 299.561035 -58.493034 -20761.007812 3351.272949 54696.054688 1.043006
650200 299.561066 -58.492706 -20761.009766 3351.273438 54696.054688 1.043006
650300 299.561066 -58.492615 -20761.009766 3351.273438 54696.054688 1.043006
650400 299.561066 -58.491928 -20761.011719 3351.273438 54696.054688 1.043006
650500 299.561066 -58.491478 -20761.011719 3351.273438 54696.050781 1.043006
650600 299.561066 -58.491302 -20761.011719 3351.273438 54696.054688 1.043006
650700 299.561096 -58.492439 -20761.013672 3351.273682 54696.054688 1.043006
650800 299.561096 -58.493217 -20761.013672 3351.273682 54696.054688 1.043006
650900 299.561096 -58.493805 -20761.013672 3351.273682 54696.054688 1.043006
651000 299.561096 -58.493942 -20761.013672 3351.273682 54696.054688 1.043006
651100 299.561096 -58.495346 -20761.013672 3351.273682 54696.054688 1.043006
651200 299.561096 -58.496056 -20761.013672 3351.273682 54696.054688 1.043006
651300 299.561096 -58.496284 -20761.015625 3351.273682 54696.054688 1.043006
651400 299.561127 -58.496094 -20761.015625 3351.273926 54696.054688 1.043006
651500 299.561127 -58.496185 -20761.015625 3351.273926 54696.054688 1.043006
651600 299.561127 -58.495346 -20761.017578 3351.273926 54696.054688 1.043006
651700 299.561127 -58.496048 -20761.019531 3351.273926 54696.054688 1.043006
651800 299.561127 -58.497124 -20761.019531 3351.273926 54696.054688 1.043006
651900 299.561157 -58.497429 -20761.021484 3351.274414 54696.054688 1.043006
652000 299.561157 -58.497856 -20761.023438 3351.274414 54696.054688 1.043006
652100 299.561157 -58.497772 -20761.023438 3351.274414 54696.050781 1.043006
652200 299.561157 -58.498367 -20761.025391 3351.274414 54696.050781 1.043006
652300 299.561157 -58.499603 -20761.029297 3351.274414 54696.050781 1.043006
652400 299.561188 -58.500168 -20761.031250 3351.274658 54696.050781 1.043006
652500 299.561188 -58.501869 -20761.033203 3351.274658 54696.050781 1.043006
652600 299.561188 -58.503555 -20761.035156 3351.274658 54696.050781 1.043006
652700 299.561188 -58.505028 -20761.037109 3351.274658 54696.050781 1.043006
652800 299.561188 -58.505508 -20761.039062 3351.274658 54696.050781 1.043006
652900 299.561188 -58.505524 -20761.041016 3351.274658 54696.050781 1.043006
653000 299.561188 -58.505394 -20761.042969 3351.274658 54696.050781 1.043006
653100 299.561188 -58.505005 -20761.042969 3351.274658 54696.050781 1.043006
653200 299.561188 -58.504707 -20761.044922 3351.274658 54696.050781 1.043006
653300 299.561188 -58.505417 -20761.046875 3351.274658 54696.050781 1.043006
653400 299.561188 -58.505180 -20761.048828 3351.274658 54696.042969 1.043006
653500 299.561188 -58.504913 -20761.052734 3351.274658 54696.042969 1.043006
653600 299.561188 -58.504341 -20761.052734 3351.274658 54696.042969 1.043006
653700 299.561218 -58.504051 -20761.054688 3351.274902 54696.042969 1.043006
653800 299.561218 -58.505241 -20761.056641 3351.274902 54696.035156 1.043006
653900 299.561218 -58.506561 -20761.058594 3351.274902 54696.035156 1.043006
654000 299.561218 -58.507584 -20761.060547 3351.274902 54696.035156 1.043006
654100 299.561218 -58.508804 -20761.062500 3351.274902 54696.035156 1.043006
654200 299.561218 -58.509003 -20761.062500 3351.274902 54696.035156 1.043006
654300 299.561249 -58.508987 -20761.062500 3351.275391 54696.035156 1.043006
654400 299.561249 -58.509720 -20761.060547 3351.275391 54696.042969 1.043006
654500 299.561249 -58.509872 -20761.060547 3351.275391 54696.042969 1.043006
654600 299.561249 -58.508476 -20761.062500 3351.275391 54696.042969 1.043006
654700 299.561249 -58.508415 -20761.062500 3351.275391 54696.042969 1.043006
654800 299.561249 -58.509781 -20761.064453 3351.275391 54696.042969 1.043006
654900 299.561249 -58.510780 -20761.066406 3351.275391 54696.042969 1.043006
655000 299.561249 -58.513374 -20761.066406 3351.275391 54696.042969 1.043006
655100 299.561249 -58.514427 -20761.068359 3351.275391 54696.042969 1.043006
655200 299.561249 -58.514587 -20761.070312 3351.275391 54696.042969 1.043006
655300 299.561249 -58.514847 -20761.070312 3351.275391 54696.042969 1.043006
655400 299.561249 -58.514824 -20761.072266 3351.275391 54696.042969 1.043006
655500 299.561279 -58.514816 -20761.072266 3351.275635 54696.042969 1.043006
655600 299.561279 -58.514565 -20761.074219 3351.275635 54696.042969 1.043006
655700 299.561279 -58.514328 -20761.074219 3351.275635 54696.042969 1.043006
655800 299.561279 -58.514534 -20761.076172 3351.275635 54696.042969 1.043006
655900 299.561279 -58.514519 -20761.078125 3351.275635 54696.042969 1.043006
656000 299.561279 -58.514343 -20761.078125 3351.275635 54696.035156 1.043006
656100 299.561279 -58.514244 -20761.080078 3351.275635 54696.042969 1.043006
656200 299.561279 -58.513931 -20761.080078 3351.275635 54696.042969 1.043006
656300 299.561279 -58.513916 -20761.080078 3351.275635 54696.042969 1.043006
656400 299.561279 -58.513725 -20761.080078 3351.275635 54696.042969 1.043006
656500 299.561279 -58.513634 -20761.080078 3351.275635 54696.042969 1.043006
656600 299.561310 -58.513657 -20761.080078 3351.275879 54696.042969 1.043006
656700 299.561310 -58.513245 -20761.080078 3351.275879 54696.042969 1.043006
656800 299.561310 -58.513306 -20761.082031 3351.275879 54696.042969 1.043006
656900 299.561310 -58.513603 -20761.083984 3351.275879 54696.042969 1.043006
657000 299.561310 -58.514214 -20761.085938 3351.275879 54696.042969 1.043006
657100 299.561310 -58.514587 -20761.087891 3351.275879 54696.042969 1.043006
657200 299.561310 -58.516083 -20761.089844 3351.275879 54696.042969 1.043006
657300 299.561310 -58.516808 -20761.089844 3351.275879 54696.042969 1.043006
657400 299.561310 -58.517288 -20761.089844 3351.275879 54696.035156 1.043006
657500 299.561310 -58.516968 -20761.089844 3351.275879 54696.035156 1.043006
657600 299.561310 -58.516792 -20761.089844 3351.275879 54696.035156 1.043006
657700 299.561310 -58.516953 -20761.089844 3351.275879 54696.035156 1.043006
657800 299.561310 -58.517517 -20761.089844 3351.275879 54696.035156 1.043006
657900 299.561310 -58.518074 -20761.089844 3351.275879 54696.035156 1.043006
658000 299.561310 -58.518066 -20761.089844 3351.275879 54696.035156 1.043006
658100 299.561310 -58.517853 -20761.091797 3351.275879 54696.035156 1.043006
658200 299.561340 -58.517639 -20761.091797 3351.276367 54696.035156 1.043006
658300 299.561340 -58.517464 -20761.093750 3351.276367 54696.035156 1.043006
658400 299.561340 -58.518021 -20761.097656 3351.276367 54696.035156 1.043006
658500 299.561340 -58.518295 -20761.099609 3351.276367 54696.035156 1.043006
658600 299.561340 -58.519981 -20761.099609 3351.276367 54696.027344 1.043006
658700 299.561340 -58.520767 -20761.101562 3351.276367 54696.027344 1.043006
658800 299.561340 -58.521072 -20761.101562 3351.276367 54696.027344 1.043006
658900 299.561340 -58.521248 -20761.103516 3351.276367 54696.027344 1.043006
659000 299.561340 -58.522079 -20761.103516 3351.276367 54696.027344 1.043006
659100 299.561371 -58.522469 -20761.105469 3351.276611 54696.027344 1.043006
659200 299.561340 -58.522888 -20761.105469 3351.276367 54696.023438 1.043006
659300 299.561340 -58.522980 -20761.107422 3351.276367 54696.023438 1.043006
659400 299.561340 -58.522736 -20761.107422 3351.276367 54696.023438 1.043006
659500 299.561340 -58.522804 -20761.107422 3351.276367 54696.023438 1.043006
659600 299.561340 -58.522797 -20761.109375 3351.276367 54696.023438 1.043006
659700 299.561340 -58.522690 -20761.109375 3351.276367 54696.019531 1.043006
659800 299.561340 -58.522804 -20761.109375 3351.276367 54696.019531 1.043006
659900 299.561371 -58.522827 -20761.109375 3351.276611 54696.023438 1.043006
660000 299.561371 -58.523338 -20761.111328 3351.276611 54696.023438 1.043006
660100 299.561371 -58.523903 -20761.113281 3351.276611 54696.023438 1.043006
660200 299.561371 -58.524422 -20761.113281 3351.276611 54696.023438 1.043006
660300 299.561371 -58.524818 -20761.115234 3351.276611 54696.023438 1.043006
660400 299.561371 -58.524544 -20761.115234 3351.276611 54696.023438 1.043006
660500 299.561401 -58.525436 -20761.117188 3351.276855 54696.023438 1.043006
660600 299.561401 -58.526123 -20761.117188 3351.276855 54696.023438 1.043006
660700 299.561401 -58.525162 -20761.117188 3351.276855 54696.027344 1.043006
660800 299.561401 -58.525055 -20761.115234 3351.276855 54696.027344 1.043006
660900 299.561401 -58.526146 -20761.115234 3351.276855 54696.027344 1.043006
661000 299.561401 -58.526688 -20761.115234 3351.276855 54696.027344 1.043006
661100 299.561401 -58.528053 -20761.115234 3351.276855 54696.035156 1.043006
661200 299.561401 -58.528923 -20761.117188 3351.276855 54696.035156 1.043006
661300 299.561401 -58.529121 -20761.117188 3351.276855 54696.035156 1.043006
661400 299.561401 -58.530151 -20761.119141 3351.276855 54696.035156 1.043006
661500 299.561401 -58.530663 -20761.121094 3351.276855 54696.035156 1.043006
661600 299.561401 -58.530952 -20761.121094 3351.276855 54696.035156 1.043006
661700 299.561401 -58.531113 -20761.121094 3351.276855 54696.035156 1.043006
661800 299.561401 -58.530792 -20761.123047 3351.276855 54696.035156 1.043006
661900 299.561401 -58.530899 -20761.123047 3351.276855 54696.035156 1.043006
662000 299.561401 -58.531364 -20761.123047 3351.276855 54696.035156 1.043006
662100 299.561432 -58.531693 -20761.123047 3351.277344 54696.035156 1.043006
662200 299.561401 -58.531937 -20761.123047 3351.276855 54696.035156 1.043006
662300 299.561401 -58.532715 -20761.125000 3351.276855 54696.027344 1.043006
662400 299.561401 -58.533241 -20761.126953 3351.276855 54696.027344 1.043006
662500 299.561401 -58.533646 -20761.126953 3351.276855 54696.027344 1.043006
662600 299.561401 -58.534088 -20761.128906 3351.276855 54696.027344 1.043006
662700 299.561401 -58.534142 -20761.128906 3351.276855 54696.027344 1.043006
662800 299.561401 -58.534058 -20761.128906 3351.276855 54696.027344 1.043006
662900 299.561401 -58.533859 -20761.130859 3351.276855 54696.027344 1.043006
663000 299.561401 -58.533913 -20761.130859 3351.276855 54696.027344 1.043006
663100 299.561401 -58.533981 -20761.130859 3351.276855 54696.027344 1.043006
663200 299.561432 -58.534065 -20761.130859 3351.277344 54696.027344 1.043006
663300 299.561432 -58.534950 -20761.130859 3351.277344 54696.027344 1.043006
663400 299.561432 -58.534958 -20761.130859 3351.277344 54696.023438 1.043006
663500 299.561432 -58.536255 -20761.130859 3351.277344 54696.027344 1.043006
663600 299.561432 -58.536293 -20761.132812 3351.277344 54696.023438 1.043006
663700 299.561432 -58.535522 -20761.132812 3351.277344 54696.023438 1.043006
663800 299.561432 -58.535080 -20761.134766 3351.277344 54696.023438 1.043006
663900 299.561432 -58.534981 -20761.134766 3351.277344 54696.023438 1.043006
664000 299.561432 -58.535774 -20761.134766 3351.277344 54696.023438 1.043006
664100 299.561462 -58.534828 -20761.134766 3351.277588 54696.023438 1.043006
664200 299.561462 -58.533905 -20761.134766 3351.277588 54696.023438 1.043006
664300 299.561462 -58.532990 -20761.134766 3351.277588 54696.023438 1.043006
664400 299.561462 -58.532372 -20761.134766 3351.277588 54696.023438 1.043006
664500 299.561462 -58.532349 -20761.134766 3351.277588 54696.023438 1.043006
664600 299.561462 -58.532349 -20761.134766 3351.277588 54696.023438 1.043006
664700 299.561462 -58.533112 -20761.136719 3351.277588 54696.023438 1.043006
664800 299.561462 -58.533394 -20761.136719 3351.277588 54696.023438 1.043006
664900 299.561462 -58.533752 -20761.136719 3351.277588 54696.023438 1.043006
665000 299.561432 -58.533882 -20761.136719 3351.277344 54696.023438 1.043006
665100 299.561432 -58.533958 -20761.136719 3351.277344 54696.023438 1.043006
665200 299.561432 -58.533882 -20761.136719 3351.277344 54696.023438 1.043006
665300 299.561432 -58.534279 -20761.136719 3351.277344 54696.023438 1.043006
665400 299.561432 -58.535706 -20761.136719 3351.277344 54696.023438 1.043006
665500 299.561432 -58.536400 -20761.136719 3351.277344 54696.023438 1.043006
665600 299.561432 -58.536766 -20761.138672 3351.277344 54696.023438 1.043006
665700 299.561432 -58.536842 -20761.138672 3351.277344 54696.023438 1.043006
665800 299.561462 -58.536430 -20761.138672 3351.277588 54696.023438 1.043006
665900 299.561462 -58.537300 -20761.138672 3351.277588 54696.023438 1.043006
666000 299.561462 -58.537750 -20761.138672 3351.277588 54696.023438 1.043006
666100 299.561462 -58.538445 -20761.140625 3351.277588 54696.023438 1.043006
666200 299.561462 -58.539932 -20761.142578 3351.277588 54696.023438 1.043006
666300 299.561462 -58.540901 -20761.142578 3351.277588 54696.023438 1.043006
666400 299.561462 -58.540771 -20761.144531 3351.277588 54696.023438 1.043006
666500 299.561462 -58.541069 -20761.144531 3351.277588 54696.023438 1.043006
666600 299.561462 -58.541245 -20761.144531 3351.277588 54696.023438 1.043006
666700 299.561462 -58.541336 -20761.146484 3351.277588 54696.023438 1.043006
666800 299.561493 -58.541443 -20761.146484 3351.278076 54696.023438 1.043006
666900 299.561493 -58.540825 -20761.148438 3351.278076 54696.019531 1.043006
667000 299.561493 -58.540527 -20761.150391 3351.278076 54696.019531 1.043006
667100 299.561493 -58.540405 -20761.150391 3351.278076 54696.019531 1.043006
667200 299.561493 -58.540207 -20761.150391 3351.278076 54696.019531 1.043006
667300 299.561493 -58.540199 -20761.152344 3351.278076 54696.019531 1.043006
667400 299.561493 -58.540367 -20761.152344 3351.278076 54696.019531 1.043006
667500 299.561493 -58.540398 -20761.154297 3351.278076 54696.011719 1.043006
667600 299.561493 -58.540413 -20761.154297 3351.278076 54696.019531 1.043006
667700 299.561493 -58.540573 -20761.152344 3351.278076 54696.019531 1.043006
667800 299.561493 -58.540550 -20761.152344 3351.278076 54696.019531 1.043006
667900 299.561523 -58.540543 -20761.154297 3351.278320 54696.019531 1.043006
668000 299.561523 -58.540367 -20761.154297 3351.278320 54696.019531 1.043006
668100 299.561523 -58.540802 -20761.156250 3351.278320 54696.011719 1.043006
668200 299.561523 -58.541672 -20761.156250 3351.278320 54696.011719 1.043006
668300 299.561523 -58.542244 -20761.156250 3351.278320 54696.011719 1.043006
668400 299.561523 -58.542747 -20761.156250 3351.278320 54696.011719 1.043006
668500 299.561523 -58.543388 -20761.158203 3351.278320 54696.011719 1.043006
668600 299.561523 -58.543587 -20761.158203 3351.278320 54696.011719 1.043006
668700 299.561523 -58.543976 -20761.158203 3351.278320 54696.019531 1.043006
668800 299.561523 -58.544258 -20761.158203 3351.278320 54696.011719 1.043006
668900 299.561523 -58.544052 -20761.160156 3351.278320 54696.011719 1.043006
669000 299.561523 -58.544113 -20761.160156 3351.278320 54696.011719 1.043006
669100 299.561523 -58.544113 -20761.160156 3351.278320 54696.011719 1.043006
669200 299.561554 -58.544113 -20761.160156 3351.278564 54696.011719 1.043006
669300 299.561554 -58.544983 -20761.162109 3351.278564 54696.011719 1.043006
669400 299.561554 -58.545525 -20761.162109 3351.278564 54696.011719 1.043006
669500 299.561554 -58.545830 -20761.162109 3351.278564 54696.011719 1.043006
669600 299.561554 -58.545425 -20761.162109 3351.278564 54696.011719 1.043006
669700 299.561554 -58.545288 -20761.162109 3351.278564 54696.019531 1.043006
669800 299.561554 -58.545815 -20761.162109 3351.278564 54696.011719 1.043006
669900 299.561554 -58.546700 -20761.162109 3351.278564 54696.011719 1.043006
670000 299.561554 -58.547157 -20761.164062 3351.278564 54696.011719 1.043006
670100 299.561554 -58.547707 -20761.164062 3351.278564 54696.011719 1.043006
670200 299.561554 -58.548279 -20761.164062 3351.278564 54696.011719 1.043006
670300 299.561554 -58.548828 -20761.166016 3351.278564 54696.011719 1.043006
670400 299.561554 -58.549362 -20761.164062 3351.278564 54696.019531 1.043006
670500 299.561554 -58.549362 -20761.164062 3351.278564 54696.019531 1.043006
670600 299.561554 -58.548927 -20761.164062 3351.278564 54696.019531 1.043006
670700 299.561554 -58.549149 -20761.164062 3351.278564 54696.019531 1.043006
670800 299.561554 -58.549431 -20761.166016 3351.278564 54696.019531 1.043006
670900 299.561554 -58.549683 -20761.166016 3351.278564 54696.019531 1.043006
671000 299.561554 -58.550087 -20761.166016 3351.278564 54696.019531 1.043006
671100 299.561554 -58.550774 -20761.166016 3351.278564 54696.019531 1.043006
671200 299.561554 -58.551125 -20761.167969 3351.278564 54696.019531 1.043006
671300 299.561554 -58.551422 -20761.167969 3351.278564 54696.019531 1.043006
671400 299.561554 -58.552086 -20761.167969 3351.278564 54696.019531 1.043006
671500 299.561523 -58.552414 -20761.167969 3351.278320 54696.019531 1.043006
671600 299.561523 -58.552406 -20761.167969 3351.278320 54696.019531 1.043006
671700 299.561523 -58.552925 -20761.169922 3351.278320 54696.019531 1.043006
671800 299.561523 -58.553177 -20761.169922 3351.278320 54696.019531 1.043006
671900 299.561523 -58.552681 -20761.169922 3351.278320 54696.011719 1.043006
672000 299.561523 -58.552750 -20761.169922 3351.278320 54696.011719 1.043006
672100 299.561523 -58.552971 -20761.169922 3351.278320 54696.011719 1.043006
672200 299.561523 -58.553062 -20761.169922 3351.278320 54696.011719 1.043006
672300 299.561523 -58.552879 -20761.169922 3351.278320 54696.011719 1.043006
672400 299.561523 -58.552834 -20761.169922 3351.278320 54696.011719 1.043006
672500 299.561523 -58.552879 -20761.169922 3351.278320 54696.011719 1.043006
672600 299.561523 -58.553093 -20761.169922 3351.278320 54696.011719 1.043006
672700 299.561523 -58.552917 -20761.169922 3351.278320 54696.011719 1.043006
672800 299.561523 -58.553200 -20761.169922 3351.278320 54696.011719 1.043006
672900 299.561523 -58.553391 -20761.169922 3351.278320 54696.011719 1.043006
673000 299.561523 -58.553322 -20761.169922 3351.278320 54696.011719 1.043006
673100 299.561523 -58.553482 -20761.169922 3351.278320 54696.011719 1.043006
673200 299.561523 -58.553688 -20761.169922 3351.278320 54696.011719 1.043006
673300 299.561554 -58.553688 -20761.169922 3351.278564 54696.011719 1.043006
673400 299.561554 -58.553520 -20761.169922 3351.278564 54696.011719 1.043006
673500 299.561554 -58.554642 -20761.169922 3351.278564 54696.011719 1.043006
673600 299.561554 -58.554977 -20761.171875 3351.278564 54696.011719 1.043006
673700 299.561554 -58.554916 -20761.171875 3351.278564 54696.011719 1.043006
673800 299.561554 -58.554779 -20761.173828 3351.278564 54696.011719 1.043006
673900 299.561554 -58.555168 -20761.173828 3351.278564 54696.011719 1.043006
674000 299.561554 -58.555557 -20761.175781 3351.278564 54696.011719 1.043006
674100 299.561554 -58.556137 -20761.175781 3351.278564 54696.019531 1.043006
674200 299.561554 -58.555977 -20761.177734 3351.278564 54696.011719 1.043006
674300 299.561554 -58.556297 -20761.177734 3351.278564 54696.011719 1.043006
674400 299.561554 -58.556061 -20761.179688 3351.278564 54696.011719 1.043006
674500 299.561584 -58.555908 -20761.181641 3351.279053 54696.003906 1.043007
674600 299.561584 -58.555870 -20761.181641 3351.279053 54696.003906 1.043007
674700 299.561584 -58.555817 -20761.181641 3351.279053 54696.003906 1.043007
674800 299.561584 -58.556076 -20761.181641 3351.279053 54696.003906 1.043007
674900 299.561584 -58.556221 -20761.181641 3351.279053 54696.003906 1.043007
675000 299.561554 -58.556015 -20761.181641 3351.278564 54696.003906 1.043007
675100 299.561554 -58.557030 -20761.179688 3351.278564 54696.011719 1.043006
675200 299.561554 -58.557533 -20761.179688 3351.278564 54696.011719 1.043006
675300 299.561554 -58.557716 -20761.177734 3351.278564 54696.011719 1.043006
675400 299.561554 -58.557419 -20761.177734 3351.278564 54696.019531 1.043006
675500 299.561554 -58.557358 -20761.175781 3351.278564 54696.011719 1.043006
675600 299.561554 -58.557434 -20761.175781 3351.278564 54696.011719 1.043006
675700 299.561554 -58.557411 -20761.175781 3351.278564 54696.011719 1.043006
675800 299.561554 -58.557549 -20761.175781 3351.278564 54696.019531 1.043006
675900 299.561554 -58.557556 -20761.173828 3351.278564 54696.011719 1.043006
676000 299.561554 -58.557976 -20761.175781 3351.278564 54696.019531 1.043006
676100 299.561554 -58.559540 -20761.179688 3351.278564 54696.019531 1.043006
676200 299.561554 -58.560326 -20761.181641 3351.278564 54696.019531 1.043006
676300 299.561554 -58.560707 -20761.181641 3351.278564 54696.019531 1.043006
676400 299.561554 -58.560982 -20761.183594 3351.278564 54696.019531 1.043006
676500 299.561554 -58.561050 -20761.183594 3351.278564 54696.019531 1.043006
676600 299.561554 -58.561028 -20761.183594 3351.278564 54696.019531 1.043006
676700 299.561554 -58.562057 -20761.183594 3351.278564 54696.019531 1.043006
676800 299.561554 -58.562874 -20761.183594 3351.278564 54696.019531 1.043006
676900 299.561554 -58.563919 -20761.183594 3351.278564 54696.019531 1.043006
677000 299.561554 -58.564484 -20761.183594 3351.278564 54696.019531 1.043006
677100 299.561554 -58.565109 -20761.183594 3351.278564 54696.019531 1.043006
677200 299.561554 -58.565361 -20761.183594 3351.278564 54696.019531 1.043006
677300 299.561554 -58.565910 -20761.185547 3351.278564 54696.019531 1.043006
677400 299.561554 -58.566513 -20761.185547 3351.278564 54696.019531 1.043006
677500 299.561554 -58.567116 -20761.185547 3351.278564 54696.019531 1.043006
677600 299.561554 -58.568214 -20761.187500 3351.278564 54696.019531 1.043006
677700 299.561554 -58.569000 -20761.187500 3351.278564 54696.019531 1.043006
677800 299.561523 -58.569588 -20761.187500 3351.278320 54696.019531 1.043006
677900 299.561523 -58.570168 -20761.189453 3351.278320 54696.011719 1.043006
678000 299.561523 -58.570602 -20761.191406 3351.278320 54696.011719 1.043006
678100 299.561523 -58.571259 -20761.193359 3351.278320 54696.011719 1.043006
678200 299.561523 -58.571617 -20761.195312 3351.278320 54696.011719 1.043006
678300 299.561554 -58.571770 -20761.195312 3351.278564 54696.011719 1.043006
678400 299.561523 -58.571518 -20761.195312 3351.278320 54696.011719 1.043006
678500 299.561523 -58.571449 -20761.195312 3351.278320 54696.011719 1.043006
678600 299.561523 -58.571442 -20761.195312 3351.278320 54696.011719 1.043006
678700 299.561523 -58.571442 -20761.193359 3351.278320 54696.011719 1.043006
678800 299.561523 -58.571495 -20761.193359 3351.278320 54696.011719 1.043006
678900 299.561523 -58.571686 -20761.193359 3351.278320 54696.011719 1.043006
679000 299.561523 -58.571678 -20761.193359 3351.278320 54696.011719 1.043006
679100 299.561523 -58.571648 -20761.193359 3351.278320 54696.011719 1.043006
679200 299.561523 -58.571838 -20761.193359 3351.278320 54696.011719 1.043006
679300 299.561523 -58.572006 -20761.193359 3351.278320 54696.011719 1.043006
679400 299.561523 -58.572655 -20761.193359 3351.278320 54696.011719 1.043006
679500 299.561523 -58.572952 -20761.193359 3351.278320 54696.011719 1.043006
679600 299.561523 -58.573479 -20761.193359 3351.278320 54696.011719 1.043006
679700 299.561523 -58.573891 -20761.193359 3351.278320 54696.011719 1.043006
679800 299.561523 -58.573982 -20761.193359 3351.278320 54696.011719 1.043006
679900 299.561523 -58.573738 -20761.193359 3351.278320 54696.011719 1.043006
680000 299.561523 -58.573471 -20761.193359 3351.278320 54696.011719 1.043006
680100 299.561523 -58.574028 -20761.193359 3351.278320 54696.011719 1.043006
680200 299.561523 -58.574066 -20761.193359 3351.278320 54696.011719 1.043006
680300 299.561523 -58.574257 -20761.195312 3351.278320 54696.019531 1.043006
680400 299.561523 -58.574417 -20761.195312 3351.278320 54696.019531 1.043006
680500 299.561523 -58.573486 -20761.195312 3351.278320 54696.019531 1.043006
680600 299.561554 -58.572891 -20761.195312 3351.278564 54696.019531 1.043006
680700 299.561554 -58.572426 -20761.195312 3351.278564 54696.019531 1.043006
680800 299.561554 -58.572289 -20761.193359 3351.278564 54696.019531 1.043006
680900 299.561554 -58.572357 -20761.193359 3351.278564 54696.019531 1.043006
681000 299.561554 -58.572472 -20761.193359 3351.278564 54696.019531 1.043006
681100 299.561554 -58.572227 -20761.195312 3351.278564 54696.019531 1.043006
681200 299.561554 -58.572174 -20761.195312 3351.278564 54696.019531 1.043006
681300 299.561554 -58.571289 -20761.195312 3351.278564 54696.019531 1.043006
681400 299.561554 -58.570732 -20761.195312 3351.278564 54696.019531 1.043006
681500 299.561584 -58.570320 -20761.195312 3351.279053 54696.019531 1.043006
681600 299.561584 -58.570175 -20761.197266 3351.279053 54696.019531 1.043006
681700 299.561584 -58.570045 -20761.197266 3351.279053 54696.019531 1.043006
681800 299.561584 -58.569984 -20761.197266 3351.279053 54696.019531 1.043006
681900 299.561584 -58.569878 -20761.199219 3351.279053 54696.019531 1.043006
682000 299.561584 -58.570190 -20761.199219 3351.279053 54696.019531 1.043006
682100 299.561584 -58.570442 -20761.201172 3351.279053 54696.019531 1.043006
682200 299.561584 -58.570496 -20761.201172 3351.279053 54696.019531 1.043006
682300 299.561584 -58.570908 -20761.201172 3351.279053 54696.019531 1.043006
682400 299.561584 -58.570923 -20761.201172 3351.279053 54696.019531 1.043006
682500 299.561584 -58.571175 -20761.201172 3351.279053 54696.019531 1.043006
682600 299.561584 -58.571854 -20761.203125 3351.279053 54696.019531 1.043006
682700 299.561584 -58.572227 -20761.203125 3351.279053 54696.019531 1.043006
682800 299.561584 -58.572403 -20761.203125 3351.279053 54696.019531 1.043006
682900 299.561584 -58.572128 -20761.203125 3351.279053 54696.019531 1.043006
683000 299.561584 -58.572075 -20761.203125 3351.279053 54696.019531 1.043006
683100 299.561584 -58.571785 -20761.203125 3351.279053 54696.019531 1.043006
683200 299.561584 -58.571899 -20761.203125 3351.279053 54696.019531 1.043006
683300 299.561584 -58.572495 -20761.203125 3351.279053 54696.019531 1.043006
683400 299.561584 -58.572937 -20761.203125 3351.279053 54696.019531 1.043006
683500 299.561584 -58.573059 -20761.203125 3351.279053 54696.023438 1.043006
683600 299.561584 -58.574104 -20761.203125 3351.279053 54696.023438 1.043006
683700 299.561584 -58.574669 -20761.201172 3351.279053 54696.023438 1.043006
683800 299.561584 -58.575012 -20761.201172 3351.279053 54696.023438 1.043006
683900 299.561584 -58.574905 -20761.201172 3351.279053 54696.023438 1.043006
684000 299.561584 -58.574158 -20761.201172 3351.279053 54696.023438 1.043006
684100 299.561584 -58.574409 -20761.201172 3351.279053 54696.023438 1.043006
684200 299.561584 -58.574608 -20761.201172 3351.279053 54696.027344 1.043006
684300 299.561584 -58.574989 -20761.201172 3351.279053 54696.027344 1.043006
684400 299.561584 -58.575768 -20761.201172 3351.279053 54696.027344 1.043006
684500 299.561584 -58.576187 -20761.201172 3351.279053 54696.027344 1.043006
684600 299.561584 -58.576546 -20761.201172 3351.279053 54696.027344 1.043006
684700 299.561584 -58.576843 -20761.201172 3351.279053 54696.027344 1.043006
684800 299.561584 -58.577072 -20761.201172 3351.279053 54696.023438 1.043006
684900 299.561584 -58.577278 -20761.201172 3351.279053 54696.023438 1.043006
685000 299.561584 -58.578346 -20761.201172 3351.279053 54696.023438 1.043006
685100 299.561584 -58.578812 -20761.201172 3351.279053 54696.023438 1.043006
685200 299.561584 -58.579010 -20761.201172 3351.279053 54696.023438 1.043006
685300 299.561584 -58.578987 -20761.201172 3351.279053 54696.023438 1.043006
685400 299.561584 -58.579025 -20761.201172 3351.279053 54696.027344 1.043006
685500 299.561584 -58.578766 -20761.201172 3351.279053 54696.027344 1.043006
685600 299.561584 -58.579185 -20761.203125 3351.279053 54696.023438 1.043006
685700 299.561584 -58.579079 -20761.203125 3351.279053 54696.023438 1.043006
685800 299.561584 -58.578712 -20761.203125 3351.279053 54696.023438 1.043006
685900 299.561584 -58.578590 -20761.203125 3351.279053 54696.023438 1.043006
686000 299.561584 -58.578583 -20761.205078 3351.279053 54696.023438 1.043006
686100 299.561584 -58.580460 -20761.207031 3351.279053 54696.023438 1.043006
686200 299.561584 -58.581703 -20761.207031 3351.279053 54696.023438 1.043006
686300 299.561584 -58.581978 -20761.207031 3351.279053 54696.023438 1.043006
686400 299.561584 -58.583023 -20761.208984 3351.279053 54696.023438 1.043006
686500 299.561584 -58.583626 -20761.208984 3351.279053 54696.019531 1.043006
686600 299.561584 -58.584122 -20761.208984 3351.279053 54696.023438 1.043006
686700 299.561584 -58.583969 -20761.208984 3351.279053 54696.023438 1.043006
686800 299.561584 -58.583733 -20761.208984 3351.279053 54696.023438 1.043006
686900 299.561584 -58.583504 -20761.210938 3351.279053 54696.023438 1.043006
687000 299.561584 -58.584450 -20761.210938 3351.279053 54696.023438 1.043006
687100 299.561584 -58.585060 -20761.210938 3351.279053 54696.023438 1.043006
687200 299.561584 -58.586235 -20761.210938 3351.279053 54696.023438 1.043006
687300 299.561584 -58.586853 -20761.212891 3351.279053 54696.023438 1.043006
687400 299.561584 -58.586945 -20761.212891 3351.279053 54696.023438 1.043006
687500 299.561584 -58.587128 -20761.212891 3351.279053 54696.023438 1.043006
687600 299.561584 -58.587173 -20761.212891 3351.279053 54696.023438 1.043006
687700 299.561584 -58.587234 -20761.214844 3351.279053 54696.023438 1.043006
687800 299.561584 -58.587280 -20761.214844 3351.279053 54696.023438 1.043006
687900 299.561584 -58.588272 -20761.214844 3351.279053 54696.023438 1.043006
688000 299.561584 -58.589005 -20761.214844 3351.279053 54696.023438 1.043006
688100 299.561584 -58.589729 -20761.216797 3351.279053 54696.023438 1.043006
688200 299.561584 -58.589813 -20761.216797 3351.279053 54696.023438 1.043006
688300 299.561584 -58.589943 -20761.216797 3351.279053 54696.023438 1.043006
688400 299.561584 -58.589973 -20761.216797 3351.279053 54696.023438 1.043006
688500 299.561584 -58.589821 -20761.214844 3351.279053 54696.023438 1.043006
688600 299.561584 -58.589745 -20761.214844 3351.279053 54696.023438 1.043006
688700 299.561584 -58.589790 -20761.214844 3351.279053 54696.023438 1.043006
688800 299.561584 -58.589729 -20761.216797 3351.279053 54696.023438 1.043006
688900 299.561584 -58.589279 -20761.216797 3351.279053 54696.023438 1.043006
689000 299.561554 -58.589661 -20761.216797 3351.278564 54696.019531 1.043006
689100 299.561554 -58.590111 -20761.216797 3351.278564 54696.019531 1.043006
689200 299.561554 -58.590416 -20761.216797 3351.278564 54696.019531 1.043006
689300 299.561554 -58.590645 -20761.218750 3351.278564 54696.019531 1.043006
689400 299.561554 -58.590614 -20761.218750 3351.278564 54696.019531 1.043006
689500 299.561554 -58.590706 -20761.218750 3351.278564 54696.019531 1.043006
689600 299.561554 -58.590996 -20761.216797 3351.278564 54696.019531 1.043006
689700 299.561554 -58.591125 -20761.216797 3351.278564 54696.019531 1.043006
689800 299.561554 -58.590889 -20761.216797 3351.278564 54696.019531 1.043006
689900 299.561554 -58.591103 -20761.218750 3351.278564 54696.019531 1.043006
690000 299.561554 -58.591446 -20761.218750 3351.278564 54696.019531 1.043006
690100 299.561554 -58.591812 -20761.218750 3351.278564 54696.019531 1.043006
690200 299.561554 -58.592079 -20761.216797 3351.278564 54696.019531 1.043006
690300 299.561554 -58.592239 -20761.216797 3351.278564 54696.019531 1.043006
690400 299.561554 -58.592171 -20761.216797 3351.278564 54696.019531 1.043006
690500 299.561554 -58.592262 -20761.216797 3351.278564 54696.019531 1.043006
690600 299.561554 -58.592209 -20761.216797 3351.278564 54696.019531 1.043006
690700 299.561554 -58.592056 -20761.214844 3351.278564 54696.019531 1.043006
690800 299.561554 -58.592293 -20761.214844 3351.278564 54696.023438 1.043006
690900 299.561554 -58.592018 -20761.214844 3351.278564 54696.019531 1.043006
691000 299.561554 -58.591866 -20761.214844 3351.278564 54696.019531 1.043006
691100 299.561554 -58.591866 -20761.214844 3351.278564 54696.019531 1.043006
691200 299.561554 -58.591705 -20761.214844 3351.278564 54696.019531 1.043006
691300 299.561554 -58.591843 -20761.212891 3351.278564 54696.019531 1.043006
691400 299.561554 -58.592354 -20761.212891 3351.278564 54696.019531 1.043006
691500 299.561554 -58.592422 -20761.212891 3351.278564 54696.019531 1.043006
691600 299.561554 -58.592583 -20761.212891 3351.278564 54696.019531 1.043006
691700 299.561554 -58.593048 -20761.214844 3351.278564 54696.019531 1.043006
691800 299.561554 -58.594048 -20761.214844 3351.278564 54696.019531 1.043006
691900 299.561554 -58.594742 -20761.214844 3351.278564 54696.019531 1.043006
692000 299.561554 -58.595169 -20761.214844 3351.278564 54696.019531 1.043006
692100 299.561554 -58.595436 -20761.214844 3351.278564 54696.019531 1.043006
692200 299.561554 -58.595650 -20761.216797 3351.278564 54696.019531 1.043006
692300 299.561554 -58.596252 -20761.216797 3351.278564 54696.023438 1.043006
692400 299.561554 -58.596634 -20761.216797 3351.278564 54696.023438 1.043006
692500 299.561554 -58.596382 -20761.218750 3351.278564 54696.023438 1.043006
692600 299.561554 -58.596497 -20761.218750 3351.278564 54696.023438 1.043006
692700 299.561554 -58.596611 -20761.218750 3351.278564 54696.023438 1.043006
692800 299.561554 -58.596436 -20761.218750 3351.278564 54696.019531 1.043006
692900 299.561554 -58.596359 -20761.218750 3351.278564 54696.019531 1.043006
693000 299.561554 -58.596489 -20761.218750 3351.278564 54696.019531 1.043006
693100 299.561554 -58.596832 -20761.220703 3351.278564 54696.019531 1.043006
693200 299.561554 -58.597290 -20761.220703 3351.278564 54696.019531 1.043006
693300 299.561554 -58.597740 -20761.220703 3351.278564 54696.023438 1.043006
693400 299.561554 -58.598183 -20761.220703 3351.278564 54696.019531 1.043006
693500 299.561554 -58.598824 -20761.222656 3351.278564 54696.019531 1.043006
693600 299.561554 -58.599625 -20761.222656 3351.278564 54696.019531 1.043006
693700 299.561554 -58.599998 -20761.222656 3351.278564 54696.019531 1.043006
693800 299.561554 -58.600052 -20761.222656 3351.278564 54696.019531 1.043006
693900 299.561584 -58.600067 -20761.222656 3351.279053 54696.019531 1.043006
694000 299.561584 -58.600197 -20761.220703 3351.279053 54696.023438 1.043006
694100 299.561584 -58.600342 -20761.220703 3351.279053 54696.023438 1.043006
694200 299.561554 -58.599731 -20761.218750 3351.278564 54696.023438 1.043006
694300 299.561554 -58.599289 -20761.218750 3351.278564 54696.023438 1.043006
694400 299.561554 -58.598625 -20761.218750 3351.278564 54696.023438 1.043006
694500 299.561554 -58.598557 -20761.218750 3351.278564 54696.023438 1.043006
694600 299.561554 -58.598412 -20761.218750 3351.278564 54696.023438 1.043006
694700 299.561554 -58.598511 -20761.218750 3351.278564 54696.023438 1.043006
694800 299.561554 -58.598648 -20761.218750 3351.278564 54696.023438 1.043006
694900 299.561554 -58.598671 -20761.218750 3351.278564 54696.023438 1.043006
695000 299.561554 -58.598732 -20761.218750 3351.278564 54696.023438 1.043006
695100 299.561554 -58.598763 -20761.218750 3351.278564 54696.023438 1.043006
695200 299.561554 -58.598717 -20761.218750 3351.278564 54696.023438 1.043006
695300 299.561584 -58.598839 -20761.220703 3351.279053 54696.023438 1.043006
695400 299.561584 -58.598984 -20761.220703 3351.279053 54696.023438 1.043006
695500 299.561584 -58.599800 -20761.220703 3351.279053 54696.023438 1.043006
695600 299.561584 -58.599396 -20761.220703 3351.279053 54696.023438 1.043006
695700 299.561584 -58.599297 -20761.220703 3351.279053 54696.023438 1.043006
695800 299.561584 -58.598999 -20761.220703 3351.279053 54696.023438 1.043006
695900 299.561584 -58.598907 -20761.220703 3351.279053 54696.023438 1.043006
696000 299.561584 -58.598831 -20761.220703 3351.279053 54696.027344 1.043006
696100 299.561554 -58.598236 -20761.220703 3351.278564 54696.027344 1.043006
696200 299.561554 -58.598030 -20761.218750 3351.278564 54696.027344 1.043006
696300 299.561554 -58.597916 -20761.218750 3351.278564 54696.027344 1.043006
696400 299.561554 -58.597893 -20761.218750 3351.278564 54696.027344 1.043006
696500 299.561554 -58.597847 -20761.218750 3351.278564 54696.023438 1.043006
696600 299.561554 -58.597824 -20761.218750 3351.278564 54696.023438 1.043006
696700 299.561554 -58.597939 -20761.218750 3351.278564 54696.023438 1.043006
696800 299.561584 -58.597885 -20761.218750 3351.279053 54696.023438 1.043006
696900 299.561584 -58.598190 -20761.218750 3351.279053 54696.023438 1.043006
697000 299.561584 -58.598724 -20761.220703 3351.279053 54696.023438 1.043006
697100 299.561584 -58.599426 -20761.220703 3351.279053 54696.023438 1.043006
697200 299.561584 -58.599815 -20761.222656 3351.279053 54696.023438 1.043006
697300 299.561584 -58.600060 -20761.222656 3351.279053 54696.023438 1.043006
697400 299.561584 -58.599785 -20761.222656 3351.279053 54696.023438 1.043006
697500 299.561584 -58.599747 -20761.222656 3351.279053 54696.023438 1.043006
697600 299.561584 -58.600502 -20761.224609 3351.279053 54696.023438 1.043006
697700 299.561584 -58.601532 -20761.224609 3351.279053 54696.023438 1.043006
697800 299.561584 -58.602150 -20761.224609 3351.279053 54696.023438 1.043006
697900 299.561584 -58.602425 -20761.226562 3351.279053 54696.023438 1.043006
698000 299.561584 -58.602394 -20761.226562 3351.279053 54696.023438 1.043006
698100 299.561584 -58.603157 -20761.226562 3351.279053 54696.023438 1.043006
698200 299.561584 -58.603951 -20761.228516 3351.279053 54696.019531 1.043006
698300 299.561584 -58.604752 -20761.228516 3351.279053 54696.019531 1.043006
698400 299.561584 -58.605263 -20761.228516 3351.279053 54696.023438 1.043006
698500 299.561584 -58.605492 -20761.228516 3351.279053 54696.023438 1.043006
698600 299.561584 -58.605560 -20761.228516 3351.279053 54696.023438 1.043006
698700 299.561584 -58.605782 -20761.228516 3351.279053 54696.023438 1.043006
698800 299.561584 -58.605797 -20761.228516 3351.279053 54696.023438 1.043006
698900 299.561584 -58.605827 -20761.228516 3351.279053 54696.023438 1.043006
699000 299.561584 -58.606186 -20761.226562 3351.279053 54696.023438 1.043006
699100 299.561584 -58.606323 -20761.226562 3351.279053 54696.023438 1.043006
699200 299.561584 -58.606483 -20761.226562 3351.279053 54696.023438 1.043006
699300 299.561584 -58.606522 -20761.226562 3351.279053 54696.023438 1.043006
699400 299.561554 -58.606133 -20761.226562 3351.278564 54696.023438 1.043006
699500 299.561554 -58.605827 -20761.226562 3351.278564 54696.023438 1.043006
699600 299.561554 -58.605713 -20761.226562 3351.278564 54696.023438 1.043006
699700 299.561554 -58.605606 -20761.224609 3351.278564 54696.023438 1.043006
699800 299.561554 -58.605629 -20761.224609 3351.278564 54696.023438 1.043006
699900 299.561523 -58.607101 -20761.224609 3351.278320 54696.027344 1.043006
700000 299.561523 -58.608192 -20761.226562 3351.278320 54696.027344 1.043006
