# Time-averaged data for fix thermo_detailed
# TimeStep v_temp v_press v_pe v_ke v_vol v_dens
600100 298.539337 -32.275501 -20992.066406 3339.842773 54459.875000 1.047529
600200 298.761292 -39.369297 -20916.070312 3342.325928 54493.378906 1.046885
600300 299.006409 -51.564293 -20876.042969 3345.068359 54541.136719 1.045968
600400 299.178284 -57.548988 -20839.207031 3346.990967 54580.378906 1.045216
600500 299.304749 -58.520164 -20808.833984 3348.405518 54614.433594 1.044564
600600 299.391998 -57.146103 -20785.783203 3349.381836 54640.984375 1.044057
600700 299.449097 -55.016029 -20769.046875 3350.020752 54660.539062 1.043683
600800 299.485016 -52.895744 -20757.195312 3350.422607 54674.445312 1.043418
600900 299.506927 -51.080807 -20748.931641 3350.667725 54684.125000 1.043233
601000 299.519928 -49.636593 -20743.230469 3350.812988 54690.761719 1.043107
601100 299.527466 -48.539452 -20739.339844 3350.897461 54695.277344 1.043020
601200 299.531738 -47.727554 -20736.705078 3350.945068 54698.332031 1.042962
601300 299.534088 -47.138981 -20734.933594 3350.971436 54700.382812 1.042923
601400 299.535339 -46.719460 -20733.753906 3350.985352 54701.765625 1.042897
601500 299.535919 -46.422676 -20732.974609 3350.991943 54702.695312 1.042879
601600 299.536163 -46.216671 -20732.460938 3350.994629 54703.320312 1.042867
601700 299.536224 -46.072811 -20732.123047 3350.995361 54703.753906 1.042859
601800 299.536224 -45.973492 -20731.904297 3350.995361 54704.042969 1.042853
601900 299.536194 -45.904816 -20731.767578 3350.994873 54704.242188 1.042850
602000 299.536102 -45.861637 -20731.681641 3350.993896 54704.375000 1.042847
602100 299.536072 -45.831177 -20731.626953 3350.993652 54704.468750 1.042845
602200 299.536011 -45.813282 -20731.591797 3350.992920 54704.542969 1.042844
602300 299.535950 -45.802383 -20731.572266 3350.992188 54704.582031 1.042843
602400 299.535950 -45.795544 -20731.564453 3350.992188 54704.613281 1.042842
602500 299.535919 -45.793331 -20731.558594 3350.991943 54704.636719 1.042842
602600 299.535919 -45.792088 -20731.556641 3350.991943 54704.652344 1.042842
602700 299.535950 -45.794567 -20731.558594 3350.992188 54704.656250 1.042842
602800 299.535950 -45.798473 -20731.562500 3350.992188 54704.667969 1.042841
602900 299.535950 -45.801102 -20731.566406 3350.992188 54704.667969 1.042841
603000 299.535980 -45.803276 -20731.574219 3350.992676 54704.656250 1.042842
603100 299.535980 -45.808380 -20731.580078 3350.992676 54704.656250 1.042842
603200 299.535980 -45.815601 -20731.589844 3350.992676 54704.652344 1.042842
603300 299.536011 -45.819710 -20731.597656 3350.992920 54704.640625 1.042842
603400 299.536041 -45.826622 -20731.605469 3350.993164 54704.640625 1.042842
603500 299.536072 -45.834061 -20731.613281 3350.993652 54704.636719 1.042842
603600 299.536102 -45.839703 -20731.623047 3350.993896 54704.621094 1.042842
603700 299.536133 -45.846977 -20731.632812 3350.994385 54704.621094 1.042842
603800 299.536163 -45.852940 -20731.640625 3350.994629 54704.609375 1.042843
603900 299.536194 -45.860527 -20731.648438 3350.994873 54704.605469 1.042843
604000 299.536224 -45.866211 -20731.656250 3350.995361 54704.593750 1.042843
604100 299.536224 -45.872623 -20731.664062 3350.995361 54704.582031 1.042843
604200 299.536255 -45.878426 -20731.671875 3350.995605 54704.582031 1.042843
604300 299.536255 -45.886482 -20731.679688 3350.995605 54704.578125 1.042843
604400 299.536316 -45.890499 -20731.687500 3350.996338 54704.574219 1.042843
604500 299.536346 -45.898487 -20731.695312 3350.996582 54704.574219 1.042843
604600 299.536346 -45.907982 -20731.705078 3350.996582 54704.562500 1.042843
604700 299.536407 -45.913521 -20731.712891 3350.997314 54704.550781 1.042844
604800 299.536407 -45.919533 -20731.722656 3350.997314 54704.542969 1.042844
604900 299.536438 -45.925030 -20731.730469 3350.997559 54704.527344 1.042844
605000 299.536469 -45.929741 -20731.740234 3350.997803 54704.523438 1.042844
605100 299.536499 -45.937401 -20731.748047 3350.998535 54704.515625 1.042844
605200 299.536530 -45.941025 -20731.753906 3350.998779 54704.500000 1.042845
605300 299.536591 -45.945396 -20731.759766 3350.999512 54704.496094 1.042845
605400 299.536621 -45.951542 -20731.767578 3351.000000 54704.492188 1.042845
605500 299.536652 -45.955090 -20731.773438 3351.000244 54704.484375 1.042845
605600 299.536682 -45.962288 -20731.781250 3351.000488 54704.476562 1.042845
605700 299.536713 -45.968536 -20731.789062 3351.000977 54704.464844 1.042845
605800 299.536743 -45.974079 -20731.796875 3351.001221 54704.460938 1.042845
605900 299.536774 -45.980408 -20731.808594 3351.001465 54704.453125 1.042845
606000 299.536774 -45.987232 -20731.814453 3351.001465 54704.437500 1.042846
606100 299.536804 -45.993401 -20731.824219 3351.001953 54704.433594 1.042846
606200 299.536835 -45.998917 -20731.833984 3351.002197 54704.429688 1.042846
606300 299.536865 -46.004925 -20731.839844 3351.002441 54704.414062 1.042846
606400 299.536896 -46.011024 -20731.845703 3351.002930 54704.406250 1.042846
606500 299.536926 -46.016106 -20731.855469 3351.003174 54704.402344 1.042846
606600 299.536957 -46.020210 -20731.865234 3351.003418 54704.390625 1.042847
606700 299.536957 -46.024815 -20731.873047 3351.003418 54704.375000 1.042847
606800 299.536987 -46.031921 -20731.882812 3351.003906 54704.371094 1.042847
606900 299.537018 -46.038902 -20731.892578 3351.004150 54704.359375 1.042847
607000 299.537048 -46.046856 -20731.900391 3351.004395 54704.351562 1.042847
607100 299.537079 -46.051044 -20731.908203 3351.004883 54704.339844 1.042848
607200 299.537109 -46.055702 -20731.916016 3351.005127 54704.335938 1.042848
607300 299.537140 -46.061516 -20731.923828 3351.005615 54704.328125 1.042848
607400 299.537140 -46.069633 -20731.931641 3351.005615 54704.320312 1.042848
607500 299.537170 -46.073719 -20731.939453 3351.005859 54704.308594 1.042848
607600 299.537201 -46.080193 -20731.949219 3351.006104 54704.296875 1.042848
607700 299.537201 -46.085926 -20731.955078 3351.006104 54704.289062 1.042849
607800 299.537231 -46.090633 -20731.960938 3351.006592 54704.277344 1.042849
607900 299.537262 -46.097691 -20731.970703 3351.006836 54704.273438 1.042849
608000 299.537262 -46.103458 -20731.978516 3351.006836 54704.257812 1.042849
608100 299.537292 -46.106480 -20731.984375 3351.007080 54704.250000 1.042849
608200 299.537323 -46.112446 -20731.992188 3351.007568 54704.246094 1.042849
608300 299.537384 -46.117306 -20732.000000 3351.008057 54704.242188 1.042850
608400 299.537384 -46.124550 -20732.007812 3351.008057 54704.226562 1.042850
608500 299.537445 -46.131538 -20732.015625 3351.009033 54704.218750 1.042850
608600 299.537476 -46.135555 -20732.023438 3351.009521 54704.210938 1.042850
608700 299.537506 -46.141205 -20732.031250 3351.009766 54704.195312 1.042850
608800 299.537537 -46.145233 -20732.039062 3351.010010 54704.187500 1.042850
608900 299.537537 -46.151051 -20732.046875 3351.010010 54704.179688 1.042851
609000 299.537567 -46.155697 -20732.054688 3351.010498 54704.167969 1.042851
609100 299.537628 -46.159840 -20732.062500 3351.011230 54704.164062 1.042851
609200 299.537659 -46.165272 -20732.068359 3351.011475 54704.156250 1.042851
609300 299.537689 -46.171513 -20732.074219 3351.011719 54704.152344 1.042851
609400 299.537720 -46.175873 -20732.082031 3351.012207 54704.136719 1.042851
609500 299.537750 -46.182095 -20732.091797 3351.012451 54704.125000 1.042852
609600 299.537781 -46.187691 -20732.099609 3351.012695 54704.117188 1.042852
609700 299.537811 -46.190289 -20732.105469 3351.013184 54704.105469 1.042852
609800 299.537811 -46.194332 -20732.113281 3351.013184 54704.101562 1.042852
609900 299.537872 -46.202515 -20732.123047 3351.013672 54704.089844 1.042852
610000 299.537903 -46.207336 -20732.134766 3351.014160 54704.085938 1.042853
610100 299.537933 -46.211777 -20732.138672 3351.014404 54704.070312 1.042853
610200 299.537964 -46.215839 -20732.148438 3351.014648 54704.066406 1.042853
610300 299.537994 -46.220406 -20732.156250 3351.015137 54704.054688 1.042853
610400 299.538025 -46.223976 -20732.160156 3351.015381 54704.042969 1.042853
610500 299.538025 -46.228653 -20732.167969 3351.015381 54704.035156 1.042853
610600 299.538055 -46.232601 -20732.175781 3351.015625 54704.027344 1.042854
610700 299.538086 -46.239902 -20732.183594 3351.016113 54704.023438 1.042854
610800 299.538116 -46.243668 -20732.189453 3351.016357 54704.011719 1.042854
610900 299.538147 -46.250168 -20732.197266 3351.016846 54704.007812 1.042854
611000 299.538177 -46.254700 -20732.205078 3351.017090 54703.996094 1.042854
611100 299.538208 -46.261303 -20732.212891 3351.017334 54703.992188 1.042854
611200 299.538239 -46.264679 -20732.218750 3351.017822 54703.980469 1.042854
611300 299.538269 -46.269714 -20732.222656 3351.018066 54703.972656 1.042855
611400 299.538300 -46.272728 -20732.232422 3351.018311 54703.964844 1.042855
611500 299.538330 -46.277676 -20732.242188 3351.019043 54703.949219 1.042855
611600 299.538361 -46.282478 -20732.251953 3351.019287 54703.945312 1.042855
611700 299.538391 -46.285923 -20732.257812 3351.019775 54703.933594 1.042855
611800 299.538422 -46.290585 -20732.265625 3351.020020 54703.925781 1.042856
611900 299.538452 -46.297451 -20732.273438 3351.020264 54703.914062 1.042856
612000 299.538483 -46.300964 -20732.279297 3351.020752 54703.910156 1.042856
612100 299.538513 -46.306366 -20732.281250 3351.020996 54703.910156 1.042856
612200 299.538544 -46.310944 -20732.289062 3351.021240 54703.894531 1.042856
612300 299.538574 -46.314754 -20732.296875 3351.021729 54703.886719 1.042856
612400 299.538605 -46.317890 -20732.302734 3351.021973 54703.878906 1.042856
612500 299.538605 -46.323383 -20732.312500 3351.021973 54703.863281 1.042857
612600 299.538635 -46.327362 -20732.318359 3351.022461 54703.851562 1.042857
612700 299.538635 -46.331417 -20732.326172 3351.022461 54703.839844 1.042857
612800 299.538666 -46.337753 -20732.333984 3351.022705 54703.832031 1.042857
612900 299.538696 -46.343216 -20732.339844 3351.022949 54703.820312 1.042858
613000 299.538727 -46.347763 -20732.347656 3351.023438 54703.816406 1.042858
613100 299.538757 -46.351513 -20732.353516 3351.023682 54703.800781 1.042858
613200 299.538788 -46.355759 -20732.361328 3351.023926 54703.792969 1.042858
613300 299.538818 -46.362068 -20732.367188 3351.024414 54703.789062 1.042858
613400 299.538849 -46.366692 -20732.375000 3351.024658 54703.785156 1.042858
613500 299.538879 -46.371185 -20732.382812 3351.024902 54703.777344 1.042858
613600 299.538910 -46.376301 -20732.392578 3351.025391 54703.761719 1.042859
613700 299.538940 -46.380421 -20732.400391 3351.025635 54703.757812 1.042859
613800 299.538971 -46.383064 -20732.402344 3351.025879 54703.753906 1.042859
613900 299.539001 -46.385422 -20732.406250 3351.026367 54703.738281 1.042859
614000 299.539032 -46.390732 -20732.414062 3351.026611 54703.726562 1.042859
614100 299.539062 -46.394955 -20732.423828 3351.026855 54703.714844 1.042860
614200 299.539093 -46.398605 -20732.429688 3351.027344 54703.707031 1.042860
614300 299.539154 -46.404064 -20732.437500 3351.028076 54703.703125 1.042860
614400 299.539154 -46.406754 -20732.443359 3351.028076 54703.691406 1.042860
614500 299.539185 -46.412640 -20732.447266 3351.028320 54703.691406 1.042860
614600 299.539215 -46.415665 -20732.453125 3351.029053 54703.679688 1.042860
614700 299.539246 -46.419483 -20732.460938 3351.029297 54703.671875 1.042860
614800 299.539246 -46.424957 -20732.466797 3351.029297 54703.664062 1.042861
614900 299.539307 -46.429729 -20732.478516 3351.030029 54703.648438 1.042861
615000 299.539337 -46.435059 -20732.486328 3351.030273 54703.644531 1.042861
615100 299.539368 -46.438244 -20732.494141 3351.030518 54703.640625 1.042861
615200 299.539398 -46.442204 -20732.498047 3351.031006 54703.628906 1.042861
615300 299.539429 -46.445625 -20732.503906 3351.031250 54703.613281 1.042861
615400 299.539459 -46.449318 -20732.511719 3351.031494 54703.601562 1.042862
615500 299.539459 -46.453941 -20732.519531 3351.031494 54703.585938 1.042862
615600 299.539490 -46.458694 -20732.525391 3351.031982 54703.582031 1.042862
615700 299.539490 -46.462948 -20732.531250 3351.031982 54703.578125 1.042862
615800 299.539520 -46.467541 -20732.537109 3351.032227 54703.570312 1.042862
615900 299.539551 -46.472542 -20732.544922 3351.032471 54703.566406 1.042862
616000 299.539581 -46.476273 -20732.550781 3351.032959 54703.550781 1.042863
616100 299.539612 -46.480267 -20732.556641 3351.033203 54703.546875 1.042863
616200 299.539642 -46.485207 -20732.566406 3351.033447 54703.535156 1.042863
616300 299.539673 -46.489937 -20732.572266 3351.033936 54703.523438 1.042863
616400 299.539703 -46.491894 -20732.578125 3351.034180 54703.515625 1.042863
616500 299.539734 -46.494244 -20732.583984 3351.034668 54703.507812 1.042863
616600 299.539764 -46.498409 -20732.591797 3351.034912 54703.503906 1.042864
616700 299.539795 -46.504265 -20732.597656 3351.035156 54703.492188 1.042864
616800 299.539856 -46.508144 -20732.607422 3351.035889 54703.488281 1.042864
616900 299.539886 -46.512012 -20732.613281 3351.036133 54703.476562 1.042864
617000 299.539917 -46.518173 -20732.621094 3351.036621 54703.472656 1.042864
617100 299.539917 -46.523895 -20732.625000 3351.036621 54703.457031 1.042864
617200 299.539948 -46.528492 -20732.630859 3351.036865 54703.453125 1.042865
617300 299.539978 -46.530659 -20732.638672 3351.037109 54703.441406 1.042865
617400 299.539978 -46.532856 -20732.648438 3351.037109 54703.429688 1.042865
617500 299.540009 -46.537201 -20732.656250 3351.037598 54703.421875 1.042865
617600 299.540070 -46.539536 -20732.658203 3351.038086 54703.410156 1.042865
617700 299.540100 -46.543621 -20732.662109 3351.038574 54703.410156 1.042865
617800 299.540131 -46.545200 -20732.666016 3351.039062 54703.394531 1.042866
617900 299.540131 -46.549747 -20732.671875 3351.039062 54703.390625 1.042866
618000 299.540161 -46.554516 -20732.679688 3351.039551 54703.375000 1.042866
618100 299.540192 -46.557728 -20732.687500 3351.039795 54703.363281 1.042866
618200 299.540192 -46.561386 -20732.691406 3351.039795 54703.359375 1.042866
618300 299.540222 -46.564445 -20732.697266 3351.040283 54703.351562 1.042866
618400 299.540253 -46.570923 -20732.707031 3351.040527 54703.335938 1.042867
618500 299.540283 -46.577213 -20732.714844 3351.040771 54703.332031 1.042867
618600 299.540314 -46.581234 -20732.722656 3351.041260 54703.328125 1.042867
618700 299.540344 -46.584892 -20732.728516 3351.041504 54703.320312 1.042867
618800 299.540375 -46.587860 -20732.738281 3351.041748 54703.312500 1.042867
618900 299.540405 -46.591152 -20732.744141 3351.042236 54703.300781 1.042867
619000 299.540436 -46.593441 -20732.746094 3351.042480 54703.296875 1.042868
619100 299.540466 -46.594666 -20732.750000 3351.042725 54703.281250 1.042868
619200 299.540497 -46.596535 -20732.755859 3351.043213 54703.269531 1.042868
619300 299.540527 -46.600090 -20732.763672 3351.043457 54703.265625 1.042868
619400 299.540558 -46.604820 -20732.769531 3351.043701 54703.261719 1.042868
619500 299.540558 -46.608746 -20732.777344 3351.043701 54703.250000 1.042868
619600 299.540619 -46.612381 -20732.781250 3351.044434 54703.238281 1.042869
619700 299.540649 -46.616539 -20732.787109 3351.044678 54703.234375 1.042869
619800 299.540680 -46.621460 -20732.794922 3351.045166 54703.218750 1.042869
619900 299.540710 -46.625404 -20732.802734 3351.045410 54703.207031 1.042869
620000 299.540741 -46.629082 -20732.808594 3351.045898 54703.203125 1.042869
620100 299.540741 -46.633820 -20732.816406 3351.045898 54703.199219 1.042869
620200 299.540771 -46.636955 -20732.822266 3351.046143 54703.183594 1.042870
620300 299.540802 -46.639576 -20732.830078 3351.046387 54703.175781 1.042870
620400 299.540833 -46.642769 -20732.835938 3351.046875 54703.167969 1.042870
620500 299.540863 -46.645939 -20732.843750 3351.047119 54703.167969 1.042870
620600 299.540863 -46.650139 -20732.849609 3351.047119 54703.156250 1.042870
620700 299.540894 -46.653641 -20732.855469 3351.047363 54703.144531 1.042870
620800 299.540955 -46.657032 -20732.859375 3351.048096 54703.140625 1.042871
620900 299.540985 -46.661079 -20732.863281 3351.048340 54703.140625 1.042871
621000 299.541016 -46.663357 -20732.871094 3351.048828 54703.125000 1.042871
621100 299.541016 -46.668427 -20732.875000 3351.048828 54703.121094 1.042871
621200 299.541046 -46.672356 -20732.882812 3351.049316 54703.113281 1.042871
621300 299.541077 -46.675888 -20732.888672 3351.049805 54703.109375 1.042871
621400 299.541107 -46.679390 -20732.894531 3351.050049 54703.097656 1.042871
621500 299.541138 -46.682365 -20732.900391 3351.050293 54703.089844 1.042871
621600 299.541199 -46.684395 -20732.906250 3351.051025 54703.078125 1.042872
621700 299.541229 -46.687515 -20732.910156 3351.051514 54703.066406 1.042872
621800 299.541260 -46.690174 -20732.917969 3351.051758 54703.062500 1.042872
621900 299.541290 -46.692471 -20732.923828 3351.052002 54703.050781 1.042872
622000 299.541321 -46.696476 -20732.929688 3351.052490 54703.046875 1.042872
622100 299.541321 -46.699562 -20732.935547 3351.052490 54703.031250 1.042873
622200 299.541351 -46.704926 -20732.941406 3351.052734 54703.027344 1.042873
622300 299.541351 -46.708164 -20732.945312 3351.052734 54703.019531 1.042873
622400 299.541382 -46.711369 -20732.951172 3351.052979 54703.003906 1.042873
622500 299.541412 -46.715191 -20732.960938 3351.053467 54703.000000 1.042873
622600 299.541443 -46.719242 -20732.966797 3351.053711 54702.996094 1.042873
622700 299.541473 -46.720848 -20732.974609 3351.053955 54702.988281 1.042873
622800 299.541504 -46.723503 -20732.980469 3351.054443 54702.972656 1.042874
622900 299.541534 -46.727676 -20732.984375 3351.054688 54702.968750 1.042874
623000 299.541565 -46.732418 -20732.992188 3351.054932 54702.964844 1.042874
623100 299.541595 -46.735394 -20732.996094 3351.055420 54702.957031 1.042874
623200 299.541626 -46.739479 -20733.001953 3351.055664 54702.941406 1.042874
623300 299.541626 -46.741127 -20733.007812 3351.055664 54702.937500 1.042874
623400 299.541656 -46.742821 -20733.011719 3351.055908 54702.925781 1.042875
623500 299.541687 -46.746872 -20733.015625 3351.056396 54702.925781 1.042875
623600 299.541687 -46.750988 -20733.023438 3351.056396 54702.910156 1.042875
623700 299.541748 -46.755283 -20733.029297 3351.057129 54702.906250 1.042875
623800 299.541748 -46.757637 -20733.033203 3351.057129 54702.902344 1.042875
623900 299.541809 -46.759529 -20733.039062 3351.057617 54702.890625 1.042875
624000 299.541840 -46.759960 -20733.042969 3351.058105 54702.875000 1.042876
624100 299.541840 -46.760273 -20733.050781 3351.058105 54702.867188 1.042876
624200 299.541870 -46.764118 -20733.056641 3351.058350 54702.859375 1.042876
624300 299.541901 -46.768353 -20733.060547 3351.058594 54702.851562 1.042876
624400 299.541901 -46.773869 -20733.068359 3351.058594 54702.843750 1.042876
624500 299.541931 -46.778675 -20733.072266 3351.059326 54702.839844 1.042876
624600 299.541962 -46.780975 -20733.078125 3351.059570 54702.824219 1.042876
624700 299.541992 -46.785553 -20733.087891 3351.060059 54702.820312 1.042877
624800 299.541992 -46.789970 -20733.095703 3351.060059 54702.812500 1.042877
624900 299.542053 -46.794010 -20733.101562 3351.060547 54702.808594 1.042877
625000 299.542053 -46.797535 -20733.107422 3351.060547 54702.804688 1.042877
625100 299.542114 -46.799393 -20733.113281 3351.061279 54702.789062 1.042877
625200 299.542114 -46.802273 -20733.117188 3351.061279 54702.781250 1.042877
625300 299.542145 -46.804115 -20733.123047 3351.061523 54702.773438 1.042878
625400 299.542175 -46.808613 -20733.128906 3351.062012 54702.773438 1.042878
625500 299.542206 -46.811302 -20733.136719 3351.062256 54702.757812 1.042878
625600 299.542236 -46.816280 -20733.144531 3351.062744 54702.750000 1.042878
625700 299.542236 -46.820564 -20733.150391 3351.062744 54702.746094 1.042878
625800 299.542267 -46.821064 -20733.152344 3351.062988 54702.742188 1.042878
625900 299.542297 -46.824223 -20733.158203 3351.063232 54702.726562 1.042878
626000 299.542328 -46.827415 -20733.166016 3351.063721 54702.718750 1.042879
626100 299.542358 -46.829853 -20733.169922 3351.063965 54702.714844 1.042879
626200 299.542389 -46.831333 -20733.175781 3351.064209 54702.710938 1.042879
626300 299.542419 -46.832634 -20733.179688 3351.064697 54702.699219 1.042879
626400 299.542419 -46.834240 -20733.185547 3351.064697 54702.683594 1.042879
626500 299.542450 -46.839420 -20733.189453 3351.064941 54702.679688 1.042879
626600 299.542480 -46.843773 -20733.195312 3351.065186 54702.667969 1.042879
626700 299.542480 -46.846008 -20733.199219 3351.065186 54702.664062 1.042880
626800 299.542511 -46.848824 -20733.205078 3351.065674 54702.656250 1.042880
626900 299.542542 -46.850414 -20733.210938 3351.065918 54702.648438 1.042880
627000 299.542542 -46.853962 -20733.216797 3351.065918 54702.636719 1.042880
627100 299.542572 -46.857109 -20733.222656 3351.066162 54702.632812 1.042880
627200 299.542603 -46.860004 -20733.228516 3351.066650 54702.632812 1.042880
627300 299.542633 -46.862980 -20733.234375 3351.066895 54702.621094 1.042880
627400 299.542664 -46.866180 -20733.238281 3351.067139 54702.617188 1.042881
627500 299.542694 -46.869789 -20733.244141 3351.067627 54702.605469 1.042881
627600 299.542725 -46.870693 -20733.250000 3351.067871 54702.601562 1.042881
627700 299.542755 -46.873413 -20733.253906 3351.068359 54702.593750 1.042881
627800 299.542786 -46.877743 -20733.259766 3351.068604 54702.589844 1.042881
627900 299.542786 -46.882877 -20733.269531 3351.068604 54702.585938 1.042881
628000 299.542847 -46.884220 -20733.273438 3351.069580 54702.574219 1.042881
628100 299.542877 -46.887604 -20733.277344 3351.069824 54702.562500 1.042881
628200 299.542908 -46.889587 -20733.283203 3351.070312 54702.546875 1.042882
628300 299.542938 -46.892250 -20733.287109 3351.070557 54702.542969 1.042882
628400 299.542969 -46.894917 -20733.292969 3351.070801 54702.539062 1.042882
628500 299.542999 -46.896030 -20733.296875 3351.071289 54702.531250 1.042882
628600 299.542999 -46.899460 -20733.302734 3351.071289 54702.515625 1.042882
628700 299.543030 -46.902035 -20733.304688 3351.071533 54702.511719 1.042882
628800 299.543060 -46.905060 -20733.308594 3351.071777 54702.507812 1.042883
628900 299.543060 -46.907761 -20733.316406 3351.071777 54702.500000 1.042883
629000 299.543121 -46.910484 -20733.322266 3351.072510 54702.496094 1.042883
629100 299.543121 -46.914387 -20733.328125 3351.072510 54702.484375 1.042883
629200 299.543152 -46.917248 -20733.332031 3351.072754 54702.480469 1.042883
629300 299.543182 -46.920189 -20733.339844 3351.073242 54702.476562 1.042883
629400 299.543213 -46.922249 -20733.343750 3351.073486 54702.464844 1.042883
629500 299.543243 -46.926178 -20733.349609 3351.073975 54702.457031 1.042884
629600 299.543274 -46.929817 -20733.357422 3351.074219 54702.449219 1.042884
629700 299.543274 -46.930649 -20733.359375 3351.074219 54702.445312 1.042884
629800 299.543274 -46.931622 -20733.363281 3351.074219 54702.441406 1.042884
629900 299.543304 -46.933514 -20733.367188 3351.074463 54702.433594 1.042884
630000 299.543335 -46.936203 -20733.369141 3351.074951 54702.425781 1.042884
630100 299.543365 -46.938442 -20733.375000 3351.075195 54702.417969 1.042884
630200 299.543396 -46.939465 -20733.378906 3351.075439 54702.414062 1.042884
630300 299.543396 -46.943581 -20733.386719 3351.075439 54702.402344 1.042885
630400 299.543427 -46.947292 -20733.394531 3351.075928 54702.394531 1.042885
630500 299.543457 -46.950481 -20733.398438 3351.076172 54702.394531 1.042885
630600 299.543457 -46.953571 -20733.404297 3351.076172 54702.382812 1.042885
630700 299.543488 -46.955849 -20733.410156 3351.076416 54702.378906 1.042885
630800 299.543518 -46.959442 -20733.417969 3351.076904 54702.363281 1.042885
630900 299.543549 -46.962029 -20733.421875 3351.077148 54702.351562 1.042886
631000 299.543549 -46.964294 -20733.423828 3351.077148 54702.351562 1.042886
631100 299.543579 -46.965096 -20733.427734 3351.077393 54702.347656 1.042886
631200 299.543610 -46.966415 -20733.435547 3351.077881 54702.339844 1.042886
631300 299.543640 -46.968899 -20733.441406 3351.078125 54702.324219 1.042886
631400 299.543640 -46.972282 -20733.445312 3351.078125 54702.324219 1.042886
631500 299.543671 -46.975922 -20733.451172 3351.078369 54702.320312 1.042886
631600 299.543701 -46.979195 -20733.455078 3351.078857 54702.316406 1.042886
631700 299.543701 -46.982548 -20733.460938 3351.078857 54702.316406 1.042886
631800 299.543732 -46.987270 -20733.466797 3351.079102 54702.308594 1.042886
631900 299.543793 -46.989571 -20733.472656 3351.080078 54702.292969 1.042887
632000 299.543823 -46.992912 -20733.480469 3351.080566 54702.289062 1.042887
632100 299.543854 -46.992249 -20733.484375 3351.080811 54702.285156 1.042887
632200 299.543854 -46.992657 -20733.488281 3351.080811 54702.269531 1.042887
632300 299.543884 -46.995750 -20733.494141 3351.081055 54702.261719 1.042887
632400 299.543915 -46.998814 -20733.500000 3351.081543 54702.257812 1.042887
632500 299.543915 -47.001114 -20733.500000 3351.081543 54702.257812 1.042887
632600 299.543945 -47.004986 -20733.505859 3351.081787 54702.253906 1.042887
632700 299.543945 -47.008003 -20733.511719 3351.081787 54702.242188 1.042888
632800 299.543976 -47.009048 -20733.515625 3351.082031 54702.226562 1.042888
632900 299.543976 -47.010708 -20733.521484 3351.082031 54702.210938 1.042888
633000 299.544006 -47.013660 -20733.525391 3351.082520 54702.210938 1.042888
633100 299.544006 -47.016460 -20733.531250 3351.082520 54702.207031 1.042888
633200 299.544037 -47.018867 -20733.535156 3351.082764 54702.199219 1.042888
633300 299.544098 -47.020523 -20733.539062 3351.083496 54702.199219 1.042888
633400 299.544128 -47.022106 -20733.544922 3351.083740 54702.195312 1.042889
633500 299.544159 -47.023937 -20733.548828 3351.083984 54702.179688 1.042889
633600 299.544159 -47.025665 -20733.552734 3351.083984 54702.179688 1.042889
633700 299.544189 -47.028454 -20733.554688 3351.084473 54702.175781 1.042889
633800 299.544220 -47.029690 -20733.558594 3351.084717 54702.167969 1.042889
633900 299.544250 -47.031612 -20733.562500 3351.085205 54702.160156 1.042889
634000 299.544250 -47.035358 -20733.568359 3351.085205 54702.148438 1.042889
634100 299.544281 -47.037510 -20733.574219 3351.085449 54702.144531 1.042889
634200 299.544312 -47.040253 -20733.580078 3351.085693 54702.144531 1.042889
634300 299.544342 -47.042522 -20733.583984 3351.086182 54702.136719 1.042890
634400 299.544373 -47.043015 -20733.585938 3351.086426 54702.132812 1.042890
634500 299.544403 -47.044434 -20733.591797 3351.086670 54702.128906 1.042890
634600 299.544434 -47.047215 -20733.595703 3351.087158 54702.113281 1.042890
634700 299.544464 -47.051754 -20733.601562 3351.087402 54702.105469 1.042890
634800 299.544464 -47.053795 -20733.607422 3351.087402 54702.101562 1.042890
634900 299.544464 -47.056122 -20733.611328 3351.087402 54702.097656 1.042890
635000 299.544495 -47.059677 -20733.617188 3351.087646 54702.085938 1.042891
635100 299.544495 -47.062756 -20733.626953 3351.087646 54702.082031 1.042891
635200 299.544525 -47.063969 -20733.630859 3351.088135 54702.078125 1.042891
635300 299.544556 -47.065983 -20733.636719 3351.088379 54702.070312 1.042891
635400 299.544586 -47.067642 -20733.640625 3351.088623 54702.066406 1.042891
635500 299.544617 -47.072281 -20733.648438 3351.089111 54702.054688 1.042891
635600 299.544617 -47.074329 -20733.652344 3351.089111 54702.050781 1.042891
635700 299.544647 -47.077518 -20733.654297 3351.089600 54702.046875 1.042891
635800 299.544678 -47.078159 -20733.658203 3351.090088 54702.039062 1.042892
635900 299.544708 -47.080254 -20733.660156 3351.090332 54702.035156 1.042892
636000 299.544708 -47.083778 -20733.667969 3351.090332 54702.023438 1.042892
636100 299.544739 -47.086296 -20733.677734 3351.090820 54702.019531 1.042892
636200 299.544769 -47.086346 -20733.683594 3351.091064 54702.007812 1.042892
636300 299.544800 -47.087753 -20733.685547 3351.091309 54702.003906 1.042892
636400 299.544800 -47.091141 -20733.687500 3351.091309 54701.992188 1.042892
636500 299.544830 -47.093220 -20733.691406 3351.091797 54701.992188 1.042892
636600 299.544830 -47.094769 -20733.695312 3351.091797 54701.988281 1.042892
636700 299.544861 -47.098164 -20733.699219 3351.092041 54701.984375 1.042893
636800 299.544891 -47.099606 -20733.701172 3351.092285 54701.984375 1.042893
636900 299.544891 -47.101711 -20733.705078 3351.092285 54701.976562 1.042893
637000 299.544891 -47.105007 -20733.708984 3351.092285 54701.960938 1.042893
637100 299.544922 -47.109161 -20733.714844 3351.092773 54701.957031 1.042893
637200 299.544922 -47.110912 -20733.722656 3351.092773 54701.953125 1.042893
637300 299.544952 -47.113731 -20733.726562 3351.093018 54701.937500 1.042893
637400 299.544983 -47.114910 -20733.734375 3351.093262 54701.929688 1.042894
637500 299.545013 -47.117016 -20733.738281 3351.093750 54701.925781 1.042894
637600 299.545044 -47.117966 -20733.742188 3351.093994 54701.921875 1.042894
637700 299.545044 -47.121136 -20733.746094 3351.093994 54701.921875 1.042894
637800 299.545074 -47.123306 -20733.750000 3351.094238 54701.906250 1.042894
637900 299.545074 -47.125710 -20733.753906 3351.094238 54701.898438 1.042894
638000 299.545105 -47.126698 -20733.757812 3351.094727 54701.898438 1.042894
638100 299.545135 -47.129620 -20733.763672 3351.094971 54701.894531 1.042894
638200 299.545166 -47.131062 -20733.765625 3351.095215 54701.894531 1.042894
638300 299.545197 -47.131130 -20733.769531 3351.095703 54701.890625 1.042894
638400 299.545227 -47.134232 -20733.773438 3351.095947 54701.882812 1.042894
638500 299.545227 -47.134090 -20733.777344 3351.095947 54701.875000 1.042895
638600 299.545258 -47.135548 -20733.781250 3351.096436 54701.867188 1.042895
638700 299.545288 -47.138180 -20733.785156 3351.096680 54701.863281 1.042895
638800 299.545319 -47.140125 -20733.791016 3351.096924 54701.859375 1.042895
638900 299.545349 -47.143154 -20733.794922 3351.097412 54701.851562 1.042895
639000 299.545380 -47.144894 -20733.802734 3351.097656 54701.843750 1.042895
639100 299.545380 -47.146976 -20733.806641 3351.097656 54701.835938 1.042895
639200 299.545410 -47.149155 -20733.812500 3351.097900 54701.832031 1.042895
639300 299.545441 -47.151066 -20733.816406 3351.098389 54701.828125 1.042896
639400 299.545471 -47.151466 -20733.820312 3351.098633 54701.820312 1.042896
639500 299.545441 -47.154911 -20733.824219 3351.098389 54701.812500 1.042896
639600 299.545471 -47.156662 -20733.830078 3351.098633 54701.804688 1.042896
639700 299.545471 -47.159969 -20733.833984 3351.098633 54701.800781 1.042896
639800 299.545502 -47.165268 -20733.837891 3351.098877 54701.800781 1.042896
639900 299.545532 -47.167770 -20733.841797 3351.099365 54701.800781 1.042896
640000 299.545563 -47.168598 -20733.845703 3351.099854 54701.789062 1.042896
640100 299.545563 -47.169147 -20733.847656 3351.099854 54701.781250 1.042896
640200 299.545593 -47.169743 -20733.853516 3351.100342 54701.773438 1.042897
640300 299.545624 -47.170200 -20733.857422 3351.100586 54701.769531 1.042897
640400 299.545624 -47.172066 -20733.861328 3351.100586 54701.765625 1.042897
640500 299.545654 -47.174641 -20733.865234 3351.100830 54701.757812 1.042897
640600 299.545654 -47.177372 -20733.869141 3351.100830 54701.750000 1.042897
640700 299.545685 -47.180611 -20733.875000 3351.101318 54701.750000 1.042897
640800 299.545685 -47.181171 -20733.878906 3351.101318 54701.750000 1.042897
640900 299.545715 -47.182777 -20733.882812 3351.101562 54701.742188 1.042897
641000 299.545715 -47.184959 -20733.888672 3351.101562 54701.738281 1.042897
641100 299.545746 -47.186726 -20733.890625 3351.102051 54701.734375 1.042897
641200 299.545776 -47.187916 -20733.892578 3351.102295 54701.726562 1.042897
641300 299.545807 -47.189678 -20733.896484 3351.102539 54701.718750 1.042898
641400 299.545837 -47.191212 -20733.900391 3351.103027 54701.710938 1.042898
641500 299.545837 -47.191738 -20733.904297 3351.103027 54701.703125 1.042898
641600 299.545868 -47.193569 -20733.908203 3351.103271 54701.691406 1.042898
641700 299.545868 -47.196407 -20733.912109 3351.103271 54701.691406 1.042898
641800 299.545898 -47.199932 -20733.917969 3351.103516 54701.687500 1.042898
641900 299.545929 -47.201443 -20733.923828 3351.104004 54701.687500 1.042898
642000 299.545959 -47.202534 -20733.927734 3351.104248 54701.679688 1.042898
642100 299.545959 -47.204384 -20733.931641 3351.104248 54701.675781 1.042898
642200 299.545990 -47.208496 -20733.937500 3351.104492 54701.671875 1.042899
642300 299.545990 -47.209785 -20733.941406 3351.104492 54701.671875 1.042899
642400 299.546021 -47.210968 -20733.945312 3351.104980 54701.656250 1.042899
642500 299.546051 -47.212673 -20733.949219 3351.105225 54701.652344 1.042899
642600 299.546082 -47.215603 -20733.955078 3351.105469 54701.652344 1.042899
642700 299.546082 -47.216812 -20733.958984 3351.105469 54701.644531 1.042899
642800 299.546112 -47.216209 -20733.960938 3351.105957 54701.640625 1.042899
642900 299.546112 -47.219849 -20733.964844 3351.105957 54701.640625 1.042899
643000 299.546143 -47.223900 -20733.966797 3351.106201 54701.628906 1.042899
643100 299.546173 -47.227512 -20733.970703 3351.106445 54701.625000 1.042899
643200 299.546173 -47.228348 -20733.976562 3351.106445 54701.621094 1.042899
643300 299.546204 -47.228611 -20733.980469 3351.106934 54701.613281 1.042900
643400 299.546234 -47.229721 -20733.984375 3351.107178 54701.609375 1.042900
643500 299.546265 -47.232162 -20733.988281 3351.107666 54701.609375 1.042900
643600 299.546265 -47.234325 -20733.992188 3351.107666 54701.597656 1.042900
643700 299.546265 -47.235420 -20733.998047 3351.107666 54701.593750 1.042900
643800 299.546295 -47.235504 -20734.001953 3351.107910 54701.593750 1.042900
643900 299.546326 -47.236191 -20734.001953 3351.108154 54701.589844 1.042900
644000 299.546356 -47.237560 -20734.005859 3351.108643 54701.582031 1.042900
644100 299.546356 -47.238773 -20734.007812 3351.108643 54701.578125 1.042900
644200 299.546387 -47.240181 -20734.011719 3351.108887 54701.578125 1.042900
644300 299.546417 -47.241829 -20734.017578 3351.109131 54701.562500 1.042901
644400 299.546417 -47.243591 -20734.019531 3351.109131 54701.562500 1.042901
644500 299.546417 -47.245079 -20734.021484 3351.109131 54701.550781 1.042901
644600 299.546448 -47.246658 -20734.025391 3351.109863 54701.550781 1.042901
644700 299.546448 -47.248981 -20734.031250 3351.109863 54701.535156 1.042901
644800 299.546478 -47.250347 -20734.037109 3351.110107 54701.535156 1.042901
644900 299.546478 -47.252888 -20734.044922 3351.110107 54701.531250 1.042901
645000 299.546478 -47.255207 -20734.046875 3351.110107 54701.527344 1.042901
645100 299.546509 -47.256660 -20734.050781 3351.110596 54701.519531 1.042901
645200 299.546539 -47.258171 -20734.052734 3351.110840 54701.519531 1.042901
645300 299.546539 -47.258358 -20734.050781 3351.110840 54701.515625 1.042902
645400 299.546570 -47.261032 -20734.056641 3351.111084 54701.503906 1.042902
645500 299.546570 -47.262314 -20734.060547 3351.111084 54701.500000 1.042902
645600 299.546600 -47.263035 -20734.064453 3351.111572 54701.500000 1.042902
645700 299.546600 -47.266068 -20734.070312 3351.111572 54701.496094 1.042902
645800 299.546631 -47.268925 -20734.078125 3351.111816 54701.488281 1.042902
645900 299.546661 -47.271030 -20734.083984 3351.112061 54701.484375 1.042902
646000 299.546692 -47.273365 -20734.085938 3351.112549 54701.472656 1.042902
646100 299.546692 -47.274899 -20734.087891 3351.112549 54701.472656 1.042902
646200 299.546722 -47.276028 -20734.087891 3351.112793 54701.468750 1.042902
646300 299.546753 -47.276604 -20734.091797 3351.113281 54701.468750 1.042902
646400 299.546783 -47.278046 -20734.093750 3351.113525 54701.468750 1.042902
646500 299.546814 -47.279438 -20734.099609 3351.113770 54701.464844 1.042902
646600 299.546844 -47.279270 -20734.101562 3351.114258 54701.457031 1.042903
646700 299.546844 -47.281513 -20734.107422 3351.114258 54701.453125 1.042903
646800 299.546844 -47.283230 -20734.113281 3351.114258 54701.441406 1.042903
646900 299.546875 -47.284832 -20734.117188 3351.114502 54701.437500 1.042903
647000 299.546875 -47.288307 -20734.121094 3351.114502 54701.437500 1.042903
647100 299.546906 -47.291008 -20734.123047 3351.114746 54701.425781 1.042903
647200 299.546906 -47.291454 -20734.126953 3351.114746 54701.417969 1.042903
647300 299.546936 -47.291912 -20734.132812 3351.115234 54701.417969 1.042903
647400 299.546967 -47.293736 -20734.138672 3351.115479 54701.406250 1.042904
647500 299.546967 -47.294983 -20734.142578 3351.115479 54701.402344 1.042904
647600 299.546967 -47.297176 -20734.146484 3351.115479 54701.402344 1.042904
647700 299.546997 -47.298481 -20734.150391 3351.115723 54701.394531 1.042904
647800 299.546997 -47.301308 -20734.154297 3351.115723 54701.402344 1.042904
647900 299.547028 -47.303532 -20734.156250 3351.116211 54701.394531 1.042904
648000 299.547028 -47.303394 -20734.160156 3351.116211 54701.386719 1.042904
648100 299.547058 -47.304195 -20734.164062 3351.116455 54701.378906 1.042904
648200 299.547058 -47.306438 -20734.167969 3351.116455 54701.375000 1.042904
648300 299.547089 -47.307938 -20734.171875 3351.116699 54701.371094 1.042904
648400 299.547119 -47.309288 -20734.175781 3351.117188 54701.363281 1.042904
648500 299.547150 -47.310410 -20734.175781 3351.117432 54701.363281 1.042904
648600 299.547150 -47.311153 -20734.177734 3351.117432 54701.355469 1.042904
648700 299.547180 -47.313831 -20734.183594 3351.117676 54701.347656 1.042905
648800 299.547180 -47.315479 -20734.187500 3351.117676 54701.343750 1.042905
648900 299.547211 -47.318874 -20734.191406 3351.118164 54701.339844 1.042905
649000 299.547211 -47.319950 -20734.197266 3351.118164 54701.332031 1.042905
649100 299.547241 -47.321373 -20734.203125 3351.118408 54701.324219 1.042905
649200 299.547241 -47.323387 -20734.207031 3351.118408 54701.316406 1.042905
649300 299.547272 -47.322540 -20734.208984 3351.118896 54701.316406 1.042905
649400 299.547272 -47.322128 -20734.210938 3351.118896 54701.316406 1.042905
649500 299.547302 -47.322948 -20734.212891 3351.119141 54701.316406 1.042905
649600 299.547333 -47.324093 -20734.216797 3351.119385 54701.312500 1.042905
649700 299.547333 -47.326477 -20734.218750 3351.119385 54701.312500 1.042905
649800 299.547333 -47.327873 -20734.222656 3351.119385 54701.308594 1.042905
649900 299.547363 -47.329414 -20734.226562 3351.120117 54701.300781 1.042906
650000 299.547394 -47.331623 -20734.230469 3351.120361 54701.300781 1.042906
650100 299.547424 -47.333000 -20734.234375 3351.120850 54701.300781 1.042906
650200 299.547455 -47.335529 -20734.238281 3351.121094 54701.300781 1.042906
650300 299.547455 -47.339100 -20734.240234 3351.121094 54701.292969 1.042906
650400 299.547455 -47.341103 -20734.244141 3351.121094 54701.285156 1.042906
650500 299.547455 -47.343887 -20734.246094 3351.121094 54701.281250 1.042906
650600 299.547485 -47.346367 -20734.248047 3351.121338 54701.281250 1.042906
650700 299.547485 -47.347996 -20734.253906 3351.121338 54701.277344 1.042906
650800 299.547516 -47.348461 -20734.255859 3351.121826 54701.273438 1.042906
650900 299.547516 -47.348576 -20734.259766 3351.121826 54701.261719 1.042906
651000 299.547546 -47.350166 -20734.263672 3351.122070 54701.261719 1.042906
651100 299.547546 -47.350979 -20734.265625 3351.122070 54701.257812 1.042906
651200 299.547577 -47.350956 -20734.267578 3351.122314 54701.250000 1.042907
651300 299.547607 -47.351070 -20734.271484 3351.122803 54701.246094 1.042907
651400 299.547607 -47.353485 -20734.277344 3351.122803 54701.242188 1.042907
651500 299.547607 -47.355911 -20734.279297 3351.122803 54701.242188 1.042907
651600 299.547638 -47.358486 -20734.283203 3351.123047 54701.242188 1.042907
651700 299.547668 -47.359131 -20734.287109 3351.123291 54701.230469 1.042907
651800 299.547699 -47.359390 -20734.289062 3351.123779 54701.230469 1.042907
651900 299.547729 -47.360435 -20734.294922 3351.124023 54701.226562 1.042907
652000 299.547729 -47.363041 -20734.296875 3351.124023 54701.218750 1.042907
652100 299.547760 -47.365879 -20734.302734 3351.124512 54701.218750 1.042907
652200 299.547760 -47.368069 -20734.306641 3351.124512 54701.214844 1.042907
652300 299.547760 -47.369598 -20734.312500 3351.124512 54701.210938 1.042907
652400 299.547791 -47.370335 -20734.316406 3351.124756 54701.199219 1.042907
652500 299.547791 -47.370388 -20734.318359 3351.124756 54701.195312 1.042908
652600 299.547821 -47.371658 -20734.322266 3351.125000 54701.187500 1.042908
652700 299.547821 -47.373592 -20734.324219 3351.125000 54701.187500 1.042908
652800 299.547821 -47.376591 -20734.326172 3351.125000 54701.187500 1.042908
652900 299.547852 -47.377842 -20734.328125 3351.125488 54701.183594 1.042908
653000 299.547882 -47.379223 -20734.332031 3351.125732 54701.183594 1.042908
653100 299.547913 -47.378769 -20734.335938 3351.125977 54701.179688 1.042908
653200 299.547913 -47.379593 -20734.341797 3351.125977 54701.167969 1.042908
653300 299.547943 -47.381126 -20734.343750 3351.126465 54701.164062 1.042908
653400 299.547943 -47.383198 -20734.347656 3351.126465 54701.164062 1.042908
653500 299.547943 -47.383972 -20734.351562 3351.126465 54701.152344 1.042908
653600 299.547974 -47.382908 -20734.353516 3351.126709 54701.148438 1.042909
653700 299.547974 -47.384754 -20734.357422 3351.126709 54701.136719 1.042909
653800 299.548004 -47.384830 -20734.357422 3351.126953 54701.136719 1.042909
653900 299.548004 -47.386024 -20734.359375 3351.126953 54701.136719 1.042909
654000 299.548035 -47.386948 -20734.361328 3351.127441 54701.136719 1.042909
654100 299.548065 -47.390499 -20734.365234 3351.127686 54701.136719 1.042909
654200 299.548065 -47.392605 -20734.371094 3351.127686 54701.132812 1.042909
654300 299.548096 -47.393974 -20734.375000 3351.127930 54701.125000 1.042909
654400 299.548096 -47.394653 -20734.378906 3351.127930 54701.125000 1.042909
654500 299.548126 -47.395828 -20734.382812 3351.128418 54701.121094 1.042909
654600 299.548126 -47.397144 -20734.386719 3351.128418 54701.109375 1.042909
654700 299.548126 -47.399231 -20734.390625 3351.128418 54701.109375 1.042909
654800 299.548157 -47.400692 -20734.394531 3351.128662 54701.105469 1.042909
654900 299.548157 -47.402992 -20734.396484 3351.128662 54701.101562 1.042909
655000 299.548187 -47.404285 -20734.398438 3351.128906 54701.093750 1.042910
655100 299.548187 -47.405270 -20734.402344 3351.128906 54701.093750 1.042910
655200 299.548218 -47.405445 -20734.408203 3351.129395 54701.078125 1.042910
655300 299.548248 -47.406258 -20734.412109 3351.129639 54701.078125 1.042910
655400 299.548248 -47.408062 -20734.414062 3351.129639 54701.078125 1.042910
655500 299.548248 -47.409653 -20734.417969 3351.129639 54701.074219 1.042910
655600 299.548279 -47.412540 -20734.421875 3351.130371 54701.074219 1.042910
655700 299.548309 -47.413757 -20734.425781 3351.130615 54701.070312 1.042910
655800 299.548309 -47.413906 -20734.427734 3351.130615 54701.070312 1.042910
655900 299.548309 -47.415073 -20734.431641 3351.130615 54701.070312 1.042910
656000 299.548340 -47.416672 -20734.435547 3351.131104 54701.062500 1.042910
656100 299.548340 -47.418148 -20734.435547 3351.131104 54701.062500 1.042910
656200 299.548370 -47.419159 -20734.439453 3351.131348 54701.058594 1.042910
656300 299.548401 -47.419388 -20734.441406 3351.131592 54701.058594 1.042910
656400 299.548401 -47.421288 -20734.441406 3351.131592 54701.046875 1.042910
656500 299.548431 -47.421722 -20734.445312 3351.132080 54701.046875 1.042910
656600 299.548431 -47.423553 -20734.447266 3351.132080 54701.046875 1.042910
656700 299.548462 -47.423630 -20734.451172 3351.132324 54701.042969 1.042910
656800 299.548462 -47.424744 -20734.453125 3351.132324 54701.039062 1.042911
656900 299.548462 -47.426220 -20734.457031 3351.132324 54701.039062 1.042911
657000 299.548462 -47.428780 -20734.464844 3351.132324 54701.031250 1.042911
657100 299.548462 -47.430511 -20734.468750 3351.132324 54701.015625 1.042911
657200 299.548492 -47.431175 -20734.472656 3351.132568 54701.011719 1.042911
657300 299.548492 -47.432880 -20734.476562 3351.132568 54701.011719 1.042911
657400 299.548523 -47.434391 -20734.478516 3351.133057 54701.011719 1.042911
657500 299.548553 -47.435638 -20734.482422 3351.133301 54701.011719 1.042911
657600 299.548584 -47.437557 -20734.482422 3351.133545 54701.011719 1.042911
657700 299.548584 -47.439049 -20734.484375 3351.133545 54701.011719 1.042911
657800 299.548615 -47.439850 -20734.486328 3351.134033 54701.007812 1.042911
657900 299.548615 -47.438637 -20734.488281 3351.134033 54701.000000 1.042911
658000 299.548615 -47.439564 -20734.492188 3351.134033 54701.000000 1.042911
658100 299.548645 -47.440811 -20734.496094 3351.134277 54700.984375 1.042912
658200 299.548645 -47.443089 -20734.501953 3351.134277 54700.984375 1.042912
658300 299.548676 -47.444309 -20734.505859 3351.134521 54700.980469 1.042912
658400 299.548676 -47.444996 -20734.507812 3351.134521 54700.976562 1.042912
658500 299.548706 -47.446369 -20734.507812 3351.135010 54700.976562 1.042912
658600 299.548706 -47.447479 -20734.509766 3351.135010 54700.976562 1.042912
658700 299.548737 -47.448914 -20734.511719 3351.135254 54700.976562 1.042912
658800 299.548737 -47.449818 -20734.515625 3351.135254 54700.968750 1.042912
658900 299.548767 -47.450905 -20734.517578 3351.135742 54700.968750 1.042912
659000 299.548767 -47.450844 -20734.517578 3351.135742 54700.968750 1.042912
659100 299.548767 -47.450459 -20734.521484 3351.135742 54700.964844 1.042912
659200 299.548767 -47.451706 -20734.527344 3351.135742 54700.953125 1.042912
659300 299.548798 -47.452759 -20734.531250 3351.135986 54700.949219 1.042912
659400 299.548798 -47.452999 -20734.533203 3351.135986 54700.945312 1.042912
659500 299.548828 -47.454460 -20734.535156 3351.136230 54700.937500 1.042912
659600 299.548828 -47.455139 -20734.539062 3351.136230 54700.937500 1.042912
659700 299.548859 -47.455608 -20734.542969 3351.136719 54700.933594 1.042913
659800 299.548859 -47.456627 -20734.544922 3351.136719 54700.933594 1.042913
659900 299.548889 -47.457069 -20734.548828 3351.136963 54700.933594 1.042913
660000 299.548889 -47.458698 -20734.552734 3351.136963 54700.921875 1.042913
660100 299.548920 -47.461903 -20734.556641 3351.137207 54700.921875 1.042913
660200 299.548920 -47.463585 -20734.560547 3351.137207 54700.921875 1.042913
660300 299.548920 -47.463814 -20734.564453 3351.137207 54700.917969 1.042913
660400 299.548950 -47.463047 -20734.568359 3351.137695 54700.914062 1.042913
660500 299.548950 -47.463024 -20734.570312 3351.137695 54700.906250 1.042913
660600 299.548981 -47.465607 -20734.574219 3351.137939 54700.906250 1.042913
660700 299.548981 -47.467815 -20734.576172 3351.137939 54700.902344 1.042913
660800 299.549011 -47.469051 -20734.576172 3351.138184 54700.902344 1.042913
660900 299.549011 -47.471058 -20734.578125 3351.138184 54700.902344 1.042913
661000 299.549042 -47.470997 -20734.580078 3351.138672 54700.902344 1.042913
661100 299.549042 -47.471172 -20734.585938 3351.138672 54700.890625 1.042913
661200 299.549072 -47.472763 -20734.589844 3351.138916 54700.886719 1.042913
661300 299.549072 -47.474125 -20734.591797 3351.138916 54700.886719 1.042913
661400 299.549103 -47.475929 -20734.595703 3351.139160 54700.882812 1.042914
661500 299.549103 -47.477684 -20734.597656 3351.139160 54700.882812 1.042914
661600 299.549133 -47.478680 -20734.599609 3351.139648 54700.878906 1.042914
661700 299.549133 -47.479511 -20734.603516 3351.139648 54700.871094 1.042914
661800 299.549133 -47.481022 -20734.607422 3351.139648 54700.871094 1.042914
661900 299.549164 -47.482353 -20734.609375 3351.140137 54700.863281 1.042914
662000 299.549164 -47.483452 -20734.611328 3351.140137 54700.863281 1.042914
662100 299.549194 -47.484413 -20734.613281 3351.140625 54700.863281 1.042914
662200 299.549194 -47.485695 -20734.617188 3351.140625 54700.863281 1.042914
662300 299.549225 -47.485947 -20734.619141 3351.140869 54700.855469 1.042914
662400 299.549225 -47.486965 -20734.621094 3351.140869 54700.855469 1.042914
662500 299.549225 -47.487274 -20734.625000 3351.140869 54700.851562 1.042914
662600 299.549225 -47.487309 -20734.628906 3351.140869 54700.851562 1.042914
662700 299.549255 -47.487366 -20734.630859 3351.141357 54700.847656 1.042914
662800 299.549255 -47.487640 -20734.634766 3351.141357 54700.835938 1.042914
662900 299.549286 -47.491245 -20734.636719 3351.141602 54700.835938 1.042914
663000 299.549316 -47.492584 -20734.636719 3351.141846 54700.832031 1.042915
663100 299.549316 -47.492504 -20734.638672 3351.141846 54700.832031 1.042915
663200 299.549347 -47.494083 -20734.642578 3351.142334 54700.824219 1.042915
663300 299.549347 -47.495060 -20734.648438 3351.142334 54700.824219 1.042915
663400 299.549347 -47.495651 -20734.650391 3351.142334 54700.820312 1.042915
663500 299.549377 -47.497406 -20734.652344 3351.142578 54700.824219 1.042915
663600 299.549377 -47.499451 -20734.656250 3351.142578 54700.820312 1.042915
663700 299.549377 -47.501434 -20734.658203 3351.142578 54700.820312 1.042915
663800 299.549408 -47.503033 -20734.660156 3351.142822 54700.816406 1.042915
663900 299.549408 -47.503857 -20734.664062 3351.142822 54700.816406 1.042915
664000 299.549408 -47.504566 -20734.667969 3351.142822 54700.816406 1.042915
664100 299.549438 -47.504978 -20734.669922 3351.143311 54700.804688 1.042915
664200 299.549438 -47.504017 -20734.673828 3351.143311 54700.800781 1.042915
664300 299.549438 -47.504250 -20734.673828 3351.143311 54700.800781 1.042915
664400 299.549469 -47.505257 -20734.675781 3351.143555 54700.800781 1.042915
664500 299.549469 -47.506798 -20734.681641 3351.143555 54700.800781 1.042915
664600 299.549500 -47.507004 -20734.681641 3351.143799 54700.800781 1.042915
664700 299.549530 -47.508347 -20734.683594 3351.144287 54700.800781 1.042915
664800 299.549530 -47.509216 -20734.685547 3351.144287 54700.800781 1.042915
664900 299.549561 -47.509567 -20734.687500 3351.144531 54700.792969 1.042915
665000 299.549530 -47.510540 -20734.687500 3351.144287 54700.789062 1.042915
665100 299.549561 -47.511856 -20734.689453 3351.144531 54700.785156 1.042915
665200 299.549561 -47.512348 -20734.693359 3351.144531 54700.773438 1.042916
665300 299.549591 -47.512062 -20734.697266 3351.144775 54700.769531 1.042916
665400 299.549591 -47.512554 -20734.699219 3351.144775 54700.761719 1.042916
665500 299.549591 -47.513767 -20734.701172 3351.144775 54700.761719 1.042916
665600 299.549622 -47.514797 -20734.705078 3351.145264 54700.761719 1.042916
665700 299.549622 -47.516743 -20734.708984 3351.145264 54700.757812 1.042916
665800 299.549622 -47.518047 -20734.712891 3351.145264 54700.757812 1.042916
665900 299.549652 -47.519562 -20734.714844 3351.145508 54700.757812 1.042916
666000 299.549652 -47.520050 -20734.716797 3351.145508 54700.753906 1.042916
666100 299.549683 -47.521641 -20734.720703 3351.145752 54700.753906 1.042916
666200 299.549683 -47.521061 -20734.724609 3351.145752 54700.742188 1.042916
666300 299.549683 -47.521927 -20734.726562 3351.145752 54700.742188 1.042916
666400 299.549713 -47.522926 -20734.730469 3351.146240 54700.742188 1.042916
666500 299.549744 -47.525421 -20734.734375 3351.146484 54700.738281 1.042916
666600 299.549744 -47.527386 -20734.736328 3351.146484 54700.730469 1.042916
666700 299.549744 -47.529942 -20734.740234 3351.146484 54700.730469 1.042916
666800 299.549774 -47.530876 -20734.742188 3351.146973 54700.730469 1.042916
666900 299.549774 -47.530102 -20734.746094 3351.146973 54700.726562 1.042917
667000 299.549805 -47.530273 -20734.748047 3351.147217 54700.726562 1.042917
667100 299.549805 -47.531063 -20734.751953 3351.147217 54700.722656 1.042917
667200 299.549835 -47.531532 -20734.751953 3351.147461 54700.722656 1.042917
667300 299.549835 -47.532902 -20734.753906 3351.147461 54700.722656 1.042917
667400 299.549835 -47.533428 -20734.755859 3351.147461 54700.710938 1.042917
667500 299.549835 -47.534206 -20734.757812 3351.147461 54700.710938 1.042917
667600 299.549866 -47.534367 -20734.759766 3351.147949 54700.707031 1.042917
667700 299.549896 -47.535660 -20734.761719 3351.148193 54700.707031 1.042917
667800 299.549896 -47.535698 -20734.763672 3351.148193 54700.699219 1.042917
667900 299.549896 -47.535820 -20734.767578 3351.148193 54700.699219 1.042917
668000 299.549927 -47.536541 -20734.771484 3351.148438 54700.695312 1.042917
668100 299.549927 -47.538364 -20734.771484 3351.148438 54700.691406 1.042917
668200 299.549927 -47.539715 -20734.775391 3351.148438 54700.691406 1.042917
668300 299.549957 -47.541302 -20734.777344 3351.148926 54700.691406 1.042917
668400 299.549957 -47.542915 -20734.781250 3351.148926 54700.691406 1.042917
668500 299.549957 -47.543583 -20734.783203 3351.148926 54700.691406 1.042917
668600 299.549988 -47.543568 -20734.787109 3351.149170 54700.679688 1.042917
668700 299.550018 -47.544586 -20734.791016 3351.149414 54700.679688 1.042917
668800 299.550018 -47.546017 -20734.792969 3351.149414 54700.675781 1.042917
668900 299.550049 -47.547405 -20734.794922 3351.149902 54700.675781 1.042917
669000 299.550049 -47.549210 -20734.798828 3351.149902 54700.675781 1.042917
669100 299.550079 -47.550175 -20734.798828 3351.150391 54700.675781 1.042917
669200 299.550079 -47.551640 -20734.802734 3351.150391 54700.675781 1.042917
669300 299.550110 -47.552837 -20734.804688 3351.150879 54700.667969 1.042918
669400 299.550079 -47.554699 -20734.808594 3351.150391 54700.664062 1.042918
669500 299.550079 -47.555622 -20734.808594 3351.150391 54700.660156 1.042918
669600 299.550110 -47.555759 -20734.812500 3351.150879 54700.660156 1.042918
669700 299.550110 -47.556038 -20734.814453 3351.150879 54700.660156 1.042918
669800 299.550110 -47.556850 -20734.818359 3351.150879 54700.660156 1.042918
669900 299.550110 -47.558128 -20734.824219 3351.150879 54700.648438 1.042918
670000 299.550140 -47.559322 -20734.828125 3351.151123 54700.644531 1.042918
670100 299.550140 -47.559628 -20734.832031 3351.151123 54700.644531 1.042918
670200 299.550171 -47.560638 -20734.833984 3351.151367 54700.636719 1.042918
670300 299.550171 -47.561634 -20734.835938 3351.151367 54700.636719 1.042918
670400 299.550171 -47.561760 -20734.835938 3351.151367 54700.632812 1.042918
670500 299.550201 -47.562664 -20734.837891 3351.151855 54700.632812 1.042918
670600 299.550201 -47.561485 -20734.837891 3351.151855 54700.632812 1.042918
670700 299.550201 -47.561813 -20734.837891 3351.151855 54700.632812 1.042918
670800 299.550201 -47.562275 -20734.839844 3351.151855 54700.628906 1.042918
670900 299.550232 -47.562088 -20734.843750 3351.152100 54700.628906 1.042918
671000 299.550232 -47.562458 -20734.845703 3351.152100 54700.617188 1.042919
671100 299.550262 -47.563419 -20734.849609 3351.152344 54700.613281 1.042919
671200 299.550262 -47.564220 -20734.849609 3351.152344 54700.613281 1.042919
671300 299.550293 -47.564331 -20734.851562 3351.152832 54700.613281 1.042919
671400 299.550293 -47.565990 -20734.853516 3351.152832 54700.605469 1.042919
671500 299.550293 -47.568592 -20734.857422 3351.152832 54700.605469 1.042919
671600 299.550323 -47.568821 -20734.861328 3351.153076 54700.601562 1.042919
671700 299.550323 -47.568153 -20734.865234 3351.153076 54700.601562 1.042919
671800 299.550323 -47.568707 -20734.869141 3351.153076 54700.597656 1.042919
671900 299.550323 -47.570763 -20734.871094 3351.153076 54700.597656 1.042919
672000 299.550354 -47.573788 -20734.875000 3351.153564 54700.597656 1.042919
672100 299.550354 -47.576004 -20734.878906 3351.153564 54700.597656 1.042919
672200 299.550385 -47.576431 -20734.880859 3351.153809 54700.585938 1.042919
672300 299.550385 -47.577484 -20734.882812 3351.153809 54700.585938 1.042919
672400 299.550415 -47.578991 -20734.884766 3351.154053 54700.585938 1.042919
672500 299.550446 -47.579338 -20734.884766 3351.154541 54700.597656 1.042919
672600 299.550446 -47.579922 -20734.884766 3351.154541 54700.597656 1.042919
672700 299.550446 -47.579407 -20734.882812 3351.154541 54700.597656 1.042919
672800 299.550446 -47.580162 -20734.886719 3351.154541 54700.597656 1.042919
672900 299.550446 -47.581051 -20734.888672 3351.154541 54700.585938 1.042919
673000 299.550446 -47.582047 -20734.890625 3351.154541 54700.582031 1.042919
673100 299.550476 -47.582806 -20734.896484 3351.154785 54700.574219 1.042919
673200 299.550476 -47.583893 -20734.898438 3351.154785 54700.570312 1.042920
673300 299.550476 -47.584991 -20734.902344 3351.154785 54700.570312 1.042920
673400 299.550507 -47.585037 -20734.906250 3351.155029 54700.570312 1.042920
673500 299.550507 -47.585587 -20734.908203 3351.155029 54700.570312 1.042920
673600 299.550507 -47.584671 -20734.908203 3351.155029 54700.558594 1.042920
673700 299.550537 -47.583836 -20734.910156 3351.155518 54700.554688 1.042920
673800 299.550568 -47.582634 -20734.914062 3351.155762 54700.554688 1.042920
673900 299.550568 -47.583607 -20734.917969 3351.155762 54700.554688 1.042920
674000 299.550568 -47.583225 -20734.919922 3351.155762 54700.550781 1.042920
674100 299.550598 -47.583618 -20734.921875 3351.156006 54700.550781 1.042920
674200 299.550598 -47.584637 -20734.921875 3351.156006 54700.550781 1.042920
674300 299.550598 -47.585186 -20734.921875 3351.156006 54700.550781 1.042920
674400 299.550598 -47.585644 -20734.923828 3351.156006 54700.550781 1.042920
674500 299.550629 -47.587379 -20734.925781 3351.156494 54700.550781 1.042920
674600 299.550629 -47.589622 -20734.931641 3351.156494 54700.542969 1.042920
674700 299.550629 -47.591469 -20734.935547 3351.156494 54700.539062 1.042920
674800 299.550659 -47.593060 -20734.937500 3351.156738 54700.539062 1.042920
674900 299.550659 -47.593948 -20734.939453 3351.156738 54700.527344 1.042920
675000 299.550659 -47.595585 -20734.941406 3351.156738 54700.527344 1.042920
675100 299.550659 -47.596546 -20734.941406 3351.156738 54700.523438 1.042920
675200 299.550659 -47.597591 -20734.945312 3351.156738 54700.523438 1.042920
675300 299.550690 -47.598564 -20734.949219 3351.156982 54700.519531 1.042920
675400 299.550690 -47.599148 -20734.951172 3351.156982 54700.519531 1.042920
675500 299.550690 -47.599892 -20734.953125 3351.156982 54700.519531 1.042920
675600 299.550690 -47.600636 -20734.955078 3351.156982 54700.523438 1.042920
675700 299.550690 -47.601208 -20734.957031 3351.156982 54700.523438 1.042920
675800 299.550720 -47.602016 -20734.958984 3351.157471 54700.523438 1.042920
675900 299.550720 -47.602833 -20734.962891 3351.157471 54700.519531 1.042920
676000 299.550751 -47.604778 -20734.962891 3351.157715 54700.519531 1.042920
676100 299.550751 -47.605728 -20734.964844 3351.157715 54700.519531 1.042920
676200 299.550781 -47.606621 -20734.966797 3351.157959 54700.511719 1.042921
676300 299.550781 -47.606323 -20734.970703 3351.157959 54700.511719 1.042921
676400 299.550812 -47.605877 -20734.970703 3351.158447 54700.511719 1.042921
676500 299.550812 -47.605976 -20734.974609 3351.158447 54700.511719 1.042921
676600 299.550812 -47.606113 -20734.978516 3351.158447 54700.507812 1.042921
676700 299.550842 -47.605762 -20734.978516 3351.158691 54700.496094 1.042921
676800 299.550842 -47.606117 -20734.980469 3351.158691 54700.492188 1.042921
676900 299.550873 -47.606548 -20734.982422 3351.159180 54700.492188 1.042921
677000 299.550873 -47.607513 -20734.984375 3351.159180 54700.488281 1.042921
677100 299.550873 -47.609585 -20734.984375 3351.159180 54700.488281 1.042921
677200 299.550903 -47.611107 -20734.986328 3351.159424 54700.488281 1.042921
677300 299.550903 -47.611713 -20734.990234 3351.159424 54700.488281 1.042921
677400 299.550903 -47.612362 -20734.992188 3351.159424 54700.484375 1.042921
677500 299.550903 -47.613556 -20734.994141 3351.159424 54700.484375 1.042921
677600 299.550934 -47.613380 -20734.996094 3351.159668 54700.484375 1.042921
677700 299.550934 -47.613224 -20734.998047 3351.159668 54700.476562 1.042921
677800 299.550934 -47.613953 -20735.001953 3351.159668 54700.476562 1.042921
677900 299.550964 -47.615257 -20735.001953 3351.160156 54700.476562 1.042921
678000 299.550964 -47.616737 -20735.003906 3351.160156 54700.476562 1.042921
678100 299.550964 -47.618908 -20735.005859 3351.160156 54700.476562 1.042921
678200 299.550964 -47.620087 -20735.009766 3351.160156 54700.468750 1.042921
678300 299.550995 -47.620251 -20735.009766 3351.160645 54700.476562 1.042921
678400 299.550995 -47.621677 -20735.013672 3351.160645 54700.476562 1.042921
678500 299.550995 -47.621532 -20735.017578 3351.160645 54700.468750 1.042921
678600 299.551025 -47.620617 -20735.021484 3351.161133 54700.460938 1.042922
678700 299.551025 -47.620625 -20735.025391 3351.161133 54700.457031 1.042922
678800 299.551056 -47.621975 -20735.027344 3351.161377 54700.457031 1.042922
678900 299.551056 -47.621990 -20735.029297 3351.161377 54700.457031 1.042922
679000 299.551056 -47.621529 -20735.031250 3351.161377 54700.457031 1.042922
679100 299.551086 -47.621624 -20735.033203 3351.161621 54700.453125 1.042922
679200 299.551086 -47.622070 -20735.035156 3351.161621 54700.453125 1.042922
679300 299.551086 -47.623192 -20735.037109 3351.161621 54700.453125 1.042922
679400 299.551117 -47.624908 -20735.039062 3351.162109 54700.453125 1.042922
679500 299.551117 -47.625240 -20735.041016 3351.162109 54700.445312 1.042922
679600 299.551147 -47.625885 -20735.042969 3351.162354 54700.445312 1.042922
679700 299.551147 -47.626904 -20735.046875 3351.162354 54700.445312 1.042922
679800 299.551147 -47.628151 -20735.048828 3351.162354 54700.445312 1.042922
679900 299.551178 -47.629932 -20735.050781 3351.162598 54700.445312 1.042922
680000 299.551178 -47.630035 -20735.052734 3351.162598 54700.437500 1.042922
680100 299.551208 -47.630585 -20735.054688 3351.163086 54700.437500 1.042922
680200 299.551208 -47.630497 -20735.056641 3351.163086 54700.437500 1.042922
680300 299.551239 -47.629486 -20735.056641 3351.163330 54700.429688 1.042922
680400 299.551239 -47.628971 -20735.056641 3351.163330 54700.429688 1.042922
680500 299.551239 -47.629715 -20735.058594 3351.163330 54700.425781 1.042922
680600 299.551270 -47.629944 -20735.060547 3351.163574 54700.425781 1.042922
680700 299.551270 -47.630962 -20735.062500 3351.163574 54700.421875 1.042922
680800 299.551239 -47.631935 -20735.066406 3351.163330 54700.421875 1.042922
680900 299.551270 -47.632359 -20735.068359 3351.163574 54700.414062 1.042922
681000 299.551270 -47.633331 -20735.070312 3351.163574 54700.414062 1.042922
681100 299.551270 -47.633938 -20735.074219 3351.163574 54700.414062 1.042922
681200 299.551270 -47.634727 -20735.076172 3351.163574 54700.406250 1.042923
681300 299.551270 -47.635803 -20735.080078 3351.163574 54700.406250 1.042923
681400 299.551270 -47.636765 -20735.082031 3351.163574 54700.406250 1.042923
681500 299.551270 -47.638527 -20735.083984 3351.163574 54700.398438 1.042923
681600 299.551270 -47.638702 -20735.083984 3351.163574 54700.398438 1.042923
681700 299.551270 -47.639458 -20735.085938 3351.163574 54700.398438 1.042923
681800 299.551300 -47.639744 -20735.085938 3351.164062 54700.398438 1.042923
681900 299.551300 -47.639957 -20735.085938 3351.164062 54700.394531 1.042923
682000 299.551300 -47.640270 -20735.087891 3351.164062 54700.394531 1.042923
682100 299.551331 -47.640736 -20735.089844 3351.164307 54700.394531 1.042923
682200 299.551331 -47.642029 -20735.093750 3351.164307 54700.394531 1.042923
682300 299.551331 -47.642578 -20735.095703 3351.164307 54700.394531 1.042923
682400 299.551331 -47.643391 -20735.097656 3351.164307 54700.394531 1.042923
682500 299.551331 -47.643642 -20735.099609 3351.164307 54700.390625 1.042923
682600 299.551361 -47.644592 -20735.101562 3351.164795 54700.390625 1.042923
682700 299.551361 -47.644836 -20735.103516 3351.164795 54700.390625 1.042923
682800 299.551361 -47.646698 -20735.107422 3351.164795 54700.382812 1.042923
682900 299.551392 -47.648609 -20735.111328 3351.165039 54700.375000 1.042923
683000 299.551392 -47.650211 -20735.113281 3351.165039 54700.375000 1.042923
683100 299.551392 -47.651234 -20735.115234 3351.165039 54700.375000 1.042923
683200 299.551422 -47.653088 -20735.115234 3351.165283 54700.375000 1.042923
683300 299.551422 -47.653774 -20735.117188 3351.165283 54700.375000 1.042923
683400 299.551422 -47.654274 -20735.119141 3351.165283 54700.375000 1.042923
683500 299.551453 -47.654266 -20735.121094 3351.165771 54700.367188 1.042923
683600 299.551422 -47.654091 -20735.125000 3351.165283 54700.367188 1.042923
683700 299.551453 -47.652935 -20735.125000 3351.165771 54700.375000 1.042923
683800 299.551483 -47.652946 -20735.125000 3351.166016 54700.375000 1.042923
683900 299.551483 -47.653419 -20735.126953 3351.166016 54700.375000 1.042923
684000 299.551483 -47.653027 -20735.128906 3351.166016 54700.367188 1.042923
684100 299.551514 -47.653095 -20735.128906 3351.166260 54700.367188 1.042923
684200 299.551514 -47.653610 -20735.130859 3351.166260 54700.363281 1.042923
684300 299.551544 -47.653141 -20735.132812 3351.166748 54700.363281 1.042923
684400 299.551544 -47.652618 -20735.132812 3351.166748 54700.359375 1.042924
684500 299.551544 -47.652843 -20735.134766 3351.166748 54700.363281 1.042923
684600 299.551544 -47.653027 -20735.134766 3351.166748 54700.359375 1.042924
684700 299.551544 -47.654320 -20735.136719 3351.166748 54700.359375 1.042924
684800 299.551575 -47.655327 -20735.136719 3351.166992 54700.359375 1.042924
684900 299.551575 -47.657207 -20735.140625 3351.166992 54700.359375 1.042924
685000 299.551575 -47.658260 -20735.142578 3351.166992 54700.359375 1.042924
685100 299.551575 -47.658749 -20735.144531 3351.166992 54700.359375 1.042924
685200 299.551575 -47.659698 -20735.146484 3351.166992 54700.359375 1.042924
685300 299.551605 -47.660809 -20735.150391 3351.167236 54700.351562 1.042924
685400 299.551605 -47.662045 -20735.152344 3351.167236 54700.351562 1.042924
685500 299.551605 -47.662575 -20735.156250 3351.167236 54700.351562 1.042924
685600 299.551636 -47.662449 -20735.160156 3351.167725 54700.343750 1.042924
685700 299.551636 -47.662037 -20735.164062 3351.167725 54700.343750 1.042924
685800 299.551666 -47.661884 -20735.166016 3351.167969 54700.335938 1.042924
685900 299.551666 -47.662571 -20735.166016 3351.167969 54700.332031 1.042924
686000 299.551666 -47.663628 -20735.167969 3351.167969 54700.332031 1.042924
686100 299.551697 -47.664577 -20735.167969 3351.168213 54700.332031 1.042924
686200 299.551697 -47.664749 -20735.169922 3351.168213 54700.332031 1.042924
686300 299.551727 -47.665157 -20735.169922 3351.168701 54700.332031 1.042924
686400 299.551727 -47.665043 -20735.173828 3351.168701 54700.328125 1.042924
686500 299.551727 -47.664700 -20735.175781 3351.168701 54700.328125 1.042924
686600 299.551727 -47.665482 -20735.177734 3351.168701 54700.328125 1.042924
686700 299.551727 -47.666508 -20735.179688 3351.168701 54700.328125 1.042924
686800 299.551758 -47.668350 -20735.181641 3351.168945 54700.328125 1.042924
686900 299.551727 -47.667519 -20735.183594 3351.168701 54700.328125 1.042924
687000 299.551727 -47.667290 -20735.183594 3351.168701 54700.320312 1.042924
687100 299.551758 -47.668720 -20735.185547 3351.168945 54700.320312 1.042924
687200 299.551758 -47.671124 -20735.187500 3351.168945 54700.320312 1.042924
687300 299.551758 -47.672230 -20735.189453 3351.168945 54700.320312 1.042924
687400 299.551758 -47.672825 -20735.189453 3351.168945 54700.312500 1.042924
687500 299.551788 -47.672665 -20735.191406 3351.169189 54700.312500 1.042924
687600 299.551788 -47.672150 -20735.191406 3351.169189 54700.312500 1.042924
687700 299.551819 -47.671017 -20735.191406 3351.169678 54700.312500 1.042924
687800 299.551849 -47.671108 -20735.191406 3351.169922 54700.312500 1.042924
687900 299.551849 -47.671234 -20735.193359 3351.169922 54700.304688 1.042925
688000 299.551849 -47.670219 -20735.195312 3351.169922 54700.304688 1.042925
688100 299.551880 -47.670238 -20735.197266 3351.170654 54700.304688 1.042925
688200 299.551880 -47.671349 -20735.201172 3351.170654 54700.312500 1.042924
688300 299.551880 -47.672382 -20735.205078 3351.170654 54700.304688 1.042925
688400 299.551880 -47.673294 -20735.207031 3351.170654 54700.304688 1.042925
688500 299.551910 -47.673286 -20735.210938 3351.170898 54700.300781 1.042925
688600 299.551910 -47.674770 -20735.210938 3351.170898 54700.300781 1.042925
688700 299.551910 -47.675880 -20735.212891 3351.170898 54700.296875 1.042925
688800 299.551910 -47.676727 -20735.212891 3351.170898 54700.296875 1.042925
688900 299.551910 -47.676933 -20735.214844 3351.170898 54700.296875 1.042925
689000 299.551910 -47.676876 -20735.216797 3351.170898 54700.296875 1.042925
689100 299.551941 -47.677299 -20735.218750 3351.171387 54700.285156 1.042925
689200 299.551941 -47.677452 -20735.220703 3351.171387 54700.285156 1.042925
689300 299.551941 -47.679520 -20735.224609 3351.171387 54700.285156 1.042925
689400 299.551941 -47.680885 -20735.226562 3351.171387 54700.281250 1.042925
689500 299.551910 -47.680984 -20735.226562 3351.170898 54700.281250 1.042925
689600 299.551941 -47.681366 -20735.226562 3351.171387 54700.281250 1.042925
689700 299.551941 -47.682392 -20735.230469 3351.171387 54700.281250 1.042925
689800 299.551941 -47.683388 -20735.232422 3351.171387 54700.281250 1.042925
689900 299.551941 -47.684418 -20735.234375 3351.171387 54700.281250 1.042925
690000 299.551971 -47.685093 -20735.236328 3351.171631 54700.281250 1.042925
690100 299.551971 -47.685780 -20735.238281 3351.171631 54700.273438 1.042925
690200 299.552002 -47.685394 -20735.240234 3351.171875 54700.273438 1.042925
690300 299.552002 -47.684566 -20735.242188 3351.171875 54700.269531 1.042925
690400 299.552002 -47.685768 -20735.246094 3351.171875 54700.269531 1.042925
690500 299.552002 -47.686558 -20735.248047 3351.171875 54700.269531 1.042925
690600 299.552002 -47.688366 -20735.250000 3351.171875 54700.269531 1.042925
690700 299.552002 -47.688274 -20735.250000 3351.171875 54700.269531 1.042925
690800 299.552032 -47.690540 -20735.251953 3351.172363 54700.269531 1.042925
690900 299.552032 -47.691780 -20735.253906 3351.172363 54700.269531 1.042925
691000 299.552002 -47.692863 -20735.255859 3351.171875 54700.269531 1.042925
691100 299.552032 -47.693836 -20735.257812 3351.172363 54700.269531 1.042925
691200 299.552032 -47.693943 -20735.259766 3351.172363 54700.265625 1.042925
691300 299.552063 -47.693665 -20735.261719 3351.172607 54700.265625 1.042925
691400 299.552063 -47.694672 -20735.265625 3351.172607 54700.253906 1.042925
691500 299.552063 -47.694752 -20735.265625 3351.172607 54700.253906 1.042925
691600 299.552094 -47.695038 -20735.265625 3351.172852 54700.253906 1.042925
691700 299.552094 -47.695484 -20735.267578 3351.172852 54700.253906 1.042925
691800 299.552094 -47.695866 -20735.267578 3351.172852 54700.253906 1.042925
691900 299.552094 -47.696075 -20735.271484 3351.172852 54700.250000 1.042926
692000 299.552124 -47.694992 -20735.273438 3351.173340 54700.250000 1.042926
692100 299.552155 -47.694572 -20735.273438 3351.173584 54700.250000 1.042926
692200 299.552155 -47.693474 -20735.273438 3351.173584 54700.250000 1.042926
692300 299.552155 -47.693390 -20735.275391 3351.173584 54700.242188 1.042926
692400 299.552185 -47.694332 -20735.277344 3351.173828 54700.242188 1.042926
692500 299.552185 -47.694798 -20735.279297 3351.173828 54700.238281 1.042926
692600 299.552185 -47.694946 -20735.283203 3351.173828 54700.238281 1.042926
692700 299.552185 -47.695190 -20735.285156 3351.173828 54700.238281 1.042926
692800 299.552185 -47.696014 -20735.289062 3351.173828 54700.234375 1.042926
692900 299.552216 -47.696957 -20735.291016 3351.174316 54700.234375 1.042926
693000 299.552216 -47.697651 -20735.291016 3351.174316 54700.234375 1.042926
693100 299.552216 -47.698753 -20735.291016 3351.174316 54700.238281 1.042926
693200 299.552246 -47.699268 -20735.291016 3351.174561 54700.234375 1.042926
693300 299.552246 -47.699142 -20735.291016 3351.174561 54700.234375 1.042926
693400 299.552246 -47.699211 -20735.291016 3351.174561 54700.234375 1.042926
693500 299.552246 -47.699024 -20735.292969 3351.174561 54700.234375 1.042926
693600 299.552246 -47.699711 -20735.294922 3351.174561 54700.234375 1.042926
693700 299.552277 -47.701839 -20735.296875 3351.174805 54700.234375 1.042926
693800 299.552277 -47.701569 -20735.298828 3351.174805 54700.222656 1.042926
693900 299.552307 -47.701302 -20735.302734 3351.175293 54700.222656 1.042926
694000 299.552307 -47.701637 -20735.306641 3351.175293 54700.222656 1.042926
694100 299.552307 -47.701130 -20735.308594 3351.175293 54700.222656 1.042926
694200 299.552307 -47.700375 -20735.310547 3351.175293 54700.218750 1.042926
694300 299.552307 -47.699772 -20735.312500 3351.175293 54700.218750 1.042926
694400 299.552338 -47.699417 -20735.314453 3351.175537 54700.210938 1.042926
694500 299.552338 -47.700218 -20735.312500 3351.175537 54700.210938 1.042926
694600 299.552338 -47.701027 -20735.314453 3351.175537 54700.210938 1.042926
694700 299.552338 -47.702049 -20735.316406 3351.175537 54700.210938 1.042926
694800 299.552338 -47.703651 -20735.320312 3351.175537 54700.207031 1.042926
694900 299.552338 -47.705021 -20735.324219 3351.175537 54700.207031 1.042926
695000 299.552368 -47.705585 -20735.324219 3351.176025 54700.207031 1.042926
695100 299.552368 -47.706100 -20735.324219 3351.176025 54700.207031 1.042926
695200 299.552368 -47.705959 -20735.326172 3351.176025 54700.207031 1.042926
695300 299.552368 -47.707577 -20735.328125 3351.176025 54700.207031 1.042926
695400 299.552368 -47.708652 -20735.328125 3351.176025 54700.207031 1.042926
695500 299.552368 -47.708572 -20735.328125 3351.176025 54700.207031 1.042926
695600 299.552368 -47.708374 -20735.332031 3351.176025 54700.207031 1.042926
695700 299.552368 -47.708744 -20735.333984 3351.176025 54700.207031 1.042926
695800 299.552399 -47.708790 -20735.335938 3351.176270 54700.207031 1.042926
695900 299.552399 -47.707504 -20735.339844 3351.176270 54700.203125 1.042927
696000 299.552399 -47.707794 -20735.339844 3351.176270 54700.203125 1.042927
696100 299.552399 -47.708527 -20735.339844 3351.176270 54700.203125 1.042927
696200 299.552429 -47.709270 -20735.339844 3351.176514 54700.203125 1.042927
696300 299.552429 -47.710117 -20735.341797 3351.176514 54700.191406 1.042927
696400 299.552460 -47.710869 -20735.341797 3351.177002 54700.191406 1.042927
696500 299.552460 -47.711411 -20735.343750 3351.177002 54700.191406 1.042927
696600 299.552460 -47.712963 -20735.345703 3351.177002 54700.191406 1.042927
696700 299.552490 -47.713928 -20735.347656 3351.177246 54700.203125 1.042927
696800 299.552490 -47.713638 -20735.349609 3351.177246 54700.191406 1.042927
696900 299.552521 -47.713604 -20735.351562 3351.177490 54700.203125 1.042927
697000 299.552521 -47.713036 -20735.349609 3351.177490 54700.203125 1.042927
697100 299.552521 -47.712761 -20735.351562 3351.177490 54700.203125 1.042927
697200 299.552521 -47.712700 -20735.353516 3351.177490 54700.191406 1.042927
697300 299.552551 -47.712761 -20735.355469 3351.177979 54700.191406 1.042927
697400 299.552551 -47.713093 -20735.357422 3351.177979 54700.187500 1.042927
697500 299.552551 -47.713470 -20735.357422 3351.177979 54700.187500 1.042927
697600 299.552551 -47.713470 -20735.357422 3351.177979 54700.187500 1.042927
697700 299.552551 -47.714439 -20735.357422 3351.177979 54700.187500 1.042927
697800 299.552551 -47.715565 -20735.359375 3351.177979 54700.187500 1.042927
697900 299.552551 -47.714714 -20735.361328 3351.177979 54700.187500 1.042927
698000 299.552582 -47.715755 -20735.365234 3351.178223 54700.179688 1.042927
698100 299.552582 -47.716522 -20735.365234 3351.178223 54700.179688 1.042927
698200 299.552582 -47.715988 -20735.369141 3351.178223 54700.175781 1.042927
698300 299.552582 -47.715595 -20735.369141 3351.178223 54700.175781 1.042927
698400 299.552582 -47.716812 -20735.369141 3351.178223 54700.175781 1.042927
698500 299.552582 -47.716423 -20735.373047 3351.178223 54700.175781 1.042927
698600 299.552582 -47.716282 -20735.375000 3351.178223 54700.171875 1.042927
698700 299.552612 -47.717224 -20735.376953 3351.178467 54700.171875 1.042927
698800 299.552612 -47.718266 -20735.376953 3351.178467 54700.171875 1.042927
698900 299.552612 -47.719627 -20735.378906 3351.178467 54700.160156 1.042927
699000 299.552612 -47.720161 -20735.380859 3351.178467 54700.160156 1.042927
699100 299.552612 -47.720860 -20735.384766 3351.178467 54700.156250 1.042927
699200 299.552612 -47.720882 -20735.386719 3351.178467 54700.156250 1.042927
699300 299.552612 -47.722393 -20735.390625 3351.178467 54700.148438 1.042928
699400 299.552612 -47.722980 -20735.392578 3351.178467 54700.148438 1.042928
699500 299.552643 -47.723644 -20735.392578 3351.178955 54700.148438 1.042928
699600 299.552673 -47.723560 -20735.392578 3351.179199 54700.148438 1.042928
699700 299.552673 -47.725258 -20735.394531 3351.179199 54700.148438 1.042928
699800 299.552673 -47.726574 -20735.396484 3351.179199 54700.148438 1.042928
699900 299.552673 -47.726952 -20735.398438 3351.179199 54700.148438 1.042928
700000 299.552673 -47.727730 -20735.400391 3351.179199 54700.148438 1.042928
