# TimeStep Temp Press PotEng KinEng Volume Density
0 298.04 -62.93 -21040.26 3350.00 54000.00 1.0442
100 298.75 -154.18 -20998.14 3350.00 54000.00 1.0455
200 299.04 -184.79 -20985.94 3350.00 54000.00 1.0455
300 299.21 -202.55 -20978.61 3350.00 54000.00 1.0455
400 299.33 -212.13 -20973.49 3350.00 54000.00 1.0455
500 299.40 -216.98 -20969.80 3350.00 54000.00 1.0455
600 299.46 -219.17 -20967.07 3350.00 54000.00 1.0455
700 299.50 -219.86 -20964.99 3350.00 54000.00 1.0456
800 299.54 -219.75 -20963.37 3350.00 54000.00 1.0456
900 299.56 -219.22 -20962.08 3350.00 54000.00 1.0457
1000 299.58 -218.50 -20961.03 3350.00 54000.00 1.0457
1100 299.60 -217.73 -20960.20 3350.00 54000.00 1.0457
1200 299.62 -216.97 -20959.52 3350.00 54000.00 1.0458
1300 299.63 -216.26 -20958.98 3350.00 54000.00 1.0458
1400 299.64 -215.62 -20958.54 3350.00 54000.00 1.0458
1500 299.64 -215.06 -20958.18 3350.00 54000.00 1.0458
1600 299.65 -214.57 -20957.90 3350.00 54000.00 1.0458
1700 299.65 -214.15 -20957.69 3350.00 54000.00 1.0458
1800 299.66 -213.79 -20957.52 3350.00 54000.00 1.0459
1900 299.66 -213.49 -20957.39 3350.00 54000.00 1.0459
2000 299.66 -213.23 -20957.29 3350.00 54000.00 1.0459
2100 299.66 -213.01 -20957.22 3350.00 54000.00 1.0459
2200 299.67 -212.83 -20957.16 3350.00 54000.00 1.0459
2300 299.67 -212.67 -20957.12 3350.00 54000.00 1.0459
2400 299.67 -212.53 -20957.08 3350.00 54000.00 1.0459
2500 299.67 -212.42 -20957.06 3350.00 54000.00 1.0459
2600 299.67 -212.33 -20957.05 3350.00 54000.00 1.0459
2700 299.67 -212.25 -20957.04 3350.00 54000.00 1.0459
2800 299.67 -212.18 -20957.04 3350.00 54000.00 1.0459
2900 299.67 -212.12 -20957.04 3350.00 54000.00 1.0459
3000 299.67 -212.07 -20957.05 3350.00 54000.00 1.0459
3100 299.67 -212.02 -20957.06 3350.00 54000.00 1.0459
3200 299.67 -211.98 -20957.07 3350.00 54000.00 1.0459
3300 299.67 -211.95 -20957.08 3350.00 54000.00 1.0459
3400 299.67 -211.92 -20957.09 3350.00 54000.00 1.0459
3500 299.67 -211.90 -20957.10 3350.00 54000.00 1.0459
3600 299.67 -211.88 -20957.11 3350.00 54000.00 1.0459
3700 299.67 -211.86 -20957.12 3350.00 54000.00 1.0459
3800 299.67 -211.85 -20957.12 3350.00 54000.00 1.0459
3900 299.67 -211.83 -20957.13 3350.00 54000.00 1.0459
4000 299.67 -211.82 -20957.14 3350.00 54000.00 1.0459
4100 299.67 -211.81 -20957.15 3350.00 54000.00 1.0459
4200 299.67 -211.80 -20957.16 3350.00 54000.00 1.0459
4300 299.67 -211.79 -20957.16 3350.00 54000.00 1.0459
4400 299.67 -211.79 -20957.17 3350.00 54000.00 1.0459
4500 299.67 -211.78 -20957.17 3350.00 54000.00 1.0459
4600 299.67 -211.78 -20957.18 3350.00 54000.00 1.0459
4700 299.67 -211.77 -20957.18 3350.00 54000.00 1.0459
4800 299.67 -211.76 -20957.18 3350.00 54000.00 1.0459
4900 299.67 -211.75 -20957.18 3350.00 54000.00 1.0459
5000 299.67 -211.75 -20957.18 3350.00 54000.00 1.0459
5100 299.67 -211.74 -20957.18 3350.00 54000.00 1.0459
5200 299.67 -211.74 -20957.18 3350.00 54000.00 1.0459
5300 299.67 -211.73 -20957.18 3350.00 54000.00 1.0459
5400 299.67 -211.73 -20957.19 3350.00 54000.00 1.0459
5500 299.67 -211.73 -20957.19 3350.00 54000.00 1.0459
5600 299.67 -211.73 -20957.19 3350.00 54000.00 1.0459
5700 299.67 -211.73 -20957.19 3350.00 54000.00 1.0459
5800 299.67 -211.73 -20957.19 3350.00 54000.00 1.0459
5900 299.67 -211.73 -20957.19 3350.00 54000.00 1.0459
6000 299.67 -211.73 -20957.20 3350.00 54000.00 1.0459
6100 299.67 -211.73 -20957.20 3350.00 54000.00 1.0459
6200 299.67 -211.72 -20957.20 3350.00 54000.00 1.0459
6300 299.67 -211.72 -20957.20 3350.00 54000.00 1.0459
6400 299.67 -211.72 -20957.20 3350.00 54000.00 1.0459
6500 299.67 -211.72 -20957.20 3350.00 54000.00 1.0459
6600 299.67 -211.72 -20957.20 3350.00 54000.00 1.0459
6700 299.67 -211.72 -20957.20 3350.00 54000.00 1.0459
6800 299.67 -211.72 -20957.20 3350.00 54000.00 1.0459
6900 299.67 -211.72 -20957.21 3350.00 54000.00 1.0459
7000 299.67 -211.72 -20957.21 3350.00 54000.00 1.0459
7100 299.67 -211.72 -20957.21 3350.00 54000.00 1.0459
7200 299.67 -211.72 -20957.21 3350.00 54000.00 1.0459
7300 299.67 -211.71 -20957.21 3350.00 54000.00 1.0459
7400 299.67 -211.71 -20957.21 3350.00 54000.00 1.0459
7500 299.67 -211.71 -20957.21 3350.00 54000.00 1.0459
7600 299.67 -211.71 -20957.21 3350.00 54000.00 1.0459
7700 299.67 -211.71 -20957.21 3350.00 54000.00 1.0459
7800 299.67 -211.71 -20957.21 3350.00 54000.00 1.0459
7900 299.67 -211.71 -20957.21 3350.00 54000.00 1.0459
8000 299.67 -211.71 -20957.21 3350.00 54000.00 1.0459
8100 299.67 -211.71 -20957.21 3350.00 54000.00 1.0459
8200 299.67 -211.71 -20957.21 3350.00 54000.00 1.0459
8300 299.67 -211.71 -20957.21 3350.00 54000.00 1.0459
8400 299.67 -211.71 -20957.21 3350.00 54000.00 1.0459
8500 299.67 -211.71 -20957.21 3350.00 54000.00 1.0459
8600 299.67 -211.71 -20957.21 3350.00 54000.00 1.0459
8700 299.67 -211.71 -20957.21 3350.00 54000.00 1.0459
8800 299.67 -211.71 -20957.21 3350.00 54000.00 1.0459
8900 299.67 -211.71 -20957.21 3350.00 54000.00 1.0459
9000 299.67 -211.71 -20957.21 3350.00 54000.00 1.0459
9100 299.67 -211.71 -20957.21 3350.00 54000.00 1.0459
9200 299.67 -211.71 -20957.21 3350.00 54000.00 1.0459
9300 299.67 -211.71 -20957.21 3350.00 54000.00 1.0459
9400 299.67 -211.71 -20957.21 3350.00 54000.00 1.0459
9500 299.67 -211.71 -20957.21 3350.00 54000.00 1.0459
9600 299.67 -211.71 -20957.21 3350.00 54000.00 1.0459
9700 299.67 -211.71 -20957.21 3350.00 54000.00 1.0459
9800 299.67 -211.71 -20957.21 3350.00 54000.00 1.0459
9900 299.67 -211.71 -20957.21 3350.00 54000.00 1.0459
10000 299.67 -211.71 -20957.21 3350.00 54000.00 1.0459
10100 299.67 -211.71 -20957.21 3350.00 54000.00 1.0459
10200 299.67 -211.71 -20957.21 3350.00 54000.00 1.0459
10300 299.67 -211.71 -20957.21 3350.00 54000.00 1.0459
10400 299.67 -211.71 -20957.21 3350.00 54000.00 1.0459
10500 299.67 -211.71 -20957.21 3350.00 54000.00 1.0459
10600 299.67 -211.71 -20957.21 3350.00 54000.00 1.0459
10700 299.67 -211.71 -20957.21 3350.00 54000.00 1.0459
10800 299.67 -211.71 -20957.21 3350.00 54000.00 1.0459
10900 299.67 -211.71 -20957.21 3350.00 54000.00 1.0459
11000 299.67 -211.71 -20957.21 3350.00 54000.00 1.0459
11100 299.67 -211.71 -20957.21 3350.00 54000.00 1.0459
11200 299.67 -211.71 -20957.21 3350.00 54000.00 1.0459
11300 299.67 -211.71 -20957.21 3350.00 54000.00 1.0459
11400 299.67 -211.71 -20957.21 3350.00 54000.00 1.0459
11500 299.67 -211.71 -20957.21 3350.00 54000.00 1.0459
11600 299.67 -211.71 -20957.21 3350.00 54000.00 1.0459
11700 299.67 -211.71 -20957.21 3350.00 54000.00 1.0459
11800 299.67 -211.71 -20957.21 3350.00 54000.00 1.0459
11900 299.67 -211.71 -20957.21 3350.00 54000.00 1.0459
12000 299.67 -211.71 -20957.21 3350.00 54000.00 1.0459
12100 299.67 -211.71 -20957.21 3350.00 54000.00 1.0459
12200 299.67 -211.71 -20957.21 3350.00 54000.00 1.0459
12300 299.67 -211.71 -20957.21 3350.00 54000.00 1.0459
12400 299.67 -211.71 -20957.21 3350.00 54000.00 1.0459
12500 299.67 -211.71 -20957.21 3350.00 54000.00 1.0459
12600 299.67 -211.71 -20957.21 3350.00 54000.00 1.0459
12700 299.67 -211.71 -20957.21 3350.00 54000.00 1.0459
12800 299.67 -211.71 -20957.21 3350.00 54000.00 1.0459
12900 299.67 -211.71 -20957.21 3350.00 54000.00 1.0459
13000 299.67 -211.71 -20957.21 3350.00 54000.00 1.0459
13100 299.67 -211.71 -20957.21 3350.00 54000.00 1.0459
13200 299.67 -211.71 -20957.21 3350.00 54000.00 1.0459
13300 299.67 -211.71 -20957.21 3350.00 54000.00 1.0459
13400 299.67 -211.71 -20957.21 3350.00 54000.00 1.0459
13500 299.67 -211.71 -20957.21 3350.00 54000.00 1.0459
13600 299.67 -211.71 -20957.21 3350.00 54000.00 1.0459
13700 299.67 -211.71 -20957.21 3350.00 54000.00 1.0459
13800 299.67 -211.71 -20957.21 3350.00 54000.00 1.0459
13900 299.67 -211.71 -20957.21 3350.00 54000.00 1.0459
14000 299.67 -211.71 -20957.21 3350.00 54000.00 1.0459
14100 299.67 -211.71 -20957.21 3350.00 54000.00 1.0459
14200 299.67 -211.71 -20957.21 3350.00 54000.00 1.0459
14300 299.67 -211.71 -20957.21 3350.00 54000.00 1.0459
14400 299.67 -211.71 -20957.21 3350.00 54000.00 1.0459
14500 299.67 -211.71 -20957.21 3350.00 54000.00 1.0459
14600 299.67 -211.71 -20957.21 3350.00 54000.00 1.0459
14700 299.67 -211.71 -20957.21 3350.00 54000.00 1.0459
14800 299.67 -211.71 -20957.21 3350.00 54000.00 1.0459
14900 299.67 -211.71 -20957.21 3350.00 54000.00 1.0459
15000 299.67 -211.71 -20957.21 3350.00 54000.00 1.0459
15100 299.67 -211.71 -20957.21 3350.00 54000.00 1.0459
15200 299.67 -211.71 -20957.21 3350.00 54000.00 1.0459
15300 299.67 -211.71 -20957.21 3350.00 54000.00 1.0459
15400 299.67 -211.71 -20957.21 3350.00 54000.00 1.0459
15500 299.67 -211.71 -20957.21 3350.00 54000.00 1.0459
15600 299.67 -211.71 -20957.21 3350.00 54000.00 1.0459
15700 299.67 -211.71 -20957.21 3350.00 54000.00 1.0459
15800 299.67 -211.71 -20957.21 3350.00 54000.00 1.0459
15900 299.67 -211.71 -20957.21 3350.00 54000.00 1.0459
16000 299.67 -211.71 -20957.21 3350.00 54000.00 1.0459
16100 299.67 -211.71 -20957.21 3350.00 54000.00 1.0459
16200 299.67 -211.71 -20957.21 3350.00 54000.00 1.0459
16300 299.67 -211.71 -20957.21 3350.00 54000.00 1.0459
16400 299.67 -211.71 -20957.21 3350.00 54000.00 1.0459
16500 299.67 -211.71 -20957.21 3350.00 54000.00 1.0459
16600 299.67 -211.71 -20957.21 3350.00 54000.00 1.0459
16700 299.67 -211.71 -20957.21 3350.00 54000.00 1.0459
16800 299.67 -211.71 -20957.21 3350.00 54000.00 1.0459
16900 299.67 -211.71 -20957.21 3350.00 54000.00 1.0459
17000 299.67 -211.71 -20957.21 3350.00 54000.00 1.0459
17100 299.67 -211.71 -20957.21 3350.00 54000.00 1.0459
17200 299.67 -211.71 -20957.21 3350.00 54000.00 1.0459
17300 299.67 -211.71 -20957.21 3350.00 54000.00 1.0459
17400 299.67 -211.71 -20957.21 3350.00 54000.00 1.0459
17500 299.67 -211.71 -20957.21 3350.00 54000.00 1.0459
17600 299.67 -211.71 -20957.21 3350.00 54000.00 1.0459
17700 299.67 -211.71 -20957.21 3350.00 54000.00 1.0459
17800 299.67 -211.71 -20957.21 3350.00 54000.00 1.0459
17900 299.67 -211.71 -20957.21 3350.00 54000.00 1.0459
18000 299.67 -211.71 -20957.21 3350.00 54000.00 1.0459
18100 299.67 -211.71 -20957.21 3350.00 54000.00 1.0459
18200 299.67 -211.71 -20957.21 3350.00 54000.00 1.0459
18300 299.67 -211.71 -20957.21 3350.00 54000.00 1.0459
18400 299.67 -211.71 -20957.21 3350.00 54000.00 1.0459
18500 299.67 -211.71 -20957.21 3350.00 54000.00 1.0459
18600 299.67 -211.71 -20957.21 3350.00 54000.00 1.0459
18700 299.67 -211.71 -20957.21 3350.00 54000.00 1.0459
18800 299.67 -211.71 -20957.21 3350.00 54000.00 1.0459
18900 299.67 -211.71 -20957.21 3350.00 54000.00 1.0459
19000 299.67 -211.71 -20957.21 3350.00 54000.00 1.0459
19100 299.67 -211.71 -20957.21 3350.00 54000.00 1.0459
19200 299.67 -211.71 -20957.21 3350.00 54000.00 1.0459
19300 299.67 -211.71 -20957.21 3350.00 54000.00 1.0459
19400 299.67 -211.71 -20957.21 3350.00 54000.00 1.0459
19500 299.67 -211.71 -20957.21 3350.00 54000.00 1.0459
19600 299.67 -211.71 -20957.21 3350.00 54000.00 1.0459
19700 299.67 -211.71 -20957.21 3350.00 54000.00 1.0459
19800 299.67 -211.71 -20957.21 3350.00 54000.00 1.0459
19900 299.67 -211.71 -20957.21 3350.00 54000.00 1.0459
20000 299.67 -211.71 -20957.21 3350.00 54000.00 1.0459
20100 299.67 -211.71 -20957.21 3350.00 54000.00 1.0459
20200 299.67 -211.71 -20957.21 3350.00 54000.00 1.0459
20300 299.67 -211.71 -20957.21 3350.00 54000.00 1.0459
20400 299.67 -211.71 -20957.21 3350.00 54000.00 1.0459
20500 299.67 -211.71 -20957.21 3350.00 54000.00 1.0459
20600 299.67 -211.71 -20957.21 3350.00 54000.00 1.0459
20700 299.67 -211.71 -20957.21 3350.00 54000.00 1.0459
20800 299.67 -211.71 -20957.21 3350.00 54000.00 1.0459
20900 299.67 -211.71 -20957.21 3350.00 54000.00 1.0459
21000 299.67 -211.71 -20957.21 3350.00 54000.00 1.0459
21100 299.67 -211.71 -20957.21 3350.00 54000.00 1.0459
21200 299.67 -211.71 -20957.21 3350.00 54000.00 1.0459
21300 299.67 -211.71 -20957.21 3350.00 54000.00 1.0459
21400 299.67 -211.71 -20957.21 3350.00 54000.00 1.0459
21500 299.67 -211.71 -20957.21 3350.00 54000.00 1.0459
21600 299.67 -211.71 -20957.21 3350.00 54000.00 1.0459
21700 299.67 -211.71 -20957.21 3350.00 54000.00 1.0459
21800 299.67 -211.71 -20957.21 3350.00 54000.00 1.0459
21900 299.67 -211.71 -20957.21 3350.00 54000.00 1.0459
22000 299.67 -211.71 -20957.21 3350.00 54000.00 1.0459
22100 299.67 -211.71 -20957.21 3350.00 54000.00 1.0459
22200 299.67 -211.71 -20957.21 3350.00 54000.00 1.0459
22300 299.67 -211.71 -20957.21 3350.00 54000.00 1.0459
22400 299.67 -211.71 -20957.21 3350.00 54000.00 1.0459
22500 299.67 -211.71 -20957.21 3350.00 54000.00 1.0459
22600 299.67 -211.71 -20957.21 3350.00 54000.00 1.0459
22700 299.67 -211.71 -20957.21 3350.00 54000.00 1.0459
22800 299.67 -211.71 -20957.21 3350.00 54000.00 1.0459
22900 299.67 -211.71 -20957.21 3350.00 54000.00 1.0459
23000 299.67 -211.71 -20957.21 3350.00 54000.00 1.0459
23100 299.67 -211.71 -20957.21 3350.00 54000.00 1.0459
23200 299.67 -211.71 -20957.21 3350.00 54000.00 1.0459
23300 299.67 -211.71 -20957.21 3350.00 54000.00 1.0459
23400 299.67 -211.71 -20957.21 3350.00 54000.00 1.0459
23500 299.67 -211.71 -20957.21 3350.00 54000.00 1.0459
23600 299.67 -211.71 -20957.21 3350.00 54000.00 1.0459
23700 299.67 -211.71 -20957.21 3350.00 54000.00 1.0459
23800 299.67 -211.71 -20957.21 3350.00 54000.00 1.0459
23900 299.67 -211.71 -20957.21 3350.00 54000.00 1.0459
24000 299.67 -211.71 -20957.21 3350.00 54000.00 1.0459
24100 299.67 -211.71 -20957.21 3350.00 54000.00 1.0459
24200 299.67 -211.71 -20957.21 3350.00 54000.00 1.0459
24300 299.67 -211.71 -20957.21 3350.00 54000.00 1.0459
24400 299.67 -211.71 -20957.21 3350.00 54000.00 1.0459
24500 299.67 -211.71 -20957.21 3350.00 54000.00 1.0459
24600 299.67 -211.71 -20957.21 3350.00 54000.00 1.0459
24700 299.67 -211.71 -20957.21 3350.00 54000.00 1.0459
24800 299.67 -211.71 -20957.21 3350.00 54000.00 1.0459
24900 299.67 -211.71 -20957.21 3350.00 54000.00 1.0459
25000 299.67 -211.71 -20957.21 3350.00 54000.00 1.0459
25100 299.67 -211.71 -20957.21 3350.00 54000.00 1.0459
25200 299.67 -211.71 -20957.21 3350.00 54000.00 1.0459
25300 299.67 -211.71 -20957.21 3350.00 54000.00 1.0459
25400 299.67 -211.71 -20957.21 3350.00 54000.00 1.0459
25500 299.67 -211.71 -20957.21 3350.00 54000.00 1.0459
25600 299.67 -211.71 -20957.21 3350.00 54000.00 1.0459
25700 299.67 -211.71 -20957.21 3350.00 54000.00 1.0459
25800 299.67 -211.71 -20957.21 3350.00 54000.00 1.0459
25900 299.67 -211.71 -20957.21 3350.00 54000.00 1.0459
26000 299.67 -211.71 -20957.21 3350.00 54000.00 1.0459
26100 299.67 -211.71 -20957.21 3350.00 54000.00 1.0459
26200 299.67 -211.71 -20957.21 3350.00 54000.00 1.0459
26300 299.67 -211.71 -20957.21 3350.00 54000.00 1.0459
26400 299.67 -211.71 -20957.21 3350.00 54000.00 1.0459
26500 299.67 -211.71 -20957.21 3350.00 54000.00 1.0459
26600 299.67 -211.71 -20957.21 3350.00 54000.00 1.0459
26700 299.67 -211.71 -20957.21 3350.00 54000.00 1.0459
26800 299.67 -211.71 -20957.21 3350.00 54000.00 1.0459
26900 299.67 -211.71 -20957.21 3350.00 54000.00 1.0459
27000 299.67 -211.71 -20957.21 3350.00 54000.00 1.0459
27100 299.67 -211.71 -20957.21 3350.00 54000.00 1.0459
27200 299.67 -211.71 -20957.21 3350.00 54000.00 1.0459
27300 299.67 -211.71 -20957.21 3350.00 54000.00 1.0459
27400 299.67 -211.71 -20957.21 3350.00 54000.00 1.0459
27500 299.67 -211.71 -20957.21 3350.00 54000.00 1.0459
27600 299.67 -211.71 -20957.21 3350.00 54000.00 1.0459
27700 299.67 -211.71 -20957.21 3350.00 54000.00 1.0459
27800 299.67 -211.71 -20957.21 3350.00 54000.00 1.0459
27900 299.67 -211.71 -20957.21 3350.00 54000.00 1.0459
28000 299.67 -211.71 -20957.21 3350.00 54000.00 1.0459
28100 299.67 -211.71 -20957.21 3350.00 54000.00 1.0459
28200 299.67 -211.71 -20957.21 3350.00 54000.00 1.0459
28300 299.67 -211.71 -20957.21 3350.00 54000.00 1.0459
28400 299.67 -211.71 -20957.21 3350.00 54000.00 1.0459
28500 299.67 -211.71 -20957.21 3350.00 54000.00 1.0459
28600 299.67 -211.71 -20957.21 3350.00 54000.00 1.0459
28700 299.67 -211.71 -20957.21 3350.00 54000.00 1.0459
28800 299.67 -211.71 -20957.21 3350.00 54000.00 1.0459
28900 299.67 -211.71 -20957.21 3350.00 54000.00 1.0459
29000 299.67 -211.71 -20957.21 3350.00 54000.00 1.0459
29100 299.67 -211.71 -20957.21 3350.00 54000.00 1.0459
29200 299.67 -211.71 -20957.21 3350.00 54000.00 1.0459
29300 299.67 -211.71 -20957.21 3350.00 54000.00 1.0459
29400 299.67 -211.71 -20957.21 3350.00 54000.00 1.0459
29500 299.67 -211.71 -20957.21 3350.00 54000.00 1.0459
29600 299.67 -211.71 -20957.21 3350.00 54000.00 1.0459
29700 299.67 -211.71 -20957.21 3350.00 54000.00 1.0459
29800 299.67 -211.71 -20957.21 3350.00 54000.00 1.0459
29900 299.67 -211.71 -20957.21 3350.00 54000.00 1.0459
30000 299.67 -211.71 -20957.21 3350.00 54000.00 1.0459
30100 299.67 -211.71 -20957.21 3350.00 54000.00 1.0459
30200 299.67 -211.71 -20957.21 3350.00 54000.00 1.0459
30300 299.67 -211.71 -20957.21 3350.00 54000.00 1.0459
30400 299.67 -211.71 -20957.21 3350.00 54000.00 1.0459
30500 299.67 -211.71 -20957.21 3350.00 54000.00 1.0459
30600 299.67 -211.71 -20957.21 3350.00 54000.00 1.0459
30700 299.67 -211.71 -20957.21 3350.00 54000.00 1.0459
30800 299.67 -211.71 -20957.21 3350.00 54000.00 1.0459
30900 299.67 -211.71 -20957.21 3350.00 54000.00 1.0459
31000 299.67 -211.71 -20957.21 3350.00 54000.00 1.0459
31100 299.67 -211.71 -20957.21 3350.00 54000.00 1.0459
31200 299.67 -211.71 -20957.21 3350.00 54000.00 1.0459
31300 299.67 -211.71 -20957.21 3350.00 54000.00 1.0459
31400 299.67 -211.71 -20957.21 3350.00 54000.00 1.0459
31500 299.67 -211.71 -20957.21 3350.00 54000.00 1.0459
31600 299.67 -211.71 -20957.21 3350.00 54000.00 1.0459
31700 299.67 -211.71 -20957.21 3350.00 54000.00 1.0459
31800 299.67 -211.71 -20957.21 3350.00 54000.00 1.0459
31900 299.67 -211.71 -20957.21 3350.00 54000.00 1.0459
32000 299.67 -211.71 -20957.21 3350.00 54000.00 1.0459
32100 299.67 -211.71 -20957.21 3350.00 54000.00 1.0459
32200 299.67 -211.71 -20957.21 3350.00 54000.00 1.0459
32300 299.67 -211.71 -20957.21 3350.00 54000.00 1.0459
32400 299.67 -211.71 -20957.21 3350.00 54000.00 1.0459
32500 299.67 -211.71 -20957.21 3350.00 54000.00 1.0459
32600 299.67 -211.71 -20957.21 3350.00 54000.00 1.0459
32700 299.67 -211.71 -20957.21 3350.00 54000.00 1.0459
32800 299.67 -211.71 -20957.21 3350.00 54000.00 1.0459
32900 299.67 -211.71 -20957.21 3350.00 54000.00 1.0459
33000 299.67 -211.71 -20957.21 3350.00 54000.00 1.0459
33100 299.67 -211.71 -20957.21 3350.00 54000.00 1.0459
33200 299.67 -211.71 -20957.21 3350.00 54000.00 1.0459
33300 299.67 -211.71 -20957.21 3350.00 54000.00 1.0459
33400 299.67 -211.71 -20957.21 3350.00 54000.00 1.0459
33500 299.67 -211.71 -20957.21 3350.00 54000.00 1.0459
33600 299.67 -211.71 -20957.21 3350.00 54000.00 1.0459
33700 299.67 -211.71 -20957.21 3350.00 54000.00 1.0459
33800 299.67 -211.71 -20957.21 3350.00 54000.00 1.0459
33900 299.67 -211.71 -20957.21 3350.00 54000.00 1.0459
34000 299.67 -211.71 -20957.21 3350.00 54000.00 1.0459
34100 299.67 -211.71 -20957.21 3350.00 54000.00 1.0459
34200 299.67 -211.71 -20957.21 3350.00 54000.00 1.0459
34300 299.67 -211.71 -20957.21 3350.00 54000.00 1.0459
34400 299.67 -211.71 -20957.21 3350.00 54000.00 1.0459
34500 299.67 -211.71 -20957.21 3350.00 54000.00 1.0459
34600 299.67 -211.71 -20957.21 3350.00 54000.00 1.0459
34700 299.67 -211.71 -20957.21 3350.00 54000.00 1.0459
34800 299.67 -211.71 -20957.21 3350.00 54000.00 1.0459
34900 299.67 -211.71 -20957.21 3350.00 54000.00 1.0459
35000 299.67 -211.71 -20957.21 3350.00 54000.00 1.0459
35100 299.67 -211.71 -20957.21 3350.00 54000.00 1.0459
35200 299.67 -211.71 -20957.21 3350.00 54000.00 1.0459
35300 299.67 -211.71 -20957.21 3350.00 54000.00 1.0459
35400 299.67 -211.71 -20957.21 3350.00 54000.00 1.0459
35500 299.67 -211.71 -20957.21 3350.00 54000.00 1.0459
35600 299.67 -211.71 -20957.21 3350.00 54000.00 1.0459
35700 299.67 -211.71 -20957.21 3350.00 54000.00 1.0459
35800 299.67 -211.71 -20957.21 3350.00 54000.00 1.0459
35900 299.67 -211.71 -20957.21 3350.00 54000.00 1.0459
36000 299.67 -211.71 -20957.21 3350.00 54000.00 1.0459
36100 299.67 -211.71 -20957.21 3350.00 54000.00 1.0459
36200 299.67 -211.71 -20957.21 3350.00 54000.00 1.0459
36300 299.67 -211.71 -20957.21 3350.00 54000.00 1.0459
36400 299.67 -211.71 -20957.21 3350.00 54000.00 1.0459
36500 299.67 -211.71 -20957.21 3350.00 54000.00 1.0459
36600 299.67 -211.71 -20957.21 3350.00 54000.00 1.0459
36700 299.67 -211.71 -20957.21 3350.00 54000.00 1.0459
36800 299.67 -211.71 -20957.21 3350.00 54000.00 1.0459
36900 299.67 -211.71 -20957.21 3350.00 54000.00 1.0459
37000 299.67 -211.71 -20957.21 3350.00 54000.00 1.0459
37100 299.67 -211.71 -20957.21 3350.00 54000.00 1.0459
37200 299.67 -211.71 -20957.21 3350.00 54000.00 1.0459
37300 299.67 -211.71 -20957.21 3350.00 54000.00 1.0459
37400 299.67 -211.71 -20957.21 3350.00 54000.00 1.0459
37500 299.67 -211.71 -20957.21 3350.00 54000.00 1.0459
37600 299.67 -211.71 -20957.21 3350.00 54000.00 1.0459
37700 299.67 -211.71 -20957.21 3350.00 54000.00 1.0459
37800 299.67 -211.71 -20957.21 3350.00 54000.00 1.0459
37900 299.67 -211.71 -20957.21 3350.00 54000.00 1.0459
38000 299.67 -211.71 -20957.21 3350.00 54000.00 1.0459
38100 299.67 -211.71 -20957.21 3350.00 54000.00 1.0459
38200 299.67 -211.71 -20957.21 3350.00 54000.00 1.0459
38300 299.67 -211.71 -20957.21 3350.00 54000.00 1.0459
38400 299.67 -211.71 -20957.21 3350.00 54000.00 1.0459
38500 299.67 -211.71 -20957.21 3350.00 54000.00 1.0459
38600 299.67 -211.71 -20957.21 3350.00 54000.00 1.0459
38700 299.67 -211.71 -20957.21 3350.00 54000.00 1.0459
38800 299.67 -211.71 -20957.21 3350.00 54000.00 1.0459
38900 299.67 -211.71 -20957.21 3350.00 54000.00 1.0459
39000 299.67 -211.71 -20957.21 3350.00 54000.00 1.0459
39100 299.67 -211.71 -20957.21 3350.00 54000.00 1.0459
39200 299.67 -211.71 -20957.21 3350.00 54000.00 1.0459
39300 299.67 -211.71 -20957.21 3350.00 54000.00 1.0459
39400 299.67 -211.71 -20957.21 3350.00 54000.00 1.0459
39500 299.67 -211.71 -20957.21 3350.00 54000.00 1.0459
39600 299.67 -211.71 -20957.21 3350.00 54000.00 1.0459
39700 299.67 -211.71 -20957.21 3350.00 54000.00 1.0459
39800 299.67 -211.71 -20957.21 3350.00 54000.00 1.0459
39900 299.67 -211.71 -20957.21 3350.00 54000.00 1.0459
40000 299.67 -211.71 -20957.21 3350.00 54000.00 1.0459
40100 299.67 -211.71 -20957.21 3350.00 54000.00 1.0459
40200 299.67 -211.71 -20957.21 3350.00 54000.00 1.0459
40300 299.67 -211.71 -20957.21 3350.00 54000.00 1.0459
40400 299.67 -211.71 -20957.21 3350.00 54000.00 1.0459
40500 299.67 -211.71 -20957.21 3350.00 54000.00 1.0459
40600 299.67 -211.71 -20957.21 3350.00 54000.00 1.0459
40700 299.67 -211.71 -20957.21 3350.00 54000.00 1.0459
40800 299.67 -211.71 -20957.21 3350.00 54000.00 1.0459
40900 299.67 -211.71 -20957.21 3350.00 54000.00 1.0459
41000 299.67 -211.71 -20957.21 3350.00 54000.00 1.0459
41100 299.67 -211.71 -20957.21 3350.00 54000.00 1.0459
41200 299.67 -211.71 -20957.21 3350.00 54000.00 1.0459
41300 299.67 -211.71 -20957.21 3350.00 54000.00 1.0459
41400 299.67 -211.71 -20957.21 3350.00 54000.00 1.0459
41500 299.67 -211.71 -20957.21 3350.00 54000.00 1.0459
41600 299.67 -211.71 -20957.21 3350.00 54000.00 1.0459
41700 299.67 -211.71 -20957.21 3350.00 54000.00 1.0459
41800 299.67 -211.71 -20957.21 3350.00 54000.00 1.0459
41900 299.67 -211.71 -20957.21 3350.00 54000.00 1.0459
42000 299.67 -211.71 -20957.21 3350.00 54000.00 1.0459
42100 299.67 -211.71 -20957.21 3350.00 54000.00 1.0459
42200 299.67 -211.71 -20957.21 3350.00 54000.00 1.0459
42300 299.67 -211.71 -20957.21 3350.00 54000.00 1.0459
42400 299.67 -211.71 -20957.21 3350.00 54000.00 1.0459
42500 299.67 -211.71 -20957.21 3350.00 54000.00 1.0459
42600 299.67 -211.71 -20957.21 3350.00 54000.00 1.0459
42700 299.67 -211.71 -20957.21 3350.00 54000.00 1.0459
42800 299.67 -211.71 -20957.21 3350.00 54000.00 1.0459
42900 299.67 -211.71 -20957.21 3350.00 54000.00 1.0459
43000 299.67 -211.71 -20957.21 3350.00 54000.00 1.0459
43100 299.67 -211.71 -20957.21 3350.00 54000.00 1.0459
43200 299.67 -211.71 -20957.21 3350.00 54000.00 1.0459
43300 299.67 -211.71 -20957.21 3350.00 54000.00 1.0459
43400 299.67 -211.71 -20957.21 3350.00 54000.00 1.0459
43500 299.67 -211.71 -20957.21 3350.00 54000.00 1.0459
43600 299.67 -211.71 -20957.21 3350.00 54000.00 1.0459
43700 299.67 -211.71 -20957.21 3350.00 54000.00 1.0459
43800 299.67 -211.71 -20957.21 3350.00 54000.00 1.0459
43900 299.67 -211.71 -20957.21 3350.00 54000.00 1.0459
44000 299.67 -211.71 -20957.21 3350.00 54000.00 1.0459
44100 299.67 -211.71 -20957.21 3350.00 54000.00 1.0459
44200 299.67 -211.71 -20957.21 3350.00 54000.00 1.0459
44300 299.67 -211.71 -20957.21 3350.00 54000.00 1.0459
44400 299.67 -211.71 -20957.21 3350.00 54000.00 1.0459
44500 299.67 -211.71 -20957.21 3350.00 54000.00 1.0459
44600 299.67 -211.71 -20957.21 3350.00 54000.00 1.0459
44700 299.67 -211.71 -20957.21 3350.00 54000.00 1.0459
44800 299.67 -211.71 -20957.21 3350.00 54000.00 1.0459
44900 299.67 -211.71 -20957.21 3350.00 54000.00 1.0459
45000 299.67 -211.71 -20957.21 3350.00 54000.00 1.0459
45100 299.67 -211.71 -20957.21 3350.00 54000.00 1.0459
45200 299.67 -211.71 -20957.21 3350.00 54000.00 1.0459
45300 299.67 -211.71 -20957.21 3350.00 54000.00 1.0459
45400 299.67 -211.71 -20957.21 3350.00 54000.00 1.0459
45500 299.67 -211.71 -20957.21 3350.00 54000.00 1.0459
45600 299.67 -211.71 -20957.21 3350.00 54000.00 1.0459
45700 299.67 -211.71 -20957.21 3350.00 54000.00 1.0459
45800 299.67 -211.71 -20957.21 3350.00 54000.00 1.0459
45900 299.67 -211.71 -20957.21 3350.00 54000.00 1.0459
46000 299.67 -211.71 -20957.21 3350.00 54000.00 1.0459
46100 299.67 -211.71 -20957.21 3350.00 54000.00 1.0459
46200 299.67 -211.71 -20957.21 3350.00 54000.00 1.0459
46300 299.67 -211.71 -20957.21 3350.00 54000.00 1.0459
46400 299.67 -211.71 -20957.21 3350.00 54000.00 1.0459
46500 299.67 -211.71 -20957.21 3350.00 54000.00 1.0459
46600 299.67 -211.71 -20957.21 3350.00 54000.00 1.0459
46700 299.67 -211.71 -20957.21 3350.00 54000.00 1.0459
46800 299.67 -211.71 -20957.21 3350.00 54000.00 1.0459
46900 299.67 -211.71 -20957.21 3350.00 54000.00 1.0459
47000 299.67 -211.71 -20957.21 3350.00 54000.00 1.0459
47100 299.67 -211.71 -20957.21 3350.00 54000.00 1.0459
47200 299.67 -211.71 -20957.21 3350.00 54000.00 1.0459
47300 299.67 -211.71 -20957.21 3350.00 54000.00 1.0459
47400 299.67 -211.71 -20957.21 3350.00 54000.00 1.0459
47500 299.67 -211.71 -20957.21 3350.00 54000.00 1.0459
47600 299.67 -211.71 -20957.21 3350.00 54000.00 1.0459
47700 299.67 -211.71 -20957.21 3350.00 54000.00 1.0459
47800 299.67 -211.71 -20957.21 3350.00 54000.00 1.0459
47900 299.67 -211.71 -20957.21 3350.00 54000.00 1.0459
48000 299.67 -211.71 -20957.21 3350.00 54000.00 1.0459
48100 299.67 -211.71 -20957.21 3350.00 54000.00 1.0459
48200 299.67 -211.71 -20957.21 3350.00 54000.00 1.0459
48300 299.67 -211.71 -20957.21 3350.00 54000.00 1.0459
48400 299.67 -211.71 -20957.21 3350.00 54000.00 1.0459
48500 299.67 -211.71 -20957.21 3350.00 54000.00 1.0459
48600 299.67 -211.71 -20957.21 3350.00 54000.00 1.0459
48700 299.67 -211.71 -20957.21 3350.00 54000.00 1.0459
48800 299.67 -211.71 -20957.21 3350.00 54000.00 1.0459
48900 299.67 -211.71 -20957.21 3350.00 54000.00 1.0459
49000 299.67 -211.71 -20957.21 3350.00 54000.00 1.0459
49100 299.67 -211.71 -20957.21 3350.00 54000.00 1.0459
49200 299.67 -211.71 -20957.21 3350.00 54000.00 1.0459
49300 299.67 -211.71 -20957.21 3350.00 54000.00 1.0459
49400 299.67 -211.71 -20957.21 3350.00 54000.00 1.0459
49500 299.67 -211.71 -20957.21 3350.00 54000.00 1.0459
49600 299.67 -211.71 -20957.21 3350.00 54000.00 1.0459
49700 299.67 -211.71 -20957.21 3350.00 54000.00 1.0459
49800 299.67 -211.71 -20957.21 3350.00 54000.00 1.0459
49900 299.67 -211.71 -20957.21 3350.00 54000.00 1.0459
50000 299.67 -211.71 -20957.21 3350.00 54000.00 1.0459
50100 299.67 -211.71 -20957.21 3350.00 54000.00 1.0459
50200 299.67 -211.71 -20957.21 3350.00 54000.00 1.0459
50300 299.67 -211.71 -20957.21 3350.00 54000.00 1.0459
50400 299.67 -211.71 -20957.21 3350.00 54000.00 1.0459
50500 299.67 -211.71 -20957.21 3350.00 54000.00 1.0459
50600 299.67 -211.71 -20957.21 3350.00 54000.00 1.0459
50700 299.67 -211.71 -20957.21 3350.00 54000.00 1.0459
50800 299.67 -211.71 -20957.21 3350.00 54000.00 1.0459
50900 299.67 -211.71 -20957.21 3350.00 54000.00 1.0459
51000 299.67 -211.71 -20957.21 3350.00 54000.00 1.0459
51100 299.67 -211.71 -20957.21 3350.00 54000.00 1.0459
51200 299.67 -211.71 -20957.21 3350.00 54000.00 1.0459
51300 299.67 -211.71 -20957.21 3350.00 54000.00 1.0459
51400 299.67 -211.71 -20957.21 3350.00 54000.00 1.0459
51500 299.67 -211.71 -20957.21 3350.00 54000.00 1.0459
51600 299.67 -211.71 -20957.21 3350.00 54000.00 1.0459
51700 299.67 -211.71 -20957.21 3350.00 54000.00 1.0459
51800 299.67 -211.71 -20957.21 3350.00 54000.00 1.0459
51900 299.67 -211.71 -20957.21 3350.00 54000.00 1.0459
52000 299.67 -211.71 -20957.21 3350.00 54000.00 1.0459
52100 299.67 -211.71 -20957.21 3350.00 54000.00 1.0459
52200 299.67 -211.71 -20957.21 3350.00 54000.00 1.0459
52300 299.67 -211.71 -20957.21 3350.00 54000.00 1.0459
52400 299.67 -211.71 -20957.21 3350.00 54000.00 1.0459
52500 299.67 -211.71 -20957.21 3350.00 54000.00 1.0459
52600 299.67 -211.71 -20957.21 3350.00 54000.00 1.0459
52700 299.67 -211.71 -20957.21 3350.00 54000.00 1.0459
52800 299.67 -211.71 -20957.21 3350.00 54000.00 1.0459
52900 299.67 -211.71 -20957.21 3350.00 54000.00 1.0459
53000 299.67 -211.71 -20957.21 3350.00 54000.00 1.0459
53100 299.67 -211.71 -20957.21 3350.00 54000.00 1.0459
53200 299.67 -211.71 -20957.21 3350.00 54000.00 1.0459
53300 299.67 -211.71 -20957.21 3350.00 54000.00 1.0459
53400 299.67 -211.71 -20957.21 3350.00 54000.00 1.0459
53500 299.67 -211.71 -20957.21 3350.00 54000.00 1.0459
53600 299.67 -211.71 -20957.21 3350.00 54000.00 1.0459
53700 299.67 -211.71 -20957.21 3350.00 54000.00 1.0459
53800 299.67 -211.71 -20957.21 3350.00 54000.00 1.0459
53900 299.67 -211.71 -20957.21 3350.00 54000.00 1.0459
54000 299.67 -211.71 -20957.21 3350.00 54000.00 1.0459
54100 299.67 -211.71 -20957.21 3350.00 54000.00 1.0459
54200 299.67 -211.71 -20957.21 3350.00 54000.00 1.0459
54300 299.67 -211.71 -20957.21 3350.00 54000.00 1.0459
54400 299.67 -211.71 -20957.21 3350.00 54000.00 1.0459
54500 299.67 -211.71 -20957.21 3350.00 54000.00 1.0459
54600 299.67 -211.71 -20957.21 3350.00 54000.00 1.0459
54700 299.67 -211.71 -20957.21 3350.00 54000.00 1.0459
54800 299.67 -211.71 -20957.21 3350.00 54000.00 1.0459
54900 299.67 -211.71 -20957.21 3350.00 54000.00 1.0459
55000 299.67 -211.71 -20957.21 3350.00 54000.00 1.0459
55100 299.67 -211.71 -20957.21 3350.00 54000.00 1.0459
55200 299.67 -211.71 -20957.21 3350.00 54000.00 1.0459
55300 299.67 -211.71 -20957.21 3350.00 54000.00 1.0459
55400 299.67 -211.71 -20957.21 3350.00 54000.00 1.0459
55500 299.67 -211.71 -20957.21 3350.00 54000.00 1.0459
55600 299.67 -211.71 -20957.21 3350.00 54000.00 1.0459
55700 299.67 -211.71 -20957.21 3350.00 54000.00 1.0459
55800 299.67 -211.71 -20957.21 3350.00 54000.00 1.0459
55900 299.67 -211.71 -20957.21 3350.00 54000.00 1.0459
56000 299.67 -211.71 -20957.21 3350.00 54000.00 1.0459
56100 299.67 -211.71 -20957.21 3350.00 54000.00 1.0459
56200 299.67 -211.71 -20957.21 3350.00 54000.00 1.0459
56300 299.67 -211.71 -20957.21 3350.00 54000.00 1.0459
56400 299.67 -211.71 -20957.21 3350.00 54000.00 1.0459
56500 299.67 -211.71 -20957.21 3350.00 54000.00 1.0459
56600 299.67 -211.71 -20957.21 3350.00 54000.00 1.0459
56700 299.67 -211.71 -20957.21 3350.00 54000.00 1.0459
56800 299.67 -211.71 -20957.21 3350.00 54000.00 1.0459
56900 299.67 -211.71 -20957.21 3350.00 54000.00 1.0459
57000 299.67 -211.71 -20957.21 3350.00 54000.00 1.0459
57100 299.67 -211.71 -20957.21 3350.00 54000.00 1.0459
57200 299.67 -211.71 -20957.21 3350.00 54000.00 1.0459
57300 299.67 -211.71 -20957.21 3350.00 54000.00 1.0459
57400 299.67 -211.71 -20957.21 3350.00 54000.00 1.0459
57500 299.67 -211.71 -20957.21 3350.00 54000.00 1.0459
57600 299.67 -211.71 -20957.21 3350.00 54000.00 1.0459
57700 299.67 -211.71 -20957.21 3350.00 54000.00 1.0459
57800 299.67 -211.71 -20957.21 3350.00 54000.00 1.0459
57900 299.67 -211.71 -20957.21 3350.00 54000.00 1.0459
58000 299.67 -211.71 -20957.21 3350.00 54000.00 1.0459
58100 299.67 -211.71 -20957.21 3350.00 54000.00 1.0459
58200 299.67 -211.71 -20957.21 3350.00 54000.00 1.0459
58300 299.67 -211.71 -20957.21 3350.00 54000.00 1.0459
58400 299.67 -211.71 -20957.21 3350.00 54000.00 1.0459
58500 299.67 -211.71 -20957.21 3350.00 54000.00 1.0459
58600 299.67 -211.71 -20957.21 3350.00 54000.00 1.0459
58700 299.67 -211.71 -20957.21 3350.00 54000.00 1.0459
58800 299.67 -211.71 -20957.21 3350.00 54000.00 1.0459
58900 299.67 -211.71 -20957.21 3350.00 54000.00 1.0459
59000 299.67 -211.71 -20957.21 3350.00 54000.00 1.0459
59100 299.67 -211.71 -20957.21 3350.00 54000.00 1.0459
59200 299.67 -211.71 -20957.21 3350.00 54000.00 1.0459
59300 299.67 -211.71 -20957.21 3350.00 54000.00 1.0459
59400 299.67 -211.71 -20957.21 3350.00 54000.00 1.0459
59500 299.67 -211.71 -20957.21 3350.00 54000.00 1.0459
59600 299.67 -211.71 -20957.21 3350.00 54000.00 1.0459
59700 299.67 -211.71 -20957.21 3350.00 54000.00 1.0459
59800 299.67 -211.71 -20957.21 3350.00 54000.00 1.0459
59900 299.67 -211.71 -20957.21 3350.00 54000.00 1.0459
60000 299.67 -211.71 -20957.21 3350.00 54000.00 1.0459
60100 299.67 -211.71 -20957.21 3350.00 54000.00 1.0459
60200 299.67 -211.71 -20957.21 3350.00 54000.00 1.0459
60300 299.67 -211.71 -20957.21 3350.00 54000.00 1.0459
60400 299.67 -211.71 -20957.21 3350.00 54000.00 1.0459
60500 299.67 -211.71 -20957.21 3350.00 54000.00 1.0459
60600 299.67 -211.71 -20957.21 3350.00 54000.00 1.0459
60700 299.67 -211.71 -20957.21 3350.00 54000.00 1.0459
60800 299.67 -211.71 -20957.21 3350.00 54000.00 1.0459
60900 299.67 -211.71 -20957.21 3350.00 54000.00 1.0459
61000 299.67 -211.71 -20957.21 3350.00 54000.00 1.0459
61100 299.67 -211.71 -20957.21 3350.00 54000.00 1.0459
61200 299.67 -211.71 -20957.21 3350.00 54000.00 1.0459
61300 299.67 -211.71 -20957.21 3350.00 54000.00 1.0459
61400 299.67 -211.71 -20957.21 3350.00 54000.00 1.0459
61500 299.67 -211.71 -20957.21 3350.00 54000.00 1.0459
61600 299.67 -211.71 -20957.21 3350.00 54000.00 1.0459
61700 299.67 -211.71 -20957.21 3350.00 54000.00 1.0459
61800 299.67 -211.71 -20957.21 3350.00 54000.00 1.0459
61900 299.67 -211.71 -20957.21 3350.00 54000.00 1.0459
62000 299.67 -211.71 -20957.21 3350.00 54000.00 1.0459
62100 299.67 -211.71 -20957.21 3350.00 54000.00 1.0459
62200 299.67 -211.71 -20957.21 3350.00 54000.00 1.0459
62300 299.67 -211.71 -20957.21 3350.00 54000.00 1.0459
62400 299.67 -211.71 -20957.21 3350.00 54000.00 1.0459
62500 299.67 -211.71 -20957.21 3350.00 54000.00 1.0459
62600 299.67 -211.71 -20957.21 3350.00 54000.00 1.0459
62700 299.67 -211.71 -20957.21 3350.00 54000.00 1.0459
62800 299.67 -211.71 -20957.21 3350.00 54000.00 1.0459
62900 299.67 -211.71 -20957.21 3350.00 54000.00 1.0459
63000 299.67 -211.71 -20957.21 3350.00 54000.00 1.0459
63100 299.67 -211.71 -20957.21 3350.00 54000.00 1.0459
63200 299.67 -211.71 -20957.21 3350.00 54000.00 1.0459
63300 299.67 -211.71 -20957.21 3350.00 54000.00 1.0459
63400 299.67 -211.71 -20957.21 3350.00 54000.00 1.0459
63500 299.67 -211.71 -20957.21 3350.00 54000.00 1.0459
63600 299.67 -211.71 -20957.21 3350.00 54000.00 1.0459
63700 299.67 -211.71 -20957.21 3350.00 54000.00 1.0459
63800 299.67 -211.71 -20957.21 3350.00 54000.00 1.0459
63900 299.67 -211.71 -20957.21 3350.00 54000.00 1.0459
64000 299.67 -211.71 -20957.21 3350.00 54000.00 1.0459
64100 299.67 -211.71 -20957.21 3350.00 54000.00 1.0459
64200 299.67 -211.71 -20957.21 3350.00 54000.00 1.0459
64300 299.67 -211.71 -20957.21 3350.00 54000.00 1.0459
64400 299.67 -211.71 -20957.21 3350.00 54000.00 1.0459
64500 299.67 -211.71 -20957.21 3350.00 54000.00 1.0459
64600 299.67 -211.71 -20957.21 3350.00 54000.00 1.0459
64700 299.67 -211.71 -20957.21 3350.00 54000.00 1.0459
64800 299.67 -211.71 -20957.21 3350.00 54000.00 1.0459
64900 299.67 -211.71 -20957.21 3350.00 54000.00 1.0459
65000 299.67 -211.71 -20957.21 3350.00 54000.00 1.0459
65100 299.67 -211.71 -20957.21 3350.00 54000.00 1.0459
65200 299.67 -211.71 -20957.21 3350.00 54000.00 1.0459
65300 299.67 -211.71 -20957.21 3350.00 54000.00 1.0459
65400 299.67 -211.71 -20957.21 3350.00 54000.00 1.0459
65500 299.67 -211.71 -20957.21 3350.00 54000.00 1.0459
65600 299.67 -211.71 -20957.21 3350.00 54000.00 1.0459
65700 299.67 -211.71 -20957.21 3350.00 54000.00 1.0459
65800 299.67 -211.71 -20957.21 3350.00 54000.00 1.0459
65900 299.67 -211.71 -20957.21 3350.00 54000.00 1.0459
66000 299.67 -211.71 -20957.21 3350.00 54000.00 1.0459
66100 299.67 -211.71 -20957.21 3350.00 54000.00 1.0459
66200 299.67 -211.71 -20957.21 3350.00 54000.00 1.0459
66300 299.67 -211.71 -20957.21 3350.00 54000.00 1.0459
66400 299.67 -211.71 -20957.21 3350.00 54000.00 1.0459
66500 299.67 -211.71 -20957.21 3350.00 54000.00 1.0459
66600 299.67 -211.71 -20957.21 3350.00 54000.00 1.0459
66700 299.67 -211.71 -20957.21 3350.00 54000.00 1.0459
66800 299.67 -211.71 -20957.21 3350.00 54000.00 1.0459
66900 299.67 -211.71 -20957.21 3350.00 54000.00 1.0459
67000 299.67 -211.71 -20957.21 3350.00 54000.00 1.0459
67100 299.67 -211.71 -20957.21 3350.00 54000.00 1.0459
67200 299.67 -211.71 -20957.21 3350.00 54000.00 1.0459
67300 299.67 -211.71 -20957.21 3350.00 54000.00 1.0459
67400 299.67 -211.71 -20957.21 3350.00 54000.00 1.0459
67500 299.67 -211.71 -20957.21 3350.00 54000.00 1.0459
67600 299.67 -211.71 -20957.21 3350.00 54000.00 1.0459
67700 299.67 -211.71 -20957.21 3350.00 54000.00 1.0459
67800 299.67 -211.71 -20957.21 3350.00 54000.00 1.0459
67900 299.67 -211.71 -20957.21 3350.00 54000.00 1.0459
68000 299.67 -211.71 -20957.21 3350.00 54000.00 1.0459
68100 299.67 -211.71 -20957.21 3350.00 54000.00 1.0459
68200 299.67 -211.71 -20957.21 3350.00 54000.00 1.0459
68300 299.67 -211.71 -20957.21 3350.00 54000.00 1.0459
68400 299.67 -211.71 -20957.21 3350.00 54000.00 1.0459
68500 299.67 -211.71 -20957.21 3350.00 54000.00 1.0459
68600 299.67 -211.71 -20957.21 3350.00 54000.00 1.0459
68700 299.67 -211.71 -20957.21 3350.00 54000.00 1.0459
68800 299.67 -211.71 -20957.21 3350.00 54000.00 1.0459
68900 299.67 -211.71 -20957.21 3350.00 54000.00 1.0459
69000 299.67 -211.71 -20957.21 3350.00 54000.00 1.0459
69100 299.67 -211.71 -20957.21 3350.00 54000.00 1.0459
69200 299.67 -211.71 -20957.21 3350.00 54000.00 1.0459
69300 299.67 -211.71 -20957.21 3350.00 54000.00 1.0459
69400 299.67 -211.71 -20957.21 3350.00 54000.00 1.0459
69500 299.67 -211.71 -20957.21 3350.00 54000.00 1.0459
69600 299.67 -211.71 -20957.21 3350.00 54000.00 1.0459
69700 299.67 -211.71 -20957.21 3350.00 54000.00 1.0459
69800 299.67 -211.71 -20957.21 3350.00 54000.00 1.0459
69900 299.67 -211.71 -20957.21 3350.00 54000.00 1.0459
70000 299.67 -211.71 -20957.21 3350.00 54000.00 1.0459
70100 299.67 -211.71 -20957.21 3350.00 54000.00 1.0459
70200 299.67 -211.71 -20957.21 3350.00 54000.00 1.0459
70300 299.67 -211.71 -20957.21 3350.00 54000.00 1.0459
70400 299.67 -211.71 -20957.21 3350.00 54000.00 1.0459
70500 299.67 -211.71 -20957.21 3350.00 54000.00 1.0459
70600 299.67 -211.71 -20957.21 3350.00 54000.00 1.0459
70700 299.67 -211.71 -20957.21 3350.00 54000.00 1.0459
70800 299.67 -211.71 -20957.21 3350.00 54000.00 1.0459
70900 299.67 -211.71 -20957.21 3350.00 54000.00 1.0459
71000 299.67 -211.71 -20957.21 3350.00 54000.00 1.0459
71100 299.67 -211.71 -20957.21 3350.00 54000.00 1.0459
71200 299.67 -211.71 -20957.21 3350.00 54000.00 1.0459
71300 299.67 -211.71 -20957.21 3350.00 54000.00 1.0459
71400 299.67 -211.71 -20957.21 3350.00 54000.00 1.0459
71500 299.67 -211.71 -20957.21 3350.00 54000.00 1.0459
71600 299.67 -211.71 -20957.21 3350.00 54000.00 1.0459
71700 299.67 -211.71 -20957.21 3350.00 54000.00 1.0459
71800 299.67 -211.71 -20957.21 3350.00 54000.00 1.0459
71900 299.67 -211.71 -20957.21 3350.00 54000.00 1.0459
72000 299.67 -211.71 -20957.21 3350.00 54000.00 1.0459
72100 299.67 -211.71 -20957.21 3350.00 54000.00 1.0459
72200 299.67 -211.71 -20957.21 3350.00 54000.00 1.0459
72300 299.67 -211.71 -20957.21 3350.00 54000.00 1.0459
72400 299.67 -211.71 -20957.21 3350.00 54000.00 1.0459
72500 299.67 -211.71 -20957.21 3350.00 54000.00 1.0459
72600 299.67 -211.71 -20957.21 3350.00 54000.00 1.0459
72700 299.67 -211.71 -20957.21 3350.00 54000.00 1.0459
72800 299.67 -211.71 -20957.21 3350.00 54000.00 1.0459
72900 299.67 -211.71 -20957.21 3350.00 54000.00 1.0459
73000 299.67 -211.71 -20957.21 3350.00 54000.00 1.0459
73100 299.67 -211.71 -20957.21 3350.00 54000.00 1.0459
73200 299.67 -211.71 -20957.21 3350.00 54000.00 1.0459
73300 299.67 -211.71 -20957.21 3350.00 54000.00 1.0459
73400 299.67 -211.71 -20957.21 3350.00 54000.00 1.0459
73500 299.67 -211.71 -20957.21 3350.00 54000.00 1.0459
73600 299.67 -211.71 -20957.21 3350.00 54000.00 1.0459
73700 299.67 -211.71 -20957.21 3350.00 54000.00 1.0459
73800 299.67 -211.71 -20957.21 3350.00 54000.00 1.0459
73900 299.67 -211.71 -20957.21 3350.00 54000.00 1.0459
74000 299.67 -211.71 -20957.21 3350.00 54000.00 1.0459
74100 299.67 -211.71 -20957.21 3350.00 54000.00 1.0459
74200 299.67 -211.71 -20957.21 3350.00 54000.00 1.0459
74300 299.67 -211.71 -20957.21 3350.00 54000.00 1.0459
74400 299.67 -211.71 -20957.21 3350.00 54000.00 1.0459
74500 299.67 -211.71 -20957.21 3350.00 54000.00 1.0459
74600 299.67 -211.71 -20957.21 3350.00 54000.00 1.0459
74700 299.67 -211.71 -20957.21 3350.00 54000.00 1.0459
74800 299.67 -211.71 -20957.21 3350.00 54000.00 1.0459
74900 299.67 -211.71 -20957.21 3350.00 54000.00 1.0459
75000 299.67 -211.71 -20957.21 3350.00 54000.00 1.0459
75100 299.67 -211.71 -20957.21 3350.00 54000.00 1.0459
75200 299.67 -211.71 -20957.21 3350.00 54000.00 1.0459
75300 299.67 -211.71 -20957.21 3350.00 54000.00 1.0459
75400 299.67 -211.71 -20957.21 3350.00 54000.00 1.0459
75500 299.67 -211.71 -20957.21 3350.00 54000.00 1.0459
75600 299.67 -211.71 -20957.21 3350.00 54000.00 1.0459
75700 299.67 -211.71 -20957.21 3350.00 54000.00 1.0459
75800 299.67 -211.71 -20957.21 3350.00 54000.00 1.0459
75900 299.67 -211.71 -20957.21 3350.00 54000.00 1.0459
76000 299.67 -211.71 -20957.21 3350.00 54000.00 1.0459
76100 299.67 -211.71 -20957.21 3350.00 54000.00 1.0459
76200 299.67 -211.71 -20957.21 3350.00 54000.00 1.0459
76300 299.67 -211.71 -20957.21 3350.00 54000.00 1.0459
76400 299.67 -211.71 -20957.21 3350.00 54000.00 1.0459
76500 299.67 -211.71 -20957.21 3350.00 54000.00 1.0459
76600 299.67 -211.71 -20957.21 3350.00 54000.00 1.0459
76700 299.67 -211.71 -20957.21 3350.00 54000.00 1.0459
76800 299.67 -211.71 -20957.21 3350.00 54000.00 1.0459
76900 299.67 -211.71 -20957.21 3350.00 54000.00 1.0459
77000 299.67 -211.71 -20957.21 3350.00 54000.00 1.0459
77100 299.67 -211.71 -20957.21 3350.00 54000.00 1.0459
77200 299.67 -211.71 -20957.21 3350.00 54000.00 1.0459
77300 299.67 -211.71 -20957.21 3350.00 54000.00 1.0459
77400 299.67 -211.71 -20957.21 3350.00 54000.00 1.0459
77500 299.67 -211.71 -20957.21 3350.00 54000.00 1.0459
77600 299.67 -211.71 -20957.21 3350.00 54000.00 1.0459
77700 299.67 -211.71 -20957.21 3350.00 54000.00 1.0459
77800 299.67 -211.71 -20957.21 3350.00 54000.00 1.0459
77900 299.67 -211.71 -20957.21 3350.00 54000.00 1.0459
78000 299.67 -211.71 -20957.21 3350.00 54000.00 1.0459
78100 299.67 -211.71 -20957.21 3350.00 54000.00 1.0459
78200 299.67 -211.71 -20957.21 3350.00 54000.00 1.0459
78300 299.67 -211.71 -20957.21 3350.00 54000.00 1.0459
78400 299.67 -211.71 -20957.21 3350.00 54000.00 1.0459
78500 299.67 -211.71 -20957.21 3350.00 54000.00 1.0459
78600 299.67 -211.71 -20957.21 3350.00 54000.00 1.0459
78700 299.67 -211.71 -20957.21 3350.00 54000.00 1.0459
78800 299.67 -211.71 -20957.21 3350.00 54000.00 1.0459
78900 299.67 -211.71 -20957.21 3350.00 54000.00 1.0459
79000 299.67 -211.71 -20957.21 3350.00 54000.00 1.0459
79100 299.67 -211.71 -20957.21 3350.00 54000.00 1.0459
79200 299.67 -211.71 -20957.21 3350.00 54000.00 1.0459
79300 299.67 -211.71 -20957.21 3350.00 54000.00 1.0459
79400 299.67 -211.71 -20957.21 3350.00 54000.00 1.0459
79500 299.67 -211.71 -20957.21 3350.00 54000.00 1.0459
79600 299.67 -211.71 -20957.21 3350.00 54000.00 1.0459
79700 299.67 -211.71 -20957.21 3350.00 54000.00 1.0459
79800 299.67 -211.71 -20957.21 3350.00 54000.00 1.0459
79900 299.67 -211.71 -20957.21 3350.00 54000.00 1.0459
80000 299.67 -211.71 -20957.21 3350.00 54000.00 1.0459
80100 299.67 -211.71 -20957.21 3350.00 54000.00 1.0459
80200 299.67 -211.71 -20957.21 3350.00 54000.00 1.0459
80300 299.67 -211.71 -20957.21 3350.00 54000.00 1.0459
80400 299.67 -211.71 -20957.21 3350.00 54000.00 1.0459
80500 299.67 -211.71 -20957.21 3350.00 54000.00 1.0459
80600 299.67 -211.71 -20957.21 3350.00 54000.00 1.0459
80700 299.67 -211.71 -20957.21 3350.00 54000.00 1.0459
80800 299.67 -211.71 -20957.21 3350.00 54000.00 1.0459
80900 299.67 -211.71 -20957.21 3350.00 54000.00 1.0459
81000 299.67 -211.71 -20957.21 3350.00 54000.00 1.0459
81100 299.67 -211.71 -20957.21 3350.00 54000.00 1.0459
81200 299.67 -211.71 -20957.21 3350.00 54000.00 1.0459
81300 299.67 -211.71 -20957.21 3350.00 54000.00 1.0459
81400 299.67 -211.71 -20957.21 3350.00 54000.00 1.0459
81500 299.67 -211.71 -20957.21 3350.00 54000.00 1.0459
81600 299.67 -211.71 -20957.21 3350.00 54000.00 1.0459
81700 299.67 -211.71 -20957.21 3350.00 54000.00 1.0459
81800 299.67 -211.71 -20957.21 3350.00 54000.00 1.0459
81900 299.67 -211.71 -20957.21 3350.00 54000.00 1.0459
82000 299.67 -211.71 -20957.21 3350.00 54000.00 1.0459
82100 299.67 -211.71 -20957.21 3350.00 54000.00 1.0459
82200 299.67 -211.71 -20957.21 3350.00 54000.00 1.0459
82300 299.67 -211.71 -20957.21 3350.00 54000.00 1.0459
82400 299.67 -211.71 -20957.21 3350.00 54000.00 1.0459
82500 299.67 -211.71 -20957.21 3350.00 54000.00 1.0459
82600 299.67 -211.71 -20957.21 3350.00 54000.00 1.0459
82700 299.67 -211.71 -20957.21 3350.00 54000.00 1.0459
82800 299.67 -211.71 -20957.21 3350.00 54000.00 1.0459
82900 299.67 -211.71 -20957.21 3350.00 54000.00 1.0459
83000 299.67 -211.71 -20957.21 3350.00 54000.00 1.0459
83100 299.67 -211.71 -20957.21 3350.00 54000.00 1.0459
83200 299.67 -211.71 -20957.21 3350.00 54000.00 1.0459
83300 299.67 -211.71 -20957.21 3350.00 54000.00 1.0459
83400 299.67 -211.71 -20957.21 3350.00 54000.00 1.0459
83500 299.67 -211.71 -20957.21 3350.00 54000.00 1.0459
83600 299.67 -211.71 -20957.21 3350.00 54000.00 1.0459
83700 299.67 -211.71 -20957.21 3350.00 54000.00 1.0459
83800 299.67 -211.71 -20957.21 3350.00 54000.00 1.0459
83900 299.67 -211.71 -20957.21 3350.00 54000.00 1.0459
84000 299.67 -211.71 -20957.21 3350.00 54000.00 1.0459
84100 299.67 -211.71 -20957.21 3350.00 54000.00 1.0459
84200 299.67 -211.71 -20957.21 3350.00 54000.00 1.0459
84300 299.67 -211.71 -20957.21 3350.00 54000.00 1.0459
84400 299.67 -211.71 -20957.21 3350.00 54000.00 1.0459
84500 299.67 -211.71 -20957.21 3350.00 54000.00 1.0459
84600 299.67 -211.71 -20957.21 3350.00 54000.00 1.0459
84700 299.67 -211.71 -20957.21 3350.00 54000.00 1.0459
84800 299.67 -211.71 -20957.21 3350.00 54000.00 1.0459
84900 299.67 -211.71 -20957.21 3350.00 54000.00 1.0459
85000 299.67 -211.71 -20957.21 3350.00 54000.00 1.0459
85100 299.67 -211.71 -20957.21 3350.00 54000.00 1.0459
85200 299.67 -211.71 -20957.21 3350.00 54000.00 1.0459
85300 299.67 -211.71 -20957.21 3350.00 54000.00 1.0459
85400 299.67 -211.71 -20957.21 3350.00 54000.00 1.0459
85500 299.67 -211.71 -20957.21 3350.00 54000.00 1.0459
85600 299.67 -211.71 -20957.21 3350.00 54000.00 1.0459
85700 299.67 -211.71 -20957.21 3350.00 54000.00 1.0459
85800 299.67 -211.71 -20957.21 3350.00 54000.00 1.0459
85900 299.67 -211.71 -20957.21 3350.00 54000.00 1.0459
86000 299.67 -211.71 -20957.21 3350.00 54000.00 1.0459
86100 299.67 -211.71 -20957.21 3350.00 54000.00 1.0459
86200 299.67 -211.71 -20957.21 3350.00 54000.00 1.0459
86300 299.67 -211.71 -20957.21 3350.00 54000.00 1.0459
86400 299.67 -211.71 -20957.21 3350.00 54000.00 1.0459
86500 299.67 -211.71 -20957.21 3350.00 54000.00 1.0459
86600 299.67 -211.71 -20957.21 3350.00 54000.00 1.0459
86700 299.67 -211.71 -20957.21 3350.00 54000.00 1.0459
86800 299.67 -211.71 -20957.21 3350.00 54000.00 1.0459
86900 299.67 -211.71 -20957.21 3350.00 54000.00 1.0459
87000 299.67 -211.71 -20957.21 3350.00 54000.00 1.0459
87100 299.67 -211.71 -20957.21 3350.00 54000.00 1.0459
87200 299.67 -211.71 -20957.21 3350.00 54000.00 1.0459
87300 299.67 -211.71 -20957.21 3350.00 54000.00 1.0459
87400 299.67 -211.71 -20957.21 3350.00 54000.00 1.0459
87500 299.67 -211.71 -20957.21 3350.00 54000.00 1.0459
87600 299.67 -211.71 -20957.21 3350.00 54000.00 1.0459
87700 299.67 -211.71 -20957.21 3350.00 54000.00 1.0459
87800 299.67 -211.71 -20957.21 3350.00 54000.00 1.0459
87900 299.67 -211.71 -20957.21 3350.00 54000.00 1.0459
88000 299.67 -211.71 -20957.21 3350.00 54000.00 1.0459
88100 299.67 -211.71 -20957.21 3350.00 54000.00 1.0459
88200 299.67 -211.71 -20957.21 3350.00 54000.00 1.0459
88300 299.67 -211.71 -20957.21 3350.00 54000.00 1.0459
88400 299.67 -211.71 -20957.21 3350.00 54000.00 1.0459
88500 299.67 -211.71 -20957.21 3350.00 54000.00 1.0459
88600 299.67 -211.71 -20957.21 3350.00 54000.00 1.0459
88700 299.67 -211.71 -20957.21 3350.00 54000.00 1.0459
88800 299.67 -211.71 -20957.21 3350.00 54000.00 1.0459
88900 299.67 -211.71 -20957.21 3350.00 54000.00 1.0459
89000 299.67 -211.71 -20957.21 3350.00 54000.00 1.0459
89100 299.67 -211.71 -20957.21 3350.00 54000.00 1.0459
89200 299.67 -211.71 -20957.21 3350.00 54000.00 1.0459
89300 299.67 -211.71 -20957.21 3350.00 54000.00 1.0459
89400 299.67 -211.71 -20957.21 3350.00 54000.00 1.0459
89500 299.67 -211.71 -20957.21 3350.00 54000.00 1.0459
89600 299.67 -211.71 -20957.21 3350.00 54000.00 1.0459
89700 299.67 -211.71 -20957.21 3350.00 54000.00 1.0459
89800 299.67 -211.71 -20957.21 3350.00 54000.00 1.0459
89900 299.67 -211.71 -20957.21 3350.00 54000.00 1.0459
90000 299.67 -211.71 -20957.21 3350.00 54000.00 1.0459
90100 299.67 -211.71 -20957.21 3350.00 54000.00 1.0459
90200 299.67 -211.71 -20957.21 3350.00 54000.00 1.0459
90300 299.67 -211.71 -20957.21 3350.00 54000.00 1.0459
90400 299.67 -211.71 -20957.21 3350.00 54000.00 1.0459
90500 299.67 -211.71 -20957.21 3350.00 54000.00 1.0459
90600 299.67 -211.71 -20957.21 3350.00 54000.00 1.0459
90700 299.67 -211.71 -20957.21 3350.00 54000.00 1.0459
90800 299.67 -211.71 -20957.21 3350.00 54000.00 1.0459
90900 299.67 -211.71 -20957.21 3350.00 54000.00 1.0459
91000 299.67 -211.71 -20957.21 3350.00 54000.00 1.0459
91100 299.67 -211.71 -20957.21 3350.00 54000.00 1.0459
91200 299.67 -211.71 -20957.21 3350.00 54000.00 1.0459
91300 299.67 -211.71 -20957.21 3350.00 54000.00 1.0459
91400 299.67 -211.71 -20957.21 3350.00 54000.00 1.0459
91500 299.67 -211.71 -20957.21 3350.00 54000.00 1.0459
91600 299.67 -211.71 -20957.21 3350.00 54000.00 1.0459
91700 299.67 -211.71 -20957.21 3350.00 54000.00 1.0459
91800 299.67 -211.71 -20957.21 3350.00 54000.00 1.0459
91900 299.67 -211.71 -20957.21 3350.00 54000.00 1.0459
92000 299.67 -211.71 -20957.21 3350.00 54000.00 1.0459
92100 299.67 -211.71 -20957.21 3350.00 54000.00 1.0459
92200 299.67 -211.71 -20957.21 3350.00 54000.00 1.0459
92300 299.67 -211.71 -20957.21 3350.00 54000.00 1.0459
92400 299.67 -211.71 -20957.21 3350.00 54000.00 1.0459
92500 299.67 -211.71 -20957.21 3350.00 54000.00 1.0459
92600 299.67 -211.71 -20957.21 3350.00 54000.00 1.0459
92700 299.67 -211.71 -20957.21 3350.00 54000.00 1.0459
92800 299.67 -211.71 -20957.21 3350.00 54000.00 1.0459
92900 299.67 -211.71 -20957.21 3350.00 54000.00 1.0459
93000 299.67 -211.71 -20957.21 3350.00 54000.00 1.0459
93100 299.67 -211.71 -20957.21 3350.00 54000.00 1.0459
93200 299.67 -211.71 -20957.21 3350.00 54000.00 1.0459
93300 299.67 -211.71 -20957.21 3350.00 54000.00 1.0459
93400 299.67 -211.71 -20957.21 3350.00 54000.00 1.0459
93500 299.67 -211.71 -20957.21 3350.00 54000.00 1.0459
93600 299.67 -211.71 -20957.21 3350.00 54000.00 1.0459
93700 299.67 -211.71 -20957.21 3350.00 54000.00 1.0459
93800 299.67 -211.71 -20957.21 3350.00 54000.00 1.0459
93900 299.67 -211.71 -20957.21 3350.00 54000.00 1.0459
94000 299.67 -211.71 -20957.21 3350.00 54000.00 1.0459
94100 299.67 -211.71 -20957.21 3350.00 54000.00 1.0459
94200 299.67 -211.71 -20957.21 3350.00 54000.00 1.0459
94300 299.67 -211.71 -20957.21 3350.00 54000.00 1.0459
94400 299.67 -211.71 -20957.21 3350.00 54000.00 1.0459
94500 299.67 -211.71 -20957.21 3350.00 54000.00 1.0459
94600 299.67 -211.71 -20957.21 3350.00 54000.00 1.0459
94700 299.67 -211.71 -20957.21 3350.00 54000.00 1.0459
94800 299.67 -211.71 -20957.21 3350.00 54000.00 1.0459
94900 299.67 -211.71 -20957.21 3350.00 54000.00 1.0459
95000 299.67 -211.71 -20957.21 3350.00 54000.00 1.0459
95100 299.67 -211.71 -20957.21 3350.00 54000.00 1.0459
95200 299.67 -211.71 -20957.21 3350.00 54000.00 1.0459
95300 299.67 -211.71 -20957.21 3350.00 54000.00 1.0459
95400 299.67 -211.71 -20957.21 3350.00 54000.00 1.0459
95500 299.67 -211.71 -20957.21 3350.00 54000.00 1.0459
95600 299.67 -211.71 -20957.21 3350.00 54000.00 1.0459
95700 299.67 -211.71 -20957.21 3350.00 54000.00 1.0459
95800 299.67 -211.71 -20957.21 3350.00 54000.00 1.0459
95900 299.67 -211.71 -20957.21 3350.00 54000.00 1.0459
96000 299.67 -211.71 -20957.21 3350.00 54000.00 1.0459
96100 299.67 -211.71 -20957.21 3350.00 54000.00 1.0459
96200 299.67 -211.71 -20957.21 3350.00 54000.00 1.0459
96300 299.67 -211.71 -20957.21 3350.00 54000.00 1.0459
96400 299.67 -211.71 -20957.21 3350.00 54000.00 1.0459
96500 299.67 -211.71 -20957.21 3350.00 54000.00 1.0459
96600 299.67 -211.71 -20957.21 3350.00 54000.00 1.0459
96700 299.67 -211.71 -20957.21 3350.00 54000.00 1.0459
96800 299.67 -211.71 -20957.21 3350.00 54000.00 1.0459
96900 299.67 -211.71 -20957.21 3350.00 54000.00 1.0459
97000 299.67 -211.71 -20957.21 3350.00 54000.00 1.0459
97100 299.67 -211.71 -20957.21 3350.00 54000.00 1.0459
97200 299.67 -211.71 -20957.21 3350.00 54000.00 1.0459
97300 299.67 -211.71 -20957.21 3350.00 54000.00 1.0459
97400 299.67 -211.71 -20957.21 3350.00 54000.00 1.0459
97500 299.67 -211.71 -20957.21 3350.00 54000.00 1.0459
97600 299.67 -211.71 -20957.21 3350.00 54000.00 1.0459
97700 299.67 -211.71 -20957.21 3350.00 54000.00 1.0459
97800 299.67 -211.71 -20957.21 3350.00 54000.00 1.0459
97900 299.67 -211.71 -20957.21 3350.00 54000.00 1.0459
98000 299.67 -211.71 -20957.21 3350.00 54000.00 1.0459
98100 299.67 -211.71 -20957.21 3350.00 54000.00 1.0459
98200 299.67 -211.71 -20957.21 3350.00 54000.00 1.0459
98300 299.67 -211.71 -20957.21 3350.00 54000.00 1.0459
98400 299.67 -211.71 -20957.21 3350.00 54000.00 1.0459
98500 299.67 -211.71 -20957.21 3350.00 54000.00 1.0459
98600 299.67 -211.71 -20957.21 3350.00 54000.00 1.0459
98700 299.67 -211.71 -20957.21 3350.00 54000.00 1.0459
98800 299.67 -211.71 -20957.21 3350.00 54000.00 1.0459
98900 299.67 -211.71 -20957.21 3350.00 54000.00 1.0459
99000 299.67 -211.71 -20957.21 3350.00 54000.00 1.0459
99100 299.67 -211.71 -20957.21 3350.00 54000.00 1.0459
99200 299.67 -211.71 -20957.21 3350.00 54000.00 1.0459
99300 299.67 -211.71 -20957.21 3350.00 54000.00 1.0459
99400 299.67 -211.71 -20957.21 3350.00 54000.00 1.0459
99500 299.67 -211.71 -20957.21 3350.00 54000.00 1.0459
99600 299.67 -211.71 -20957.21 3350.00 54000.00 1.0459
99700 299.67 -211.71 -20957.21 3350.00 54000.00 1.0459
99800 299.67 -211.71 -20957.21 3350.00 54000.00 1.0459
99900 299.67 -211.71 -20957.21 3350.00 54000.00 1.0459
