# TimeStep Temp Press PotEng KinEng Volume Density
0 297.70 -46.84 -21071.66 3350.00 54000.00 1.0445
100 298.54 -161.64 -21018.66 3350.00 54000.00 1.0455
200 298.89 -194.85 -21002.88 3350.00 54000.00 1.0455
300 299.10 -213.05 -20992.19 3350.00 54000.00 1.0454
400 299.24 -222.12 -20984.20 3350.00 54000.00 1.0454
500 299.33 -226.20 -20978.20 3350.00 54000.00 1.0454
600 299.40 -227.61 -20973.69 3350.00 54000.00 1.0455
700 299.45 -227.62 -20970.24 3350.00 54000.00 1.0455
800 299.49 -226.93 -20967.56 3350.00 54000.00 1.0456
900 299.53 -225.95 -20965.46 3350.00 54000.00 1.0456
1000 299.55 -224.87 -20963.78 3350.00 54000.00 1.0456
1100 299.57 -223.83 -20962.43 3350.00 54000.00 1.0457
1200 299.59 -222.86 -20961.34 3350.00 54000.00 1.0457
1300 299.60 -222.01 -20960.46 3350.00 54000.00 1.0457
1400 299.61 -221.26 -20959.74 3350.00 54000.00 1.0457
1500 299.62 -220.61 -20959.16 3350.00 54000.00 1.0457
1600 299.63 -220.07 -20958.69 3350.00 54000.00 1.0457
1700 299.63 -219.63 -20958.32 3350.00 54000.00 1.0457
1800 299.64 -219.25 -20958.01 3350.00 54000.00 1.0457
1900 299.64 -218.94 -20957.76 3350.00 54000.00 1.0457
2000 299.64 -218.69 -20957.55 3350.00 54000.00 1.0457
2100 299.64 -218.49 -20957.39 3350.00 54000.00 1.0457
2200 299.65 -218.31 -20957.26 3350.00 54000.00 1.0457
2300 299.65 -218.18 -20957.15 3350.00 54000.00 1.0457
2400 299.65 -218.06 -20957.07 3350.00 54000.00 1.0457
2500 299.65 -217.97 -20957.00 3350.00 54000.00 1.0457
2600 299.65 -217.90 -20956.94 3350.00 54000.00 1.0457
2700 299.65 -217.84 -20956.90 3350.00 54000.00 1.0457
2800 299.65 -217.80 -20956.86 3350.00 54000.00 1.0457
2900 299.65 -217.76 -20956.83 3350.00 54000.00 1.0457
3000 299.65 -217.72 -20956.81 3350.00 54000.00 1.0457
3100 299.65 -217.70 -20956.79 3350.00 54000.00 1.0457
3200 299.65 -217.67 -20956.77 3350.00 54000.00 1.0457
3300 299.65 -217.65 -20956.75 3350.00 54000.00 1.0457
3400 299.65 -217.64 -20956.75 3350.00 54000.00 1.0457
3500 299.65 -217.63 -20956.74 3350.00 54000.00 1.0457
3600 299.65 -217.62 -20956.73 3350.00 54000.00 1.0457
3700 299.65 -217.62 -20956.73 3350.00 54000.00 1.0457
3800 299.65 -217.61 -20956.73 3350.00 54000.00 1.0457
3900 299.65 -217.61 -20956.72 3350.00 54000.00 1.0457
4000 299.65 -217.60 -20956.72 3350.00 54000.00 1.0457
4100 299.65 -217.60 -20956.72 3350.00 54000.00 1.0457
4200 299.65 -217.59 -20956.72 3350.00 54000.00 1.0457
4300 299.65 -217.59 -20956.72 3350.00 54000.00 1.0457
4400 299.65 -217.59 -20956.71 3350.00 54000.00 1.0457
4500 299.65 -217.59 -20956.72 3350.00 54000.00 1.0457
4600 299.65 -217.59 -20956.72 3350.00 54000.00 1.0457
4700 299.65 -217.59 -20956.71 3350.00 54000.00 1.0457
4800 299.65 -217.59 -20956.72 3350.00 54000.00 1.0457
4900 299.65 -217.59 -20956.72 3350.00 54000.00 1.0457
5000 299.65 -217.59 -20956.72 3350.00 54000.00 1.0457
5100 299.65 -217.59 -20956.72 3350.00 54000.00 1.0457
5200 299.65 -217.58 -20956.72 3350.00 54000.00 1.0457
5300 299.65 -217.58 -20956.72 3350.00 54000.00 1.0457
5400 299.65 -217.58 -20956.72 3350.00 54000.00 1.0457
5500 299.65 -217.58 -20956.72 3350.00 54000.00 1.0457
5600 299.65 -217.58 -20956.72 3350.00 54000.00 1.0457
5700 299.65 -217.58 -20956.72 3350.00 54000.00 1.0457
5800 299.65 -217.58 -20956.72 3350.00 54000.00 1.0457
5900 299.65 -217.58 -20956.72 3350.00 54000.00 1.0457
6000 299.65 -217.58 -20956.72 3350.00 54000.00 1.0457
6100 299.65 -217.58 -20956.72 3350.00 54000.00 1.0457
6200 299.65 -217.58 -20956.72 3350.00 54000.00 1.0457
6300 299.65 -217.58 -20956.72 3350.00 54000.00 1.0457
6400 299.65 -217.58 -20956.72 3350.00 54000.00 1.0457
6500 299.65 -217.58 -20956.72 3350.00 54000.00 1.0457
6600 299.65 -217.58 -20956.72 3350.00 54000.00 1.0457
6700 299.65 -217.58 -20956.72 3350.00 54000.00 1.0457
6800 299.65 -217.58 -20956.72 3350.00 54000.00 1.0457
6900 299.65 -217.58 -20956.72 3350.00 54000.00 1.0457
7000 299.65 -217.58 -20956.72 3350.00 54000.00 1.0457
7100 299.65 -217.58 -20956.72 3350.00 54000.00 1.0457
7200 299.65 -217.58 -20956.72 3350.00 54000.00 1.0457
7300 299.65 -217.58 -20956.72 3350.00 54000.00 1.0457
7400 299.65 -217.58 -20956.72 3350.00 54000.00 1.0457
7500 299.65 -217.58 -20956.72 3350.00 54000.00 1.0457
7600 299.65 -217.58 -20956.71 3350.00 54000.00 1.0457
7700 299.65 -217.58 -20956.71 3350.00 54000.00 1.0457
7800 299.65 -217.58 -20956.71 3350.00 54000.00 1.0457
7900 299.65 -217.58 -20956.71 3350.00 54000.00 1.0457
8000 299.65 -217.58 -20956.71 3350.00 54000.00 1.0457
8100 299.65 -217.58 -20956.71 3350.00 54000.00 1.0457
8200 299.65 -217.58 -20956.71 3350.00 54000.00 1.0457
8300 299.65 -217.58 -20956.71 3350.00 54000.00 1.0457
8400 299.65 -217.58 -20956.71 3350.00 54000.00 1.0457
8500 299.65 -217.58 -20956.71 3350.00 54000.00 1.0457
8600 299.65 -217.58 -20956.71 3350.00 54000.00 1.0457
8700 299.65 -217.58 -20956.71 3350.00 54000.00 1.0457
8800 299.65 -217.58 -20956.71 3350.00 54000.00 1.0457
8900 299.65 -217.58 -20956.71 3350.00 54000.00 1.0457
9000 299.65 -217.58 -20956.71 3350.00 54000.00 1.0457
9100 299.65 -217.58 -20956.71 3350.00 54000.00 1.0457
9200 299.65 -217.58 -20956.71 3350.00 54000.00 1.0457
9300 299.65 -217.58 -20956.71 3350.00 54000.00 1.0457
9400 299.65 -217.58 -20956.71 3350.00 54000.00 1.0457
9500 299.65 -217.58 -20956.71 3350.00 54000.00 1.0457
9600 299.65 -217.58 -20956.71 3350.00 54000.00 1.0457
9700 299.65 -217.58 -20956.71 3350.00 54000.00 1.0457
9800 299.65 -217.58 -20956.71 3350.00 54000.00 1.0457
9900 299.65 -217.58 -20956.71 3350.00 54000.00 1.0457
10000 299.65 -217.58 -20956.71 3350.00 54000.00 1.0457
10100 299.65 -217.58 -20956.71 3350.00 54000.00 1.0457
10200 299.65 -217.58 -20956.71 3350.00 54000.00 1.0457
10300 299.65 -217.58 -20956.71 3350.00 54000.00 1.0457
10400 299.65 -217.58 -20956.71 3350.00 54000.00 1.0457
10500 299.65 -217.58 -20956.71 3350.00 54000.00 1.0457
10600 299.65 -217.58 -20956.71 3350.00 54000.00 1.0457
10700 299.65 -217.58 -20956.71 3350.00 54000.00 1.0457
10800 299.65 -217.58 -20956.71 3350.00 54000.00 1.0457
10900 299.65 -217.58 -20956.71 3350.00 54000.00 1.0457
11000 299.65 -217.58 -20956.71 3350.00 54000.00 1.0457
11100 299.65 -217.58 -20956.71 3350.00 54000.00 1.0457
11200 299.65 -217.58 -20956.71 3350.00 54000.00 1.0457
11300 299.65 -217.58 -20956.71 3350.00 54000.00 1.0457
11400 299.65 -217.58 -20956.71 3350.00 54000.00 1.0457
11500 299.65 -217.58 -20956.71 3350.00 54000.00 1.0457
11600 299.65 -217.58 -20956.71 3350.00 54000.00 1.0457
11700 299.65 -217.58 -20956.71 3350.00 54000.00 1.0457
11800 299.65 -217.58 -20956.71 3350.00 54000.00 1.0457
11900 299.65 -217.58 -20956.71 3350.00 54000.00 1.0457
12000 299.65 -217.58 -20956.71 3350.00 54000.00 1.0457
12100 299.65 -217.58 -20956.71 3350.00 54000.00 1.0457
12200 299.65 -217.58 -20956.71 3350.00 54000.00 1.0457
12300 299.65 -217.58 -20956.71 3350.00 54000.00 1.0457
12400 299.65 -217.58 -20956.71 3350.00 54000.00 1.0457
12500 299.65 -217.58 -20956.71 3350.00 54000.00 1.0457
12600 299.65 -217.58 -20956.71 3350.00 54000.00 1.0457
12700 299.65 -217.58 -20956.71 3350.00 54000.00 1.0457
12800 299.65 -217.58 -20956.71 3350.00 54000.00 1.0457
12900 299.65 -217.58 -20956.71 3350.00 54000.00 1.0457
13000 299.65 -217.58 -20956.71 3350.00 54000.00 1.0457
13100 299.65 -217.58 -20956.71 3350.00 54000.00 1.0457
13200 299.65 -217.58 -20956.71 3350.00 54000.00 1.0457
13300 299.65 -217.58 -20956.71 3350.00 54000.00 1.0457
13400 299.65 -217.58 -20956.71 3350.00 54000.00 1.0457
13500 299.65 -217.58 -20956.71 3350.00 54000.00 1.0457
13600 299.65 -217.58 -20956.71 3350.00 54000.00 1.0457
13700 299.65 -217.58 -20956.71 3350.00 54000.00 1.0457
13800 299.65 -217.58 -20956.71 3350.00 54000.00 1.0457
13900 299.65 -217.58 -20956.71 3350.00 54000.00 1.0457
14000 299.65 -217.58 -20956.71 3350.00 54000.00 1.0457
14100 299.65 -217.58 -20956.71 3350.00 54000.00 1.0457
14200 299.65 -217.58 -20956.71 3350.00 54000.00 1.0457
14300 299.65 -217.58 -20956.71 3350.00 54000.00 1.0457
14400 299.65 -217.58 -20956.71 3350.00 54000.00 1.0457
14500 299.65 -217.58 -20956.71 3350.00 54000.00 1.0457
14600 299.65 -217.58 -20956.71 3350.00 54000.00 1.0457
14700 299.65 -217.58 -20956.71 3350.00 54000.00 1.0457
14800 299.65 -217.58 -20956.71 3350.00 54000.00 1.0457
14900 299.65 -217.58 -20956.71 3350.00 54000.00 1.0457
15000 299.65 -217.58 -20956.71 3350.00 54000.00 1.0457
15100 299.65 -217.58 -20956.71 3350.00 54000.00 1.0457
15200 299.65 -217.58 -20956.71 3350.00 54000.00 1.0457
15300 299.65 -217.58 -20956.71 3350.00 54000.00 1.0457
15400 299.65 -217.58 -20956.71 3350.00 54000.00 1.0457
15500 299.65 -217.58 -20956.71 3350.00 54000.00 1.0457
15600 299.65 -217.58 -20956.71 3350.00 54000.00 1.0457
15700 299.65 -217.58 -20956.71 3350.00 54000.00 1.0457
15800 299.65 -217.58 -20956.71 3350.00 54000.00 1.0457
15900 299.65 -217.58 -20956.71 3350.00 54000.00 1.0457
16000 299.65 -217.58 -20956.71 3350.00 54000.00 1.0457
16100 299.65 -217.58 -20956.71 3350.00 54000.00 1.0457
16200 299.65 -217.58 -20956.71 3350.00 54000.00 1.0457
16300 299.65 -217.58 -20956.71 3350.00 54000.00 1.0457
16400 299.65 -217.58 -20956.71 3350.00 54000.00 1.0457
16500 299.65 -217.58 -20956.71 3350.00 54000.00 1.0457
16600 299.65 -217.58 -20956.71 3350.00 54000.00 1.0457
16700 299.65 -217.58 -20956.71 3350.00 54000.00 1.0457
16800 299.65 -217.58 -20956.71 3350.00 54000.00 1.0457
16900 299.65 -217.58 -20956.71 3350.00 54000.00 1.0457
17000 299.65 -217.58 -20956.71 3350.00 54000.00 1.0457
17100 299.65 -217.58 -20956.71 3350.00 54000.00 1.0457
17200 299.65 -217.58 -20956.71 3350.00 54000.00 1.0457
17300 299.65 -217.58 -20956.71 3350.00 54000.00 1.0457
17400 299.65 -217.58 -20956.71 3350.00 54000.00 1.0457
17500 299.65 -217.58 -20956.71 3350.00 54000.00 1.0457
17600 299.65 -217.58 -20956.71 3350.00 54000.00 1.0457
17700 299.65 -217.58 -20956.71 3350.00 54000.00 1.0457
17800 299.65 -217.58 -20956.71 3350.00 54000.00 1.0457
17900 299.65 -217.58 -20956.71 3350.00 54000.00 1.0457
18000 299.65 -217.58 -20956.71 3350.00 54000.00 1.0457
18100 299.65 -217.58 -20956.71 3350.00 54000.00 1.0457
18200 299.65 -217.58 -20956.71 3350.00 54000.00 1.0457
18300 299.65 -217.58 -20956.71 3350.00 54000.00 1.0457
18400 299.65 -217.58 -20956.71 3350.00 54000.00 1.0457
18500 299.65 -217.58 -20956.71 3350.00 54000.00 1.0457
18600 299.65 -217.58 -20956.71 3350.00 54000.00 1.0457
18700 299.65 -217.58 -20956.71 3350.00 54000.00 1.0457
18800 299.65 -217.58 -20956.71 3350.00 54000.00 1.0457
18900 299.65 -217.58 -20956.71 3350.00 54000.00 1.0457
19000 299.65 -217.58 -20956.71 3350.00 54000.00 1.0457
19100 299.65 -217.58 -20956.71 3350.00 54000.00 1.0457
19200 299.65 -217.58 -20956.71 3350.00 54000.00 1.0457
19300 299.65 -217.58 -20956.71 3350.00 54000.00 1.0457
19400 299.65 -217.58 -20956.71 3350.00 54000.00 1.0457
19500 299.65 -217.58 -20956.71 3350.00 54000.00 1.0457
19600 299.65 -217.58 -20956.71 3350.00 54000.00 1.0457
19700 299.65 -217.58 -20956.71 3350.00 54000.00 1.0457
19800 299.65 -217.58 -20956.71 3350.00 54000.00 1.0457
19900 299.65 -217.58 -20956.71 3350.00 54000.00 1.0457
20000 299.65 -217.58 -20956.71 3350.00 54000.00 1.0457
20100 299.65 -217.58 -20956.71 3350.00 54000.00 1.0457
20200 299.65 -217.58 -20956.71 3350.00 54000.00 1.0457
20300 299.65 -217.58 -20956.71 3350.00 54000.00 1.0457
20400 299.65 -217.58 -20956.71 3350.00 54000.00 1.0457
20500 299.65 -217.58 -20956.71 3350.00 54000.00 1.0457
20600 299.65 -217.58 -20956.71 3350.00 54000.00 1.0457
20700 299.65 -217.58 -20956.71 3350.00 54000.00 1.0457
20800 299.65 -217.58 -20956.71 3350.00 54000.00 1.0457
20900 299.65 -217.58 -20956.71 3350.00 54000.00 1.0457
21000 299.65 -217.58 -20956.71 3350.00 54000.00 1.0457
21100 299.65 -217.58 -20956.71 3350.00 54000.00 1.0457
21200 299.65 -217.58 -20956.71 3350.00 54000.00 1.0457
21300 299.65 -217.58 -20956.71 3350.00 54000.00 1.0457
21400 299.65 -217.58 -20956.71 3350.00 54000.00 1.0457
21500 299.65 -217.58 -20956.71 3350.00 54000.00 1.0457
21600 299.65 -217.58 -20956.71 3350.00 54000.00 1.0457
21700 299.65 -217.58 -20956.71 3350.00 54000.00 1.0457
21800 299.65 -217.58 -20956.71 3350.00 54000.00 1.0457
21900 299.65 -217.58 -20956.71 3350.00 54000.00 1.0457
22000 299.65 -217.58 -20956.71 3350.00 54000.00 1.0457
22100 299.65 -217.58 -20956.71 3350.00 54000.00 1.0457
22200 299.65 -217.58 -20956.71 3350.00 54000.00 1.0457
22300 299.65 -217.58 -20956.71 3350.00 54000.00 1.0457
22400 299.65 -217.58 -20956.71 3350.00 54000.00 1.0457
22500 299.65 -217.58 -20956.71 3350.00 54000.00 1.0457
22600 299.65 -217.58 -20956.71 3350.00 54000.00 1.0457
22700 299.65 -217.58 -20956.71 3350.00 54000.00 1.0457
22800 299.65 -217.58 -20956.71 3350.00 54000.00 1.0457
22900 299.65 -217.58 -20956.71 3350.00 54000.00 1.0457
23000 299.65 -217.58 -20956.71 3350.00 54000.00 1.0457
23100 299.65 -217.58 -20956.71 3350.00 54000.00 1.0457
23200 299.65 -217.58 -20956.71 3350.00 54000.00 1.0457
23300 299.65 -217.58 -20956.71 3350.00 54000.00 1.0457
23400 299.65 -217.58 -20956.71 3350.00 54000.00 1.0457
23500 299.65 -217.58 -20956.71 3350.00 54000.00 1.0457
23600 299.65 -217.58 -20956.71 3350.00 54000.00 1.0457
23700 299.65 -217.58 -20956.71 3350.00 54000.00 1.0457
23800 299.65 -217.58 -20956.71 3350.00 54000.00 1.0457
23900 299.65 -217.58 -20956.71 3350.00 54000.00 1.0457
24000 299.65 -217.58 -20956.71 3350.00 54000.00 1.0457
24100 299.65 -217.58 -20956.71 3350.00 54000.00 1.0457
24200 299.65 -217.58 -20956.71 3350.00 54000.00 1.0457
24300 299.65 -217.58 -20956.71 3350.00 54000.00 1.0457
24400 299.65 -217.58 -20956.71 3350.00 54000.00 1.0457
24500 299.65 -217.58 -20956.71 3350.00 54000.00 1.0457
24600 299.65 -217.58 -20956.71 3350.00 54000.00 1.0457
24700 299.65 -217.58 -20956.71 3350.00 54000.00 1.0457
24800 299.65 -217.58 -20956.71 3350.00 54000.00 1.0457
24900 299.65 -217.58 -20956.71 3350.00 54000.00 1.0457
25000 299.65 -217.58 -20956.71 3350.00 54000.00 1.0457
25100 299.65 -217.58 -20956.71 3350.00 54000.00 1.0457
25200 299.65 -217.58 -20956.71 3350.00 54000.00 1.0457
25300 299.65 -217.58 -20956.71 3350.00 54000.00 1.0457
25400 299.65 -217.58 -20956.71 3350.00 54000.00 1.0457
25500 299.65 -217.58 -20956.71 3350.00 54000.00 1.0457
25600 299.65 -217.58 -20956.71 3350.00 54000.00 1.0457
25700 299.65 -217.58 -20956.71 3350.00 54000.00 1.0457
25800 299.65 -217.58 -20956.71 3350.00 54000.00 1.0457
25900 299.65 -217.58 -20956.71 3350.00 54000.00 1.0457
26000 299.65 -217.58 -20956.71 3350.00 54000.00 1.0457
26100 299.65 -217.58 -20956.71 3350.00 54000.00 1.0457
26200 299.65 -217.58 -20956.71 3350.00 54000.00 1.0457
26300 299.65 -217.58 -20956.71 3350.00 54000.00 1.0457
26400 299.65 -217.58 -20956.71 3350.00 54000.00 1.0457
26500 299.65 -217.58 -20956.71 3350.00 54000.00 1.0457
26600 299.65 -217.58 -20956.71 3350.00 54000.00 1.0457
26700 299.65 -217.58 -20956.71 3350.00 54000.00 1.0457
26800 299.65 -217.58 -20956.71 3350.00 54000.00 1.0457
26900 299.65 -217.58 -20956.71 3350.00 54000.00 1.0457
27000 299.65 -217.58 -20956.71 3350.00 54000.00 1.0457
27100 299.65 -217.58 -20956.71 3350.00 54000.00 1.0457
27200 299.65 -217.58 -20956.71 3350.00 54000.00 1.0457
27300 299.65 -217.58 -20956.71 3350.00 54000.00 1.0457
27400 299.65 -217.58 -20956.71 3350.00 54000.00 1.0457
27500 299.65 -217.58 -20956.71 3350.00 54000.00 1.0457
27600 299.65 -217.58 -20956.71 3350.00 54000.00 1.0457
27700 299.65 -217.58 -20956.71 3350.00 54000.00 1.0457
27800 299.65 -217.58 -20956.71 3350.00 54000.00 1.0457
27900 299.65 -217.58 -20956.71 3350.00 54000.00 1.0457
28000 299.65 -217.58 -20956.71 3350.00 54000.00 1.0457
28100 299.65 -217.58 -20956.71 3350.00 54000.00 1.0457
28200 299.65 -217.58 -20956.71 3350.00 54000.00 1.0457
28300 299.65 -217.58 -20956.71 3350.00 54000.00 1.0457
28400 299.65 -217.58 -20956.71 3350.00 54000.00 1.0457
28500 299.65 -217.58 -20956.71 3350.00 54000.00 1.0457
28600 299.65 -217.58 -20956.71 3350.00 54000.00 1.0457
28700 299.65 -217.58 -20956.71 3350.00 54000.00 1.0457
28800 299.65 -217.58 -20956.71 3350.00 54000.00 1.0457
28900 299.65 -217.58 -20956.71 3350.00 54000.00 1.0457
29000 299.65 -217.58 -20956.71 3350.00 54000.00 1.0457
29100 299.65 -217.58 -20956.71 3350.00 54000.00 1.0457
29200 299.65 -217.58 -20956.71 3350.00 54000.00 1.0457
29300 299.65 -217.58 -20956.71 3350.00 54000.00 1.0457
29400 299.65 -217.58 -20956.71 3350.00 54000.00 1.0457
29500 299.65 -217.58 -20956.71 3350.00 54000.00 1.0457
29600 299.65 -217.58 -20956.71 3350.00 54000.00 1.0457
29700 299.65 -217.58 -20956.71 3350.00 54000.00 1.0457
29800 299.65 -217.58 -20956.71 3350.00 54000.00 1.0457
29900 299.65 -217.58 -20956.71 3350.00 54000.00 1.0457
30000 299.65 -217.58 -20956.71 3350.00 54000.00 1.0457
30100 299.65 -217.58 -20956.71 3350.00 54000.00 1.0457
30200 299.65 -217.58 -20956.71 3350.00 54000.00 1.0457
30300 299.65 -217.58 -20956.71 3350.00 54000.00 1.0457
30400 299.65 -217.58 -20956.71 3350.00 54000.00 1.0457
30500 299.65 -217.58 -20956.71 3350.00 54000.00 1.0457
30600 299.65 -217.58 -20956.71 3350.00 54000.00 1.0457
30700 299.65 -217.58 -20956.71 3350.00 54000.00 1.0457
30800 299.65 -217.58 -20956.71 3350.00 54000.00 1.0457
30900 299.65 -217.58 -20956.71 3350.00 54000.00 1.0457
31000 299.65 -217.58 -20956.71 3350.00 54000.00 1.0457
31100 299.65 -217.58 -20956.71 3350.00 54000.00 1.0457
31200 299.65 -217.58 -20956.71 3350.00 54000.00 1.0457
31300 299.65 -217.58 -20956.71 3350.00 54000.00 1.0457
31400 299.65 -217.58 -20956.71 3350.00 54000.00 1.0457
31500 299.65 -217.58 -20956.71 3350.00 54000.00 1.0457
31600 299.65 -217.58 -20956.71 3350.00 54000.00 1.0457
31700 299.65 -217.58 -20956.71 3350.00 54000.00 1.0457
31800 299.65 -217.58 -20956.71 3350.00 54000.00 1.0457
31900 299.65 -217.58 -20956.71 3350.00 54000.00 1.0457
32000 299.65 -217.58 -20956.71 3350.00 54000.00 1.0457
32100 299.65 -217.58 -20956.71 3350.00 54000.00 1.0457
32200 299.65 -217.58 -20956.71 3350.00 54000.00 1.0457
32300 299.65 -217.58 -20956.71 3350.00 54000.00 1.0457
32400 299.65 -217.58 -20956.71 3350.00 54000.00 1.0457
32500 299.65 -217.58 -20956.71 3350.00 54000.00 1.0457
32600 299.65 -217.58 -20956.71 3350.00 54000.00 1.0457
32700 299.65 -217.58 -20956.71 3350.00 54000.00 1.0457
32800 299.65 -217.58 -20956.71 3350.00 54000.00 1.0457
32900 299.65 -217.58 -20956.71 3350.00 54000.00 1.0457
33000 299.65 -217.58 -20956.71 3350.00 54000.00 1.0457
33100 299.65 -217.58 -20956.71 3350.00 54000.00 1.0457
33200 299.65 -217.58 -20956.71 3350.00 54000.00 1.0457
33300 299.65 -217.58 -20956.71 3350.00 54000.00 1.0457
33400 299.65 -217.58 -20956.71 3350.00 54000.00 1.0457
33500 299.65 -217.58 -20956.71 3350.00 54000.00 1.0457
33600 299.65 -217.58 -20956.71 3350.00 54000.00 1.0457
33700 299.65 -217.58 -20956.71 3350.00 54000.00 1.0457
33800 299.65 -217.58 -20956.71 3350.00 54000.00 1.0457
33900 299.65 -217.58 -20956.71 3350.00 54000.00 1.0457
34000 299.65 -217.58 -20956.71 3350.00 54000.00 1.0457
34100 299.65 -217.58 -20956.71 3350.00 54000.00 1.0457
34200 299.65 -217.58 -20956.71 3350.00 54000.00 1.0457
34300 299.65 -217.58 -20956.71 3350.00 54000.00 1.0457
34400 299.65 -217.58 -20956.71 3350.00 54000.00 1.0457
34500 299.65 -217.58 -20956.71 3350.00 54000.00 1.0457
34600 299.65 -217.58 -20956.71 3350.00 54000.00 1.0457
34700 299.65 -217.58 -20956.71 3350.00 54000.00 1.0457
34800 299.65 -217.58 -20956.71 3350.00 54000.00 1.0457
34900 299.65 -217.58 -20956.71 3350.00 54000.00 1.0457
35000 299.65 -217.58 -20956.71 3350.00 54000.00 1.0457
35100 299.65 -217.58 -20956.71 3350.00 54000.00 1.0457
35200 299.65 -217.58 -20956.71 3350.00 54000.00 1.0457
35300 299.65 -217.58 -20956.71 3350.00 54000.00 1.0457
35400 299.65 -217.58 -20956.71 3350.00 54000.00 1.0457
35500 299.65 -217.58 -20956.71 3350.00 54000.00 1.0457
35600 299.65 -217.58 -20956.71 3350.00 54000.00 1.0457
35700 299.65 -217.58 -20956.71 3350.00 54000.00 1.0457
35800 299.65 -217.58 -20956.71 3350.00 54000.00 1.0457
35900 299.65 -217.58 -20956.71 3350.00 54000.00 1.0457
36000 299.65 -217.58 -20956.71 3350.00 54000.00 1.0457
36100 299.65 -217.58 -20956.71 3350.00 54000.00 1.0457
36200 299.65 -217.58 -20956.71 3350.00 54000.00 1.0457
36300 299.65 -217.58 -20956.71 3350.00 54000.00 1.0457
36400 299.65 -217.58 -20956.71 3350.00 54000.00 1.0457
36500 299.65 -217.58 -20956.71 3350.00 54000.00 1.0457
36600 299.65 -217.58 -20956.71 3350.00 54000.00 1.0457
36700 299.65 -217.58 -20956.71 3350.00 54000.00 1.0457
36800 299.65 -217.58 -20956.71 3350.00 54000.00 1.0457
36900 299.65 -217.58 -20956.71 3350.00 54000.00 1.0457
37000 299.65 -217.58 -20956.71 3350.00 54000.00 1.0457
37100 299.65 -217.58 -20956.71 3350.00 54000.00 1.0457
37200 299.65 -217.58 -20956.71 3350.00 54000.00 1.0457
37300 299.65 -217.58 -20956.71 3350.00 54000.00 1.0457
37400 299.65 -217.58 -20956.71 3350.00 54000.00 1.0457
37500 299.65 -217.58 -20956.71 3350.00 54000.00 1.0457
37600 299.65 -217.58 -20956.71 3350.00 54000.00 1.0457
37700 299.65 -217.58 -20956.71 3350.00 54000.00 1.0457
37800 299.65 -217.58 -20956.71 3350.00 54000.00 1.0457
37900 299.65 -217.58 -20956.71 3350.00 54000.00 1.0457
38000 299.65 -217.58 -20956.71 3350.00 54000.00 1.0457
38100 299.65 -217.58 -20956.71 3350.00 54000.00 1.0457
38200 299.65 -217.58 -20956.71 3350.00 54000.00 1.0457
38300 299.65 -217.58 -20956.71 3350.00 54000.00 1.0457
38400 299.65 -217.58 -20956.71 3350.00 54000.00 1.0457
38500 299.65 -217.58 -20956.71 3350.00 54000.00 1.0457
38600 299.65 -217.58 -20956.71 3350.00 54000.00 1.0457
38700 299.65 -217.58 -20956.71 3350.00 54000.00 1.0457
38800 299.65 -217.58 -20956.71 3350.00 54000.00 1.0457
38900 299.65 -217.58 -20956.71 3350.00 54000.00 1.0457
39000 299.65 -217.58 -20956.71 3350.00 54000.00 1.0457
39100 299.65 -217.58 -20956.71 3350.00 54000.00 1.0457
39200 299.65 -217.58 -20956.71 3350.00 54000.00 1.0457
39300 299.65 -217.58 -20956.71 3350.00 54000.00 1.0457
39400 299.65 -217.58 -20956.71 3350.00 54000.00 1.0457
39500 299.65 -217.58 -20956.71 3350.00 54000.00 1.0457
39600 299.65 -217.58 -20956.71 3350.00 54000.00 1.0457
39700 299.65 -217.58 -20956.71 3350.00 54000.00 1.0457
39800 299.65 -217.58 -20956.71 3350.00 54000.00 1.0457
39900 299.65 -217.58 -20956.71 3350.00 54000.00 1.0457
40000 299.65 -217.58 -20956.71 3350.00 54000.00 1.0457
40100 299.65 -217.58 -20956.71 3350.00 54000.00 1.0457
40200 299.65 -217.58 -20956.71 3350.00 54000.00 1.0457
40300 299.65 -217.58 -20956.71 3350.00 54000.00 1.0457
40400 299.65 -217.58 -20956.71 3350.00 54000.00 1.0457
40500 299.65 -217.58 -20956.71 3350.00 54000.00 1.0457
40600 299.65 -217.58 -20956.71 3350.00 54000.00 1.0457
40700 299.65 -217.58 -20956.71 3350.00 54000.00 1.0457
40800 299.65 -217.58 -20956.71 3350.00 54000.00 1.0457
40900 299.65 -217.58 -20956.71 3350.00 54000.00 1.0457
41000 299.65 -217.58 -20956.71 3350.00 54000.00 1.0457
41100 299.65 -217.58 -20956.71 3350.00 54000.00 1.0457
41200 299.65 -217.58 -20956.71 3350.00 54000.00 1.0457
41300 299.65 -217.58 -20956.71 3350.00 54000.00 1.0457
41400 299.65 -217.58 -20956.71 3350.00 54000.00 1.0457
41500 299.65 -217.58 -20956.71 3350.00 54000.00 1.0457
41600 299.65 -217.58 -20956.71 3350.00 54000.00 1.0457
41700 299.65 -217.58 -20956.71 3350.00 54000.00 1.0457
41800 299.65 -217.58 -20956.71 3350.00 54000.00 1.0457
41900 299.65 -217.58 -20956.71 3350.00 54000.00 1.0457
42000 299.65 -217.58 -20956.71 3350.00 54000.00 1.0457
42100 299.65 -217.58 -20956.71 3350.00 54000.00 1.0457
42200 299.65 -217.58 -20956.71 3350.00 54000.00 1.0457
42300 299.65 -217.58 -20956.71 3350.00 54000.00 1.0457
42400 299.65 -217.58 -20956.71 3350.00 54000.00 1.0457
42500 299.65 -217.58 -20956.71 3350.00 54000.00 1.0457
42600 299.65 -217.58 -20956.71 3350.00 54000.00 1.0457
42700 299.65 -217.58 -20956.71 3350.00 54000.00 1.0457
42800 299.65 -217.58 -20956.71 3350.00 54000.00 1.0457
42900 299.65 -217.58 -20956.71 3350.00 54000.00 1.0457
43000 299.65 -217.58 -20956.71 3350.00 54000.00 1.0457
43100 299.65 -217.58 -20956.71 3350.00 54000.00 1.0457
43200 299.65 -217.58 -20956.71 3350.00 54000.00 1.0457
43300 299.65 -217.58 -20956.71 3350.00 54000.00 1.0457
43400 299.65 -217.58 -20956.71 3350.00 54000.00 1.0457
43500 299.65 -217.58 -20956.71 3350.00 54000.00 1.0457
43600 299.65 -217.58 -20956.71 3350.00 54000.00 1.0457
43700 299.65 -217.58 -20956.71 3350.00 54000.00 1.0457
43800 299.65 -217.58 -20956.71 3350.00 54000.00 1.0457
43900 299.65 -217.58 -20956.71 3350.00 54000.00 1.0457
44000 299.65 -217.58 -20956.71 3350.00 54000.00 1.0457
44100 299.65 -217.58 -20956.71 3350.00 54000.00 1.0457
44200 299.65 -217.58 -20956.71 3350.00 54000.00 1.0457
44300 299.65 -217.58 -20956.71 3350.00 54000.00 1.0457
44400 299.65 -217.58 -20956.71 3350.00 54000.00 1.0457
44500 299.65 -217.58 -20956.71 3350.00 54000.00 1.0457
44600 299.65 -217.58 -20956.71 3350.00 54000.00 1.0457
44700 299.65 -217.58 -20956.71 3350.00 54000.00 1.0457
44800 299.65 -217.58 -20956.71 3350.00 54000.00 1.0457
44900 299.65 -217.58 -20956.71 3350.00 54000.00 1.0457
45000 299.65 -217.58 -20956.71 3350.00 54000.00 1.0457
45100 299.65 -217.58 -20956.71 3350.00 54000.00 1.0457
45200 299.65 -217.58 -20956.71 3350.00 54000.00 1.0457
45300 299.65 -217.58 -20956.71 3350.00 54000.00 1.0457
45400 299.65 -217.58 -20956.71 3350.00 54000.00 1.0457
45500 299.65 -217.58 -20956.71 3350.00 54000.00 1.0457
45600 299.65 -217.58 -20956.71 3350.00 54000.00 1.0457
45700 299.65 -217.58 -20956.71 3350.00 54000.00 1.0457
45800 299.65 -217.58 -20956.71 3350.00 54000.00 1.0457
45900 299.65 -217.58 -20956.71 3350.00 54000.00 1.0457
46000 299.65 -217.58 -20956.71 3350.00 54000.00 1.0457
46100 299.65 -217.58 -20956.71 3350.00 54000.00 1.0457
46200 299.65 -217.58 -20956.71 3350.00 54000.00 1.0457
46300 299.65 -217.58 -20956.71 3350.00 54000.00 1.0457
46400 299.65 -217.58 -20956.71 3350.00 54000.00 1.0457
46500 299.65 -217.58 -20956.71 3350.00 54000.00 1.0457
46600 299.65 -217.58 -20956.71 3350.00 54000.00 1.0457
46700 299.65 -217.58 -20956.71 3350.00 54000.00 1.0457
46800 299.65 -217.58 -20956.71 3350.00 54000.00 1.0457
46900 299.65 -217.58 -20956.71 3350.00 54000.00 1.0457
47000 299.65 -217.58 -20956.71 3350.00 54000.00 1.0457
47100 299.65 -217.58 -20956.71 3350.00 54000.00 1.0457
47200 299.65 -217.58 -20956.71 3350.00 54000.00 1.0457
47300 299.65 -217.58 -20956.71 3350.00 54000.00 1.0457
47400 299.65 -217.58 -20956.71 3350.00 54000.00 1.0457
47500 299.65 -217.58 -20956.71 3350.00 54000.00 1.0457
47600 299.65 -217.58 -20956.71 3350.00 54000.00 1.0457
47700 299.65 -217.58 -20956.71 3350.00 54000.00 1.0457
47800 299.65 -217.58 -20956.71 3350.00 54000.00 1.0457
47900 299.65 -217.58 -20956.71 3350.00 54000.00 1.0457
48000 299.65 -217.58 -20956.71 3350.00 54000.00 1.0457
48100 299.65 -217.58 -20956.71 3350.00 54000.00 1.0457
48200 299.65 -217.58 -20956.71 3350.00 54000.00 1.0457
48300 299.65 -217.58 -20956.71 3350.00 54000.00 1.0457
48400 299.65 -217.58 -20956.71 3350.00 54000.00 1.0457
48500 299.65 -217.58 -20956.71 3350.00 54000.00 1.0457
48600 299.65 -217.58 -20956.71 3350.00 54000.00 1.0457
48700 299.65 -217.58 -20956.71 3350.00 54000.00 1.0457
48800 299.65 -217.58 -20956.71 3350.00 54000.00 1.0457
48900 299.65 -217.58 -20956.71 3350.00 54000.00 1.0457
49000 299.65 -217.58 -20956.71 3350.00 54000.00 1.0457
49100 299.65 -217.58 -20956.71 3350.00 54000.00 1.0457
49200 299.65 -217.58 -20956.71 3350.00 54000.00 1.0457
49300 299.65 -217.58 -20956.71 3350.00 54000.00 1.0457
49400 299.65 -217.58 -20956.71 3350.00 54000.00 1.0457
49500 299.65 -217.58 -20956.71 3350.00 54000.00 1.0457
49600 299.65 -217.58 -20956.71 3350.00 54000.00 1.0457
49700 299.65 -217.58 -20956.71 3350.00 54000.00 1.0457
49800 299.65 -217.58 -20956.71 3350.00 54000.00 1.0457
49900 299.65 -217.58 -20956.71 3350.00 54000.00 1.0457
50000 299.65 -217.58 -20956.71 3350.00 54000.00 1.0457
50100 299.65 -217.58 -20956.71 3350.00 54000.00 1.0457
50200 299.65 -217.58 -20956.71 3350.00 54000.00 1.0457
50300 299.65 -217.58 -20956.71 3350.00 54000.00 1.0457
50400 299.65 -217.58 -20956.71 3350.00 54000.00 1.0457
50500 299.65 -217.58 -20956.71 3350.00 54000.00 1.0457
50600 299.65 -217.58 -20956.71 3350.00 54000.00 1.0457
50700 299.65 -217.58 -20956.71 3350.00 54000.00 1.0457
50800 299.65 -217.58 -20956.71 3350.00 54000.00 1.0457
50900 299.65 -217.58 -20956.71 3350.00 54000.00 1.0457
51000 299.65 -217.58 -20956.71 3350.00 54000.00 1.0457
51100 299.65 -217.58 -20956.71 3350.00 54000.00 1.0457
51200 299.65 -217.58 -20956.71 3350.00 54000.00 1.0457
51300 299.65 -217.58 -20956.71 3350.00 54000.00 1.0457
51400 299.65 -217.58 -20956.71 3350.00 54000.00 1.0457
51500 299.65 -217.58 -20956.71 3350.00 54000.00 1.0457
51600 299.65 -217.58 -20956.71 3350.00 54000.00 1.0457
51700 299.65 -217.58 -20956.71 3350.00 54000.00 1.0457
51800 299.65 -217.58 -20956.71 3350.00 54000.00 1.0457
51900 299.65 -217.58 -20956.71 3350.00 54000.00 1.0457
52000 299.65 -217.58 -20956.71 3350.00 54000.00 1.0457
52100 299.65 -217.58 -20956.71 3350.00 54000.00 1.0457
52200 299.65 -217.58 -20956.71 3350.00 54000.00 1.0457
52300 299.65 -217.58 -20956.71 3350.00 54000.00 1.0457
52400 299.65 -217.58 -20956.71 3350.00 54000.00 1.0457
52500 299.65 -217.58 -20956.71 3350.00 54000.00 1.0457
52600 299.65 -217.58 -20956.71 3350.00 54000.00 1.0457
52700 299.65 -217.58 -20956.71 3350.00 54000.00 1.0457
52800 299.65 -217.58 -20956.71 3350.00 54000.00 1.0457
52900 299.65 -217.58 -20956.71 3350.00 54000.00 1.0457
53000 299.65 -217.58 -20956.71 3350.00 54000.00 1.0457
53100 299.65 -217.58 -20956.71 3350.00 54000.00 1.0457
53200 299.65 -217.58 -20956.71 3350.00 54000.00 1.0457
53300 299.65 -217.58 -20956.71 3350.00 54000.00 1.0457
53400 299.65 -217.58 -20956.71 3350.00 54000.00 1.0457
53500 299.65 -217.58 -20956.71 3350.00 54000.00 1.0457
53600 299.65 -217.58 -20956.71 3350.00 54000.00 1.0457
53700 299.65 -217.58 -20956.71 3350.00 54000.00 1.0457
53800 299.65 -217.58 -20956.71 3350.00 54000.00 1.0457
53900 299.65 -217.58 -20956.71 3350.00 54000.00 1.0457
54000 299.65 -217.58 -20956.71 3350.00 54000.00 1.0457
54100 299.65 -217.58 -20956.71 3350.00 54000.00 1.0457
54200 299.65 -217.58 -20956.71 3350.00 54000.00 1.0457
54300 299.65 -217.58 -20956.71 3350.00 54000.00 1.0457
54400 299.65 -217.58 -20956.71 3350.00 54000.00 1.0457
54500 299.65 -217.58 -20956.71 3350.00 54000.00 1.0457
54600 299.65 -217.58 -20956.71 3350.00 54000.00 1.0457
54700 299.65 -217.58 -20956.71 3350.00 54000.00 1.0457
54800 299.65 -217.58 -20956.71 3350.00 54000.00 1.0457
54900 299.65 -217.58 -20956.71 3350.00 54000.00 1.0457
55000 299.65 -217.58 -20956.71 3350.00 54000.00 1.0457
55100 299.65 -217.58 -20956.71 3350.00 54000.00 1.0457
55200 299.65 -217.58 -20956.71 3350.00 54000.00 1.0457
55300 299.65 -217.58 -20956.71 3350.00 54000.00 1.0457
55400 299.65 -217.58 -20956.71 3350.00 54000.00 1.0457
55500 299.65 -217.58 -20956.71 3350.00 54000.00 1.0457
55600 299.65 -217.58 -20956.71 3350.00 54000.00 1.0457
55700 299.65 -217.58 -20956.71 3350.00 54000.00 1.0457
55800 299.65 -217.58 -20956.71 3350.00 54000.00 1.0457
55900 299.65 -217.58 -20956.71 3350.00 54000.00 1.0457
56000 299.65 -217.58 -20956.71 3350.00 54000.00 1.0457
56100 299.65 -217.58 -20956.71 3350.00 54000.00 1.0457
56200 299.65 -217.58 -20956.71 3350.00 54000.00 1.0457
56300 299.65 -217.58 -20956.71 3350.00 54000.00 1.0457
56400 299.65 -217.58 -20956.71 3350.00 54000.00 1.0457
56500 299.65 -217.58 -20956.71 3350.00 54000.00 1.0457
56600 299.65 -217.58 -20956.71 3350.00 54000.00 1.0457
56700 299.65 -217.58 -20956.71 3350.00 54000.00 1.0457
56800 299.65 -217.58 -20956.71 3350.00 54000.00 1.0457
56900 299.65 -217.58 -20956.71 3350.00 54000.00 1.0457
57000 299.65 -217.58 -20956.71 3350.00 54000.00 1.0457
57100 299.65 -217.58 -20956.71 3350.00 54000.00 1.0457
57200 299.65 -217.58 -20956.71 3350.00 54000.00 1.0457
57300 299.65 -217.58 -20956.71 3350.00 54000.00 1.0457
57400 299.65 -217.58 -20956.71 3350.00 54000.00 1.0457
57500 299.65 -217.58 -20956.71 3350.00 54000.00 1.0457
57600 299.65 -217.58 -20956.71 3350.00 54000.00 1.0457
57700 299.65 -217.58 -20956.71 3350.00 54000.00 1.0457
57800 299.65 -217.58 -20956.71 3350.00 54000.00 1.0457
57900 299.65 -217.58 -20956.71 3350.00 54000.00 1.0457
58000 299.65 -217.58 -20956.71 3350.00 54000.00 1.0457
58100 299.65 -217.58 -20956.71 3350.00 54000.00 1.0457
58200 299.65 -217.58 -20956.71 3350.00 54000.00 1.0457
58300 299.65 -217.58 -20956.71 3350.00 54000.00 1.0457
58400 299.65 -217.58 -20956.71 3350.00 54000.00 1.0457
58500 299.65 -217.58 -20956.71 3350.00 54000.00 1.0457
58600 299.65 -217.58 -20956.71 3350.00 54000.00 1.0457
58700 299.65 -217.58 -20956.71 3350.00 54000.00 1.0457
58800 299.65 -217.58 -20956.71 3350.00 54000.00 1.0457
58900 299.65 -217.58 -20956.71 3350.00 54000.00 1.0457
59000 299.65 -217.58 -20956.71 3350.00 54000.00 1.0457
59100 299.65 -217.58 -20956.71 3350.00 54000.00 1.0457
59200 299.65 -217.58 -20956.71 3350.00 54000.00 1.0457
59300 299.65 -217.58 -20956.71 3350.00 54000.00 1.0457
59400 299.65 -217.58 -20956.71 3350.00 54000.00 1.0457
59500 299.65 -217.58 -20956.71 3350.00 54000.00 1.0457
59600 299.65 -217.58 -20956.71 3350.00 54000.00 1.0457
59700 299.65 -217.58 -20956.71 3350.00 54000.00 1.0457
59800 299.65 -217.58 -20956.71 3350.00 54000.00 1.0457
59900 299.65 -217.58 -20956.71 3350.00 54000.00 1.0457
60000 299.65 -217.58 -20956.71 3350.00 54000.00 1.0457
60100 299.65 -217.58 -20956.71 3350.00 54000.00 1.0457
60200 299.65 -217.58 -20956.71 3350.00 54000.00 1.0457
60300 299.65 -217.58 -20956.71 3350.00 54000.00 1.0457
60400 299.65 -217.58 -20956.71 3350.00 54000.00 1.0457
60500 299.65 -217.58 -20956.71 3350.00 54000.00 1.0457
60600 299.65 -217.58 -20956.71 3350.00 54000.00 1.0457
60700 299.65 -217.58 -20956.71 3350.00 54000.00 1.0457
60800 299.65 -217.58 -20956.71 3350.00 54000.00 1.0457
60900 299.65 -217.58 -20956.71 3350.00 54000.00 1.0457
61000 299.65 -217.58 -20956.71 3350.00 54000.00 1.0457
61100 299.65 -217.58 -20956.71 3350.00 54000.00 1.0457
61200 299.65 -217.58 -20956.71 3350.00 54000.00 1.0457
61300 299.65 -217.58 -20956.71 3350.00 54000.00 1.0457
61400 299.65 -217.58 -20956.71 3350.00 54000.00 1.0457
61500 299.65 -217.58 -20956.71 3350.00 54000.00 1.0457
61600 299.65 -217.58 -20956.71 3350.00 54000.00 1.0457
61700 299.65 -217.58 -20956.71 3350.00 54000.00 1.0457
61800 299.65 -217.58 -20956.71 3350.00 54000.00 1.0457
61900 299.65 -217.58 -20956.71 3350.00 54000.00 1.0457
62000 299.65 -217.58 -20956.71 3350.00 54000.00 1.0457
62100 299.65 -217.58 -20956.71 3350.00 54000.00 1.0457
62200 299.65 -217.58 -20956.71 3350.00 54000.00 1.0457
62300 299.65 -217.58 -20956.71 3350.00 54000.00 1.0457
62400 299.65 -217.58 -20956.71 3350.00 54000.00 1.0457
62500 299.65 -217.58 -20956.71 3350.00 54000.00 1.0457
62600 299.65 -217.58 -20956.71 3350.00 54000.00 1.0457
62700 299.65 -217.58 -20956.71 3350.00 54000.00 1.0457
62800 299.65 -217.58 -20956.71 3350.00 54000.00 1.0457
62900 299.65 -217.58 -20956.71 3350.00 54000.00 1.0457
63000 299.65 -217.58 -20956.71 3350.00 54000.00 1.0457
63100 299.65 -217.58 -20956.71 3350.00 54000.00 1.0457
63200 299.65 -217.58 -20956.71 3350.00 54000.00 1.0457
63300 299.65 -217.58 -20956.71 3350.00 54000.00 1.0457
63400 299.65 -217.58 -20956.71 3350.00 54000.00 1.0457
63500 299.65 -217.58 -20956.71 3350.00 54000.00 1.0457
63600 299.65 -217.58 -20956.71 3350.00 54000.00 1.0457
63700 299.65 -217.58 -20956.71 3350.00 54000.00 1.0457
63800 299.65 -217.58 -20956.71 3350.00 54000.00 1.0457
63900 299.65 -217.58 -20956.71 3350.00 54000.00 1.0457
64000 299.65 -217.58 -20956.71 3350.00 54000.00 1.0457
64100 299.65 -217.58 -20956.71 3350.00 54000.00 1.0457
64200 299.65 -217.58 -20956.71 3350.00 54000.00 1.0457
64300 299.65 -217.58 -20956.71 3350.00 54000.00 1.0457
64400 299.65 -217.58 -20956.71 3350.00 54000.00 1.0457
64500 299.65 -217.58 -20956.71 3350.00 54000.00 1.0457
64600 299.65 -217.58 -20956.71 3350.00 54000.00 1.0457
64700 299.65 -217.58 -20956.71 3350.00 54000.00 1.0457
64800 299.65 -217.58 -20956.71 3350.00 54000.00 1.0457
64900 299.65 -217.58 -20956.71 3350.00 54000.00 1.0457
65000 299.65 -217.58 -20956.71 3350.00 54000.00 1.0457
65100 299.65 -217.58 -20956.71 3350.00 54000.00 1.0457
65200 299.65 -217.58 -20956.71 3350.00 54000.00 1.0457
65300 299.65 -217.58 -20956.71 3350.00 54000.00 1.0457
65400 299.65 -217.58 -20956.71 3350.00 54000.00 1.0457
65500 299.65 -217.58 -20956.71 3350.00 54000.00 1.0457
65600 299.65 -217.58 -20956.71 3350.00 54000.00 1.0457
65700 299.65 -217.58 -20956.71 3350.00 54000.00 1.0457
65800 299.65 -217.58 -20956.71 3350.00 54000.00 1.0457
65900 299.65 -217.58 -20956.71 3350.00 54000.00 1.0457
66000 299.65 -217.58 -20956.71 3350.00 54000.00 1.0457
66100 299.65 -217.58 -20956.71 3350.00 54000.00 1.0457
66200 299.65 -217.58 -20956.71 3350.00 54000.00 1.0457
66300 299.65 -217.58 -20956.71 3350.00 54000.00 1.0457
66400 299.65 -217.58 -20956.71 3350.00 54000.00 1.0457
66500 299.65 -217.58 -20956.71 3350.00 54000.00 1.0457
66600 299.65 -217.58 -20956.71 3350.00 54000.00 1.0457
66700 299.65 -217.58 -20956.71 3350.00 54000.00 1.0457
66800 299.65 -217.58 -20956.71 3350.00 54000.00 1.0457
66900 299.65 -217.58 -20956.71 3350.00 54000.00 1.0457
67000 299.65 -217.58 -20956.71 3350.00 54000.00 1.0457
67100 299.65 -217.58 -20956.71 3350.00 54000.00 1.0457
67200 299.65 -217.58 -20956.71 3350.00 54000.00 1.0457
67300 299.65 -217.58 -20956.71 3350.00 54000.00 1.0457
67400 299.65 -217.58 -20956.71 3350.00 54000.00 1.0457
67500 299.65 -217.58 -20956.71 3350.00 54000.00 1.0457
67600 299.65 -217.58 -20956.71 3350.00 54000.00 1.0457
67700 299.65 -217.58 -20956.71 3350.00 54000.00 1.0457
67800 299.65 -217.58 -20956.71 3350.00 54000.00 1.0457
67900 299.65 -217.58 -20956.71 3350.00 54000.00 1.0457
68000 299.65 -217.58 -20956.71 3350.00 54000.00 1.0457
68100 299.65 -217.58 -20956.71 3350.00 54000.00 1.0457
68200 299.65 -217.58 -20956.71 3350.00 54000.00 1.0457
68300 299.65 -217.58 -20956.71 3350.00 54000.00 1.0457
68400 299.65 -217.58 -20956.71 3350.00 54000.00 1.0457
68500 299.65 -217.58 -20956.71 3350.00 54000.00 1.0457
68600 299.65 -217.58 -20956.71 3350.00 54000.00 1.0457
68700 299.65 -217.58 -20956.71 3350.00 54000.00 1.0457
68800 299.65 -217.58 -20956.71 3350.00 54000.00 1.0457
68900 299.65 -217.58 -20956.71 3350.00 54000.00 1.0457
69000 299.65 -217.58 -20956.71 3350.00 54000.00 1.0457
69100 299.65 -217.58 -20956.71 3350.00 54000.00 1.0457
69200 299.65 -217.58 -20956.71 3350.00 54000.00 1.0457
69300 299.65 -217.58 -20956.71 3350.00 54000.00 1.0457
69400 299.65 -217.58 -20956.71 3350.00 54000.00 1.0457
69500 299.65 -217.58 -20956.71 3350.00 54000.00 1.0457
69600 299.65 -217.58 -20956.71 3350.00 54000.00 1.0457
69700 299.65 -217.58 -20956.71 3350.00 54000.00 1.0457
69800 299.65 -217.58 -20956.71 3350.00 54000.00 1.0457
69900 299.65 -217.58 -20956.71 3350.00 54000.00 1.0457
70000 299.65 -217.58 -20956.71 3350.00 54000.00 1.0457
70100 299.65 -217.58 -20956.71 3350.00 54000.00 1.0457
70200 299.65 -217.58 -20956.71 3350.00 54000.00 1.0457
70300 299.65 -217.58 -20956.71 3350.00 54000.00 1.0457
70400 299.65 -217.58 -20956.71 3350.00 54000.00 1.0457
70500 299.65 -217.58 -20956.71 3350.00 54000.00 1.0457
70600 299.65 -217.58 -20956.71 3350.00 54000.00 1.0457
70700 299.65 -217.58 -20956.71 3350.00 54000.00 1.0457
70800 299.65 -217.58 -20956.71 3350.00 54000.00 1.0457
70900 299.65 -217.58 -20956.71 3350.00 54000.00 1.0457
71000 299.65 -217.58 -20956.71 3350.00 54000.00 1.0457
71100 299.65 -217.58 -20956.71 3350.00 54000.00 1.0457
71200 299.65 -217.58 -20956.71 3350.00 54000.00 1.0457
71300 299.65 -217.58 -20956.71 3350.00 54000.00 1.0457
71400 299.65 -217.58 -20956.71 3350.00 54000.00 1.0457
71500 299.65 -217.58 -20956.71 3350.00 54000.00 1.0457
71600 299.65 -217.58 -20956.71 3350.00 54000.00 1.0457
71700 299.65 -217.58 -20956.71 3350.00 54000.00 1.0457
71800 299.65 -217.58 -20956.71 3350.00 54000.00 1.0457
71900 299.65 -217.58 -20956.71 3350.00 54000.00 1.0457
72000 299.65 -217.58 -20956.71 3350.00 54000.00 1.0457
72100 299.65 -217.58 -20956.71 3350.00 54000.00 1.0457
72200 299.65 -217.58 -20956.71 3350.00 54000.00 1.0457
72300 299.65 -217.58 -20956.71 3350.00 54000.00 1.0457
72400 299.65 -217.58 -20956.71 3350.00 54000.00 1.0457
72500 299.65 -217.58 -20956.71 3350.00 54000.00 1.0457
72600 299.65 -217.58 -20956.71 3350.00 54000.00 1.0457
72700 299.65 -217.58 -20956.71 3350.00 54000.00 1.0457
72800 299.65 -217.58 -20956.71 3350.00 54000.00 1.0457
72900 299.65 -217.58 -20956.71 3350.00 54000.00 1.0457
73000 299.65 -217.58 -20956.71 3350.00 54000.00 1.0457
73100 299.65 -217.58 -20956.71 3350.00 54000.00 1.0457
73200 299.65 -217.58 -20956.71 3350.00 54000.00 1.0457
73300 299.65 -217.58 -20956.71 3350.00 54000.00 1.0457
73400 299.65 -217.58 -20956.71 3350.00 54000.00 1.0457
73500 299.65 -217.58 -20956.71 3350.00 54000.00 1.0457
73600 299.65 -217.58 -20956.71 3350.00 54000.00 1.0457
73700 299.65 -217.58 -20956.71 3350.00 54000.00 1.0457
73800 299.65 -217.58 -20956.71 3350.00 54000.00 1.0457
73900 299.65 -217.58 -20956.71 3350.00 54000.00 1.0457
74000 299.65 -217.58 -20956.71 3350.00 54000.00 1.0457
74100 299.65 -217.58 -20956.71 3350.00 54000.00 1.0457
74200 299.65 -217.58 -20956.71 3350.00 54000.00 1.0457
74300 299.65 -217.58 -20956.71 3350.00 54000.00 1.0457
74400 299.65 -217.58 -20956.71 3350.00 54000.00 1.0457
74500 299.65 -217.58 -20956.71 3350.00 54000.00 1.0457
74600 299.65 -217.58 -20956.71 3350.00 54000.00 1.0457
74700 299.65 -217.58 -20956.71 3350.00 54000.00 1.0457
74800 299.65 -217.58 -20956.71 3350.00 54000.00 1.0457
74900 299.65 -217.58 -20956.71 3350.00 54000.00 1.0457
75000 299.65 -217.58 -20956.71 3350.00 54000.00 1.0457
75100 299.65 -217.58 -20956.71 3350.00 54000.00 1.0457
75200 299.65 -217.58 -20956.71 3350.00 54000.00 1.0457
75300 299.65 -217.58 -20956.71 3350.00 54000.00 1.0457
75400 299.65 -217.58 -20956.71 3350.00 54000.00 1.0457
75500 299.65 -217.58 -20956.71 3350.00 54000.00 1.0457
75600 299.65 -217.58 -20956.71 3350.00 54000.00 1.0457
75700 299.65 -217.58 -20956.71 3350.00 54000.00 1.0457
75800 299.65 -217.58 -20956.71 3350.00 54000.00 1.0457
75900 299.65 -217.58 -20956.71 3350.00 54000.00 1.0457
76000 299.65 -217.58 -20956.71 3350.00 54000.00 1.0457
76100 299.65 -217.58 -20956.71 3350.00 54000.00 1.0457
76200 299.65 -217.58 -20956.71 3350.00 54000.00 1.0457
76300 299.65 -217.58 -20956.71 3350.00 54000.00 1.0457
76400 299.65 -217.58 -20956.71 3350.00 54000.00 1.0457
76500 299.65 -217.58 -20956.71 3350.00 54000.00 1.0457
76600 299.65 -217.58 -20956.71 3350.00 54000.00 1.0457
76700 299.65 -217.58 -20956.71 3350.00 54000.00 1.0457
76800 299.65 -217.58 -20956.71 3350.00 54000.00 1.0457
76900 299.65 -217.58 -20956.71 3350.00 54000.00 1.0457
77000 299.65 -217.58 -20956.71 3350.00 54000.00 1.0457
77100 299.65 -217.58 -20956.71 3350.00 54000.00 1.0457
77200 299.65 -217.58 -20956.71 3350.00 54000.00 1.0457
77300 299.65 -217.58 -20956.71 3350.00 54000.00 1.0457
77400 299.65 -217.58 -20956.71 3350.00 54000.00 1.0457
77500 299.65 -217.58 -20956.71 3350.00 54000.00 1.0457
77600 299.65 -217.58 -20956.71 3350.00 54000.00 1.0457
77700 299.65 -217.58 -20956.71 3350.00 54000.00 1.0457
77800 299.65 -217.58 -20956.71 3350.00 54000.00 1.0457
77900 299.65 -217.58 -20956.71 3350.00 54000.00 1.0457
78000 299.65 -217.58 -20956.71 3350.00 54000.00 1.0457
78100 299.65 -217.58 -20956.71 3350.00 54000.00 1.0457
78200 299.65 -217.58 -20956.71 3350.00 54000.00 1.0457
78300 299.65 -217.58 -20956.71 3350.00 54000.00 1.0457
78400 299.65 -217.58 -20956.71 3350.00 54000.00 1.0457
78500 299.65 -217.58 -20956.71 3350.00 54000.00 1.0457
78600 299.65 -217.58 -20956.71 3350.00 54000.00 1.0457
78700 299.65 -217.58 -20956.71 3350.00 54000.00 1.0457
78800 299.65 -217.58 -20956.71 3350.00 54000.00 1.0457
78900 299.65 -217.58 -20956.71 3350.00 54000.00 1.0457
79000 299.65 -217.58 -20956.71 3350.00 54000.00 1.0457
79100 299.65 -217.58 -20956.71 3350.00 54000.00 1.0457
79200 299.65 -217.58 -20956.71 3350.00 54000.00 1.0457
79300 299.65 -217.58 -20956.71 3350.00 54000.00 1.0457
79400 299.65 -217.58 -20956.71 3350.00 54000.00 1.0457
79500 299.65 -217.58 -20956.71 3350.00 54000.00 1.0457
79600 299.65 -217.58 -20956.71 3350.00 54000.00 1.0457
79700 299.65 -217.58 -20956.71 3350.00 54000.00 1.0457
79800 299.65 -217.58 -20956.71 3350.00 54000.00 1.0457
79900 299.65 -217.58 -20956.71 3350.00 54000.00 1.0457
80000 299.65 -217.58 -20956.71 3350.00 54000.00 1.0457
80100 299.65 -217.58 -20956.71 3350.00 54000.00 1.0457
80200 299.65 -217.58 -20956.71 3350.00 54000.00 1.0457
80300 299.65 -217.58 -20956.71 3350.00 54000.00 1.0457
80400 299.65 -217.58 -20956.71 3350.00 54000.00 1.0457
80500 299.65 -217.58 -20956.71 3350.00 54000.00 1.0457
80600 299.65 -217.58 -20956.71 3350.00 54000.00 1.0457
80700 299.65 -217.58 -20956.71 3350.00 54000.00 1.0457
80800 299.65 -217.58 -20956.71 3350.00 54000.00 1.0457
80900 299.65 -217.58 -20956.71 3350.00 54000.00 1.0457
81000 299.65 -217.58 -20956.71 3350.00 54000.00 1.0457
81100 299.65 -217.58 -20956.71 3350.00 54000.00 1.0457
81200 299.65 -217.58 -20956.71 3350.00 54000.00 1.0457
81300 299.65 -217.58 -20956.71 3350.00 54000.00 1.0457
81400 299.65 -217.58 -20956.71 3350.00 54000.00 1.0457
81500 299.65 -217.58 -20956.71 3350.00 54000.00 1.0457
81600 299.65 -217.58 -20956.71 3350.00 54000.00 1.0457
81700 299.65 -217.58 -20956.71 3350.00 54000.00 1.0457
81800 299.65 -217.58 -20956.71 3350.00 54000.00 1.0457
81900 299.65 -217.58 -20956.71 3350.00 54000.00 1.0457
82000 299.65 -217.58 -20956.71 3350.00 54000.00 1.0457
82100 299.65 -217.58 -20956.71 3350.00 54000.00 1.0457
82200 299.65 -217.58 -20956.71 3350.00 54000.00 1.0457
82300 299.65 -217.58 -20956.71 3350.00 54000.00 1.0457
82400 299.65 -217.58 -20956.71 3350.00 54000.00 1.0457
82500 299.65 -217.58 -20956.71 3350.00 54000.00 1.0457
82600 299.65 -217.58 -20956.71 3350.00 54000.00 1.0457
82700 299.65 -217.58 -20956.71 3350.00 54000.00 1.0457
82800 299.65 -217.58 -20956.71 3350.00 54000.00 1.0457
82900 299.65 -217.58 -20956.71 3350.00 54000.00 1.0457
83000 299.65 -217.58 -20956.71 3350.00 54000.00 1.0457
83100 299.65 -217.58 -20956.71 3350.00 54000.00 1.0457
83200 299.65 -217.58 -20956.71 3350.00 54000.00 1.0457
83300 299.65 -217.58 -20956.71 3350.00 54000.00 1.0457
83400 299.65 -217.58 -20956.71 3350.00 54000.00 1.0457
83500 299.65 -217.58 -20956.71 3350.00 54000.00 1.0457
83600 299.65 -217.58 -20956.71 3350.00 54000.00 1.0457
83700 299.65 -217.58 -20956.71 3350.00 54000.00 1.0457
83800 299.65 -217.58 -20956.71 3350.00 54000.00 1.0457
83900 299.65 -217.58 -20956.71 3350.00 54000.00 1.0457
84000 299.65 -217.58 -20956.71 3350.00 54000.00 1.0457
84100 299.65 -217.58 -20956.71 3350.00 54000.00 1.0457
84200 299.65 -217.58 -20956.71 3350.00 54000.00 1.0457
84300 299.65 -217.58 -20956.71 3350.00 54000.00 1.0457
84400 299.65 -217.58 -20956.71 3350.00 54000.00 1.0457
84500 299.65 -217.58 -20956.71 3350.00 54000.00 1.0457
84600 299.65 -217.58 -20956.71 3350.00 54000.00 1.0457
84700 299.65 -217.58 -20956.71 3350.00 54000.00 1.0457
84800 299.65 -217.58 -20956.71 3350.00 54000.00 1.0457
84900 299.65 -217.58 -20956.71 3350.00 54000.00 1.0457
85000 299.65 -217.58 -20956.71 3350.00 54000.00 1.0457
85100 299.65 -217.58 -20956.71 3350.00 54000.00 1.0457
85200 299.65 -217.58 -20956.71 3350.00 54000.00 1.0457
85300 299.65 -217.58 -20956.71 3350.00 54000.00 1.0457
85400 299.65 -217.58 -20956.71 3350.00 54000.00 1.0457
85500 299.65 -217.58 -20956.71 3350.00 54000.00 1.0457
85600 299.65 -217.58 -20956.71 3350.00 54000.00 1.0457
85700 299.65 -217.58 -20956.71 3350.00 54000.00 1.0457
85800 299.65 -217.58 -20956.71 3350.00 54000.00 1.0457
85900 299.65 -217.58 -20956.71 3350.00 54000.00 1.0457
86000 299.65 -217.58 -20956.71 3350.00 54000.00 1.0457
86100 299.65 -217.58 -20956.71 3350.00 54000.00 1.0457
86200 299.65 -217.58 -20956.71 3350.00 54000.00 1.0457
86300 299.65 -217.58 -20956.71 3350.00 54000.00 1.0457
86400 299.65 -217.58 -20956.71 3350.00 54000.00 1.0457
86500 299.65 -217.58 -20956.71 3350.00 54000.00 1.0457
86600 299.65 -217.58 -20956.71 3350.00 54000.00 1.0457
86700 299.65 -217.58 -20956.71 3350.00 54000.00 1.0457
86800 299.65 -217.58 -20956.71 3350.00 54000.00 1.0457
86900 299.65 -217.58 -20956.71 3350.00 54000.00 1.0457
87000 299.65 -217.58 -20956.71 3350.00 54000.00 1.0457
87100 299.65 -217.58 -20956.71 3350.00 54000.00 1.0457
87200 299.65 -217.58 -20956.71 3350.00 54000.00 1.0457
87300 299.65 -217.58 -20956.71 3350.00 54000.00 1.0457
87400 299.65 -217.58 -20956.71 3350.00 54000.00 1.0457
87500 299.65 -217.58 -20956.71 3350.00 54000.00 1.0457
87600 299.65 -217.58 -20956.71 3350.00 54000.00 1.0457
87700 299.65 -217.58 -20956.71 3350.00 54000.00 1.0457
87800 299.65 -217.58 -20956.71 3350.00 54000.00 1.0457
87900 299.65 -217.58 -20956.71 3350.00 54000.00 1.0457
88000 299.65 -217.58 -20956.71 3350.00 54000.00 1.0457
88100 299.65 -217.58 -20956.71 3350.00 54000.00 1.0457
88200 299.65 -217.58 -20956.71 3350.00 54000.00 1.0457
88300 299.65 -217.58 -20956.71 3350.00 54000.00 1.0457
88400 299.65 -217.58 -20956.71 3350.00 54000.00 1.0457
88500 299.65 -217.58 -20956.71 3350.00 54000.00 1.0457
88600 299.65 -217.58 -20956.71 3350.00 54000.00 1.0457
88700 299.65 -217.58 -20956.71 3350.00 54000.00 1.0457
88800 299.65 -217.58 -20956.71 3350.00 54000.00 1.0457
88900 299.65 -217.58 -20956.71 3350.00 54000.00 1.0457
89000 299.65 -217.58 -20956.71 3350.00 54000.00 1.0457
89100 299.65 -217.58 -20956.71 3350.00 54000.00 1.0457
89200 299.65 -217.58 -20956.71 3350.00 54000.00 1.0457
89300 299.65 -217.58 -20956.71 3350.00 54000.00 1.0457
89400 299.65 -217.58 -20956.71 3350.00 54000.00 1.0457
89500 299.65 -217.58 -20956.71 3350.00 54000.00 1.0457
89600 299.65 -217.58 -20956.71 3350.00 54000.00 1.0457
89700 299.65 -217.58 -20956.71 3350.00 54000.00 1.0457
89800 299.65 -217.58 -20956.71 3350.00 54000.00 1.0457
89900 299.65 -217.58 -20956.71 3350.00 54000.00 1.0457
90000 299.65 -217.58 -20956.71 3350.00 54000.00 1.0457
90100 299.65 -217.58 -20956.71 3350.00 54000.00 1.0457
90200 299.65 -217.58 -20956.71 3350.00 54000.00 1.0457
90300 299.65 -217.58 -20956.71 3350.00 54000.00 1.0457
90400 299.65 -217.58 -20956.71 3350.00 54000.00 1.0457
90500 299.65 -217.58 -20956.71 3350.00 54000.00 1.0457
90600 299.65 -217.58 -20956.71 3350.00 54000.00 1.0457
90700 299.65 -217.58 -20956.71 3350.00 54000.00 1.0457
90800 299.65 -217.58 -20956.71 3350.00 54000.00 1.0457
90900 299.65 -217.58 -20956.71 3350.00 54000.00 1.0457
91000 299.65 -217.58 -20956.71 3350.00 54000.00 1.0457
91100 299.65 -217.58 -20956.71 3350.00 54000.00 1.0457
91200 299.65 -217.58 -20956.71 3350.00 54000.00 1.0457
91300 299.65 -217.58 -20956.71 3350.00 54000.00 1.0457
91400 299.65 -217.58 -20956.71 3350.00 54000.00 1.0457
91500 299.65 -217.58 -20956.71 3350.00 54000.00 1.0457
91600 299.65 -217.58 -20956.71 3350.00 54000.00 1.0457
91700 299.65 -217.58 -20956.71 3350.00 54000.00 1.0457
91800 299.65 -217.58 -20956.71 3350.00 54000.00 1.0457
91900 299.65 -217.58 -20956.71 3350.00 54000.00 1.0457
92000 299.65 -217.58 -20956.71 3350.00 54000.00 1.0457
92100 299.65 -217.58 -20956.71 3350.00 54000.00 1.0457
92200 299.65 -217.58 -20956.71 3350.00 54000.00 1.0457
92300 299.65 -217.58 -20956.71 3350.00 54000.00 1.0457
92400 299.65 -217.58 -20956.71 3350.00 54000.00 1.0457
92500 299.65 -217.58 -20956.71 3350.00 54000.00 1.0457
92600 299.65 -217.58 -20956.71 3350.00 54000.00 1.0457
92700 299.65 -217.58 -20956.71 3350.00 54000.00 1.0457
92800 299.65 -217.58 -20956.71 3350.00 54000.00 1.0457
92900 299.65 -217.58 -20956.71 3350.00 54000.00 1.0457
93000 299.65 -217.58 -20956.71 3350.00 54000.00 1.0457
93100 299.65 -217.58 -20956.71 3350.00 54000.00 1.0457
93200 299.65 -217.58 -20956.71 3350.00 54000.00 1.0457
93300 299.65 -217.58 -20956.71 3350.00 54000.00 1.0457
93400 299.65 -217.58 -20956.71 3350.00 54000.00 1.0457
93500 299.65 -217.58 -20956.71 3350.00 54000.00 1.0457
93600 299.65 -217.58 -20956.71 3350.00 54000.00 1.0457
93700 299.65 -217.58 -20956.71 3350.00 54000.00 1.0457
93800 299.65 -217.58 -20956.71 3350.00 54000.00 1.0457
93900 299.65 -217.58 -20956.71 3350.00 54000.00 1.0457
94000 299.65 -217.58 -20956.71 3350.00 54000.00 1.0457
94100 299.65 -217.58 -20956.71 3350.00 54000.00 1.0457
94200 299.65 -217.58 -20956.71 3350.00 54000.00 1.0457
94300 299.65 -217.58 -20956.71 3350.00 54000.00 1.0457
94400 299.65 -217.58 -20956.71 3350.00 54000.00 1.0457
94500 299.65 -217.58 -20956.71 3350.00 54000.00 1.0457
94600 299.65 -217.58 -20956.71 3350.00 54000.00 1.0457
94700 299.65 -217.58 -20956.71 3350.00 54000.00 1.0457
94800 299.65 -217.58 -20956.71 3350.00 54000.00 1.0457
94900 299.65 -217.58 -20956.71 3350.00 54000.00 1.0457
95000 299.65 -217.58 -20956.71 3350.00 54000.00 1.0457
95100 299.65 -217.58 -20956.71 3350.00 54000.00 1.0457
95200 299.65 -217.58 -20956.71 3350.00 54000.00 1.0457
95300 299.65 -217.58 -20956.71 3350.00 54000.00 1.0457
95400 299.65 -217.58 -20956.71 3350.00 54000.00 1.0457
95500 299.65 -217.58 -20956.71 3350.00 54000.00 1.0457
95600 299.65 -217.58 -20956.71 3350.00 54000.00 1.0457
95700 299.65 -217.58 -20956.71 3350.00 54000.00 1.0457
95800 299.65 -217.58 -20956.71 3350.00 54000.00 1.0457
95900 299.65 -217.58 -20956.71 3350.00 54000.00 1.0457
96000 299.65 -217.58 -20956.71 3350.00 54000.00 1.0457
96100 299.65 -217.58 -20956.71 3350.00 54000.00 1.0457
96200 299.65 -217.58 -20956.71 3350.00 54000.00 1.0457
96300 299.65 -217.58 -20956.71 3350.00 54000.00 1.0457
96400 299.65 -217.58 -20956.71 3350.00 54000.00 1.0457
96500 299.65 -217.58 -20956.71 3350.00 54000.00 1.0457
96600 299.65 -217.58 -20956.71 3350.00 54000.00 1.0457
96700 299.65 -217.58 -20956.71 3350.00 54000.00 1.0457
96800 299.65 -217.58 -20956.71 3350.00 54000.00 1.0457
96900 299.65 -217.58 -20956.71 3350.00 54000.00 1.0457
97000 299.65 -217.58 -20956.71 3350.00 54000.00 1.0457
97100 299.65 -217.58 -20956.71 3350.00 54000.00 1.0457
97200 299.65 -217.58 -20956.71 3350.00 54000.00 1.0457
97300 299.65 -217.58 -20956.71 3350.00 54000.00 1.0457
97400 299.65 -217.58 -20956.71 3350.00 54000.00 1.0457
97500 299.65 -217.58 -20956.71 3350.00 54000.00 1.0457
97600 299.65 -217.58 -20956.71 3350.00 54000.00 1.0457
97700 299.65 -217.58 -20956.71 3350.00 54000.00 1.0457
97800 299.65 -217.58 -20956.71 3350.00 54000.00 1.0457
97900 299.65 -217.58 -20956.71 3350.00 54000.00 1.0457
98000 299.65 -217.58 -20956.71 3350.00 54000.00 1.0457
98100 299.65 -217.58 -20956.71 3350.00 54000.00 1.0457
98200 299.65 -217.58 -20956.71 3350.00 54000.00 1.0457
98300 299.65 -217.58 -20956.71 3350.00 54000.00 1.0457
98400 299.65 -217.58 -20956.71 3350.00 54000.00 1.0457
98500 299.65 -217.58 -20956.71 3350.00 54000.00 1.0457
98600 299.65 -217.58 -20956.71 3350.00 54000.00 1.0457
98700 299.65 -217.58 -20956.71 3350.00 54000.00 1.0457
98800 299.65 -217.58 -20956.71 3350.00 54000.00 1.0457
98900 299.65 -217.58 -20956.71 3350.00 54000.00 1.0457
99000 299.65 -217.58 -20956.71 3350.00 54000.00 1.0457
99100 299.65 -217.58 -20956.71 3350.00 54000.00 1.0457
99200 299.65 -217.58 -20956.71 3350.00 54000.00 1.0457
99300 299.65 -217.58 -20956.71 3350.00 54000.00 1.0457
99400 299.65 -217.58 -20956.71 3350.00 54000.00 1.0457
99500 299.65 -217.58 -20956.71 3350.00 54000.00 1.0457
99600 299.65 -217.58 -20956.71 3350.00 54000.00 1.0457
99700 299.65 -217.58 -20956.71 3350.00 54000.00 1.0457
99800 299.65 -217.58 -20956.71 3350.00 54000.00 1.0457
99900 299.65 -217.58 -20956.71 3350.00 54000.00 1.0457
