# TimeStep Temp Press PotEng KinEng Volume Density
0 297.21 -34.79 -21143.60 3350.00 54000.00 1.0449
100 298.20 -155.96 -21043.74 3350.00 54000.00 1.0468
200 298.78 -157.86 -21010.07 3350.00 54000.00 1.0468
300 299.19 -149.55 -20975.93 3350.00 54000.00 1.0468
400 299.46 -137.72 -20945.59 3350.00 54000.00 1.0468
500 299.64 -126.10 -20920.88 3350.00 54000.00 1.0466
600 299.75 -116.12 -20901.85 3350.00 54000.00 1.0465
700 299.83 -108.11 -20887.76 3350.00 54000.00 1.0464
800 299.88 -101.95 -20877.64 3350.00 54000.00 1.0463
900 299.91 -97.35 -20870.57 3350.00 54000.00 1.0463
1000 299.93 -93.99 -20865.76 3350.00 54000.00 1.0462
1100 299.94 -91.58 -20862.55 3350.00 54000.00 1.0462
1200 299.95 -89.87 -20860.48 3350.00 54000.00 1.0462
1300 299.96 -88.68 -20859.19 3350.00 54000.00 1.0462
1400 299.96 -87.86 -20858.42 3350.00 54000.00 1.0462
1500 299.96 -87.32 -20858.01 3350.00 54000.00 1.0462
1600 299.96 -86.96 -20857.83 3350.00 54000.00 1.0462
1700 299.96 -86.75 -20857.80 3350.00 54000.00 1.0462
1800 299.96 -86.63 -20857.86 3350.00 54000.00 1.0462
1900 299.96 -86.57 -20857.98 3350.00 54000.00 1.0462
2000 299.96 -86.57 -20858.13 3350.00 54000.00 1.0462
2100 299.96 -86.59 -20858.30 3350.00 54000.00 1.0462
2200 299.96 -86.63 -20858.47 3350.00 54000.00 1.0462
2300 299.96 -86.69 -20858.65 3350.00 54000.00 1.0462
2400 299.96 -86.75 -20858.82 3350.00 54000.00 1.0462
2500 299.96 -86.81 -20858.97 3350.00 54000.00 1.0462
2600 299.96 -86.88 -20859.13 3350.00 54000.00 1.0462
2700 299.96 -86.95 -20859.27 3350.00 54000.00 1.0462
2800 299.96 -87.01 -20859.41 3350.00 54000.00 1.0462
2900 299.96 -87.07 -20859.53 3350.00 54000.00 1.0462
3000 299.96 -87.14 -20859.64 3350.00 54000.00 1.0462
3100 299.96 -87.19 -20859.75 3350.00 54000.00 1.0462
3200 299.96 -87.24 -20859.85 3350.00 54000.00 1.0462
3300 299.96 -87.29 -20859.94 3350.00 54000.00 1.0463
3400 299.96 -87.34 -20860.02 3350.00 54000.00 1.0463
3500 299.96 -87.38 -20860.10 3350.00 54000.00 1.0463
3600 299.96 -87.42 -20860.17 3350.00 54000.00 1.0463
3700 299.96 -87.46 -20860.24 3350.00 54000.00 1.0463
3800 299.96 -87.49 -20860.30 3350.00 54000.00 1.0463
3900 299.96 -87.52 -20860.35 3350.00 54000.00 1.0463
4000 299.96 -87.55 -20860.41 3350.00 54000.00 1.0463
4100 299.96 -87.58 -20860.46 3350.00 54000.00 1.0463
4200 299.96 -87.61 -20860.50 3350.00 54000.00 1.0463
4300 299.96 -87.63 -20860.55 3350.00 54000.00 1.0463
4400 299.96 -87.66 -20860.59 3350.00 54000.00 1.0463
4500 299.96 -87.68 -20860.63 3350.00 54000.00 1.0463
4600 299.96 -87.70 -20860.67 3350.00 54000.00 1.0463
4700 299.96 -87.71 -20860.70 3350.00 54000.00 1.0463
4800 299.96 -87.73 -20860.73 3350.00 54000.00 1.0463
4900 299.96 -87.75 -20860.76 3350.00 54000.00 1.0463
5000 299.96 -87.76 -20860.79 3350.00 54000.00 1.0463
5100 299.96 -87.78 -20860.82 3350.00 54000.00 1.0463
5200 299.96 -87.79 -20860.84 3350.00 54000.00 1.0463
5300 299.96 -87.80 -20860.86 3350.00 54000.00 1.0463
5400 299.96 -87.81 -20860.88 3350.00 54000.00 1.0463
5500 299.96 -87.82 -20860.90 3350.00 54000.00 1.0463
5600 299.96 -87.83 -20860.92 3350.00 54000.00 1.0463
5700 299.96 -87.84 -20860.95 3350.00 54000.00 1.0463
5800 299.96 -87.85 -20860.96 3350.00 54000.00 1.0463
5900 299.96 -87.87 -20860.98 3350.00 54000.00 1.0463
6000 299.96 -87.87 -20861.00 3350.00 54000.00 1.0463
6100 299.96 -87.88 -20861.02 3350.00 54000.00 1.0463
6200 299.96 -87.89 -20861.04 3350.00 54000.00 1.0463
6300 299.96 -87.89 -20861.05 3350.00 54000.00 1.0463
6400 299.96 -87.90 -20861.07 3350.00 54000.00 1.0463
6500 299.96 -87.91 -20861.08 3350.00 54000.00 1.0463
6600 299.96 -87.91 -20861.10 3350.00 54000.00 1.0463
6700 299.96 -87.92 -20861.12 3350.00 54000.00 1.0463
6800 299.96 -87.92 -20861.13 3350.00 54000.00 1.0463
6900 299.96 -87.93 -20861.14 3350.00 54000.00 1.0463
7000 299.96 -87.93 -20861.15 3350.00 54000.00 1.0463
7100 299.96 -87.94 -20861.16 3350.00 54000.00 1.0463
7200 299.96 -87.94 -20861.17 3350.00 54000.00 1.0463
7300 299.96 -87.95 -20861.18 3350.00 54000.00 1.0463
7400 299.96 -87.95 -20861.19 3350.00 54000.00 1.0463
7500 299.96 -87.96 -20861.21 3350.00 54000.00 1.0463
7600 299.96 -87.96 -20861.22 3350.00 54000.00 1.0463
7700 299.96 -87.97 -20861.22 3350.00 54000.00 1.0463
7800 299.96 -87.97 -20861.23 3350.00 54000.00 1.0463
7900 299.96 -87.97 -20861.24 3350.00 54000.00 1.0463
8000 299.96 -87.97 -20861.25 3350.00 54000.00 1.0463
8100 299.96 -87.98 -20861.26 3350.00 54000.00 1.0463
8200 299.96 -87.98 -20861.27 3350.00 54000.00 1.0463
8300 299.96 -87.98 -20861.28 3350.00 54000.00 1.0463
8400 299.96 -87.99 -20861.29 3350.00 54000.00 1.0463
8500 299.96 -87.99 -20861.30 3350.00 54000.00 1.0463
8600 299.96 -87.99 -20861.30 3350.00 54000.00 1.0463
8700 299.96 -88.00 -20861.32 3350.00 54000.00 1.0463
8800 299.96 -88.00 -20861.32 3350.00 54000.00 1.0463
8900 299.96 -88.00 -20861.33 3350.00 54000.00 1.0463
9000 299.96 -88.00 -20861.34 3350.00 54000.00 1.0463
9100 299.96 -88.00 -20861.35 3350.00 54000.00 1.0463
9200 299.96 -88.01 -20861.36 3350.00 54000.00 1.0463
9300 299.96 -88.01 -20861.36 3350.00 54000.00 1.0463
9400 299.96 -88.01 -20861.36 3350.00 54000.00 1.0463
9500 299.96 -88.01 -20861.37 3350.00 54000.00 1.0463
9600 299.96 -88.01 -20861.37 3350.00 54000.00 1.0463
9700 299.96 -88.02 -20861.38 3350.00 54000.00 1.0463
9800 299.96 -88.02 -20861.38 3350.00 54000.00 1.0463
9900 299.96 -88.02 -20861.39 3350.00 54000.00 1.0463
10000 299.96 -88.02 -20861.39 3350.00 54000.00 1.0463
10100 299.96 -88.02 -20861.40 3350.00 54000.00 1.0463
10200 299.96 -88.02 -20861.41 3350.00 54000.00 1.0463
10300 299.96 -88.03 -20861.42 3350.00 54000.00 1.0463
10400 299.96 -88.03 -20861.42 3350.00 54000.00 1.0463
10500 299.96 -88.03 -20861.43 3350.00 54000.00 1.0463
10600 299.96 -88.04 -20861.44 3350.00 54000.00 1.0463
10700 299.96 -88.04 -20861.45 3350.00 54000.00 1.0463
10800 299.96 -88.04 -20861.45 3350.00 54000.00 1.0463
10900 299.96 -88.04 -20861.46 3350.00 54000.00 1.0463
11000 299.96 -88.04 -20861.47 3350.00 54000.00 1.0463
11100 299.96 -88.04 -20861.47 3350.00 54000.00 1.0463
11200 299.96 -88.04 -20861.47 3350.00 54000.00 1.0463
11300 299.96 -88.04 -20861.48 3350.00 54000.00 1.0463
11400 299.96 -88.04 -20861.48 3350.00 54000.00 1.0463
11500 299.96 -88.05 -20861.49 3350.00 54000.00 1.0463
11600 299.96 -88.05 -20861.49 3350.00 54000.00 1.0463
11700 299.96 -88.05 -20861.50 3350.00 54000.00 1.0463
11800 299.96 -88.05 -20861.50 3350.00 54000.00 1.0463
11900 299.96 -88.05 -20861.51 3350.00 54000.00 1.0463
12000 299.96 -88.05 -20861.51 3350.00 54000.00 1.0463
12100 299.96 -88.05 -20861.51 3350.00 54000.00 1.0463
12200 299.96 -88.05 -20861.51 3350.00 54000.00 1.0463
12300 299.96 -88.05 -20861.52 3350.00 54000.00 1.0463
12400 299.96 -88.05 -20861.52 3350.00 54000.00 1.0463
12500 299.96 -88.05 -20861.53 3350.00 54000.00 1.0463
12600 299.96 -88.06 -20861.53 3350.00 54000.00 1.0463
12700 299.96 -88.06 -20861.54 3350.00 54000.00 1.0463
12800 299.96 -88.05 -20861.54 3350.00 54000.00 1.0463
12900 299.96 -88.06 -20861.55 3350.00 54000.00 1.0463
13000 299.96 -88.06 -20861.55 3350.00 54000.00 1.0463
13100 299.96 -88.06 -20861.56 3350.00 54000.00 1.0463
13200 299.96 -88.06 -20861.56 3350.00 54000.00 1.0463
13300 299.96 -88.06 -20861.56 3350.00 54000.00 1.0463
13400 299.96 -88.06 -20861.56 3350.00 54000.00 1.0463
13500 299.96 -88.06 -20861.57 3350.00 54000.00 1.0463
13600 299.96 -88.06 -20861.57 3350.00 54000.00 1.0463
13700 299.96 -88.06 -20861.58 3350.00 54000.00 1.0463
13800 299.96 -88.06 -20861.58 3350.00 54000.00 1.0463
13900 299.96 -88.06 -20861.58 3350.00 54000.00 1.0463
14000 299.96 -88.07 -20861.59 3350.00 54000.00 1.0463
14100 299.96 -88.07 -20861.59 3350.00 54000.00 1.0463
14200 299.96 -88.07 -20861.59 3350.00 54000.00 1.0463
14300 299.96 -88.07 -20861.60 3350.00 54000.00 1.0463
14400 299.96 -88.07 -20861.61 3350.00 54000.00 1.0463
14500 299.96 -88.07 -20861.61 3350.00 54000.00 1.0463
14600 299.96 -88.07 -20861.61 3350.00 54000.00 1.0463
14700 299.96 -88.07 -20861.62 3350.00 54000.00 1.0463
14800 299.96 -88.07 -20861.62 3350.00 54000.00 1.0463
14900 299.96 -88.08 -20861.62 3350.00 54000.00 1.0463
15000 299.96 -88.08 -20861.62 3350.00 54000.00 1.0463
15100 299.96 -88.08 -20861.63 3350.00 54000.00 1.0463
15200 299.96 -88.08 -20861.63 3350.00 54000.00 1.0463
15300 299.96 -88.08 -20861.63 3350.00 54000.00 1.0463
15400 299.96 -88.08 -20861.63 3350.00 54000.00 1.0463
15500 299.96 -88.08 -20861.63 3350.00 54000.00 1.0463
15600 299.97 -88.08 -20861.63 3350.00 54000.00 1.0463
15700 299.97 -88.08 -20861.64 3350.00 54000.00 1.0463
15800 299.97 -88.08 -20861.64 3350.00 54000.00 1.0463
15900 299.97 -88.08 -20861.65 3350.00 54000.00 1.0463
16000 299.97 -88.08 -20861.65 3350.00 54000.00 1.0463
16100 299.97 -88.08 -20861.66 3350.00 54000.00 1.0463
16200 299.97 -88.08 -20861.66 3350.00 54000.00 1.0463
16300 299.97 -88.08 -20861.67 3350.00 54000.00 1.0463
16400 299.97 -88.08 -20861.67 3350.00 54000.00 1.0463
16500 299.97 -88.09 -20861.68 3350.00 54000.00 1.0463
16600 299.97 -88.09 -20861.68 3350.00 54000.00 1.0463
16700 299.97 -88.09 -20861.68 3350.00 54000.00 1.0463
16800 299.97 -88.09 -20861.69 3350.00 54000.00 1.0463
16900 299.97 -88.09 -20861.69 3350.00 54000.00 1.0463
17000 299.97 -88.09 -20861.70 3350.00 54000.00 1.0463
17100 299.97 -88.09 -20861.70 3350.00 54000.00 1.0463
17200 299.97 -88.09 -20861.70 3350.00 54000.00 1.0463
17300 299.97 -88.09 -20861.71 3350.00 54000.00 1.0463
17400 299.97 -88.09 -20861.71 3350.00 54000.00 1.0463
17500 299.97 -88.09 -20861.71 3350.00 54000.00 1.0463
17600 299.97 -88.09 -20861.71 3350.00 54000.00 1.0463
17700 299.97 -88.09 -20861.72 3350.00 54000.00 1.0463
17800 299.97 -88.09 -20861.72 3350.00 54000.00 1.0463
17900 299.97 -88.09 -20861.72 3350.00 54000.00 1.0463
18000 299.97 -88.09 -20861.72 3350.00 54000.00 1.0463
18100 299.97 -88.09 -20861.72 3350.00 54000.00 1.0463
18200 299.97 -88.09 -20861.72 3350.00 54000.00 1.0463
18300 299.97 -88.09 -20861.72 3350.00 54000.00 1.0463
18400 299.97 -88.10 -20861.73 3350.00 54000.00 1.0463
18500 299.97 -88.10 -20861.73 3350.00 54000.00 1.0463
18600 299.97 -88.10 -20861.73 3350.00 54000.00 1.0463
18700 299.97 -88.10 -20861.74 3350.00 54000.00 1.0463
18800 299.97 -88.10 -20861.75 3350.00 54000.00 1.0463
18900 299.97 -88.10 -20861.75 3350.00 54000.00 1.0463
19000 299.97 -88.10 -20861.76 3350.00 54000.00 1.0463
19100 299.97 -88.10 -20861.76 3350.00 54000.00 1.0463
19200 299.97 -88.10 -20861.76 3350.00 54000.00 1.0463
19300 299.97 -88.10 -20861.76 3350.00 54000.00 1.0463
19400 299.97 -88.10 -20861.76 3350.00 54000.00 1.0463
19500 299.97 -88.10 -20861.76 3350.00 54000.00 1.0463
19600 299.97 -88.10 -20861.76 3350.00 54000.00 1.0463
19700 299.97 -88.10 -20861.76 3350.00 54000.00 1.0463
19800 299.97 -88.10 -20861.76 3350.00 54000.00 1.0463
19900 299.97 -88.10 -20861.76 3350.00 54000.00 1.0463
20000 299.97 -88.10 -20861.76 3350.00 54000.00 1.0463
20100 299.97 -88.10 -20861.77 3350.00 54000.00 1.0463
20200 299.97 -88.10 -20861.77 3350.00 54000.00 1.0463
20300 299.97 -88.10 -20861.77 3350.00 54000.00 1.0463
20400 299.97 -88.10 -20861.77 3350.00 54000.00 1.0463
20500 299.97 -88.10 -20861.77 3350.00 54000.00 1.0463
20600 299.97 -88.10 -20861.78 3350.00 54000.00 1.0463
20700 299.97 -88.10 -20861.78 3350.00 54000.00 1.0463
20800 299.97 -88.10 -20861.78 3350.00 54000.00 1.0463
20900 299.97 -88.10 -20861.78 3350.00 54000.00 1.0463
21000 299.97 -88.10 -20861.78 3350.00 54000.00 1.0463
21100 299.97 -88.10 -20861.79 3350.00 54000.00 1.0463
21200 299.97 -88.10 -20861.79 3350.00 54000.00 1.0463
21300 299.97 -88.10 -20861.79 3350.00 54000.00 1.0463
21400 299.97 -88.10 -20861.79 3350.00 54000.00 1.0463
21500 299.97 -88.11 -20861.79 3350.00 54000.00 1.0463
21600 299.97 -88.11 -20861.80 3350.00 54000.00 1.0463
21700 299.97 -88.11 -20861.81 3350.00 54000.00 1.0463
21800 299.97 -88.11 -20861.81 3350.00 54000.00 1.0463
21900 299.97 -88.11 -20861.81 3350.00 54000.00 1.0463
22000 299.97 -88.11 -20861.81 3350.00 54000.00 1.0463
22100 299.97 -88.11 -20861.81 3350.00 54000.00 1.0463
22200 299.97 -88.11 -20861.81 3350.00 54000.00 1.0463
22300 299.97 -88.11 -20861.82 3350.00 54000.00 1.0463
22400 299.97 -88.11 -20861.82 3350.00 54000.00 1.0463
22500 299.97 -88.11 -20861.83 3350.00 54000.00 1.0463
22600 299.97 -88.11 -20861.83 3350.00 54000.00 1.0463
22700 299.97 -88.11 -20861.83 3350.00 54000.00 1.0463
22800 299.97 -88.11 -20861.82 3350.00 54000.00 1.0463
22900 299.97 -88.11 -20861.83 3350.00 54000.00 1.0463
23000 299.97 -88.11 -20861.83 3350.00 54000.00 1.0463
23100 299.97 -88.11 -20861.83 3350.00 54000.00 1.0463
23200 299.97 -88.11 -20861.83 3350.00 54000.00 1.0463
23300 299.97 -88.11 -20861.84 3350.00 54000.00 1.0463
23400 299.97 -88.11 -20861.84 3350.00 54000.00 1.0463
23500 299.97 -88.12 -20861.84 3350.00 54000.00 1.0463
23600 299.97 -88.11 -20861.84 3350.00 54000.00 1.0463
23700 299.97 -88.12 -20861.84 3350.00 54000.00 1.0463
23800 299.97 -88.12 -20861.84 3350.00 54000.00 1.0463
23900 299.97 -88.12 -20861.84 3350.00 54000.00 1.0463
24000 299.97 -88.12 -20861.84 3350.00 54000.00 1.0463
24100 299.97 -88.12 -20861.85 3350.00 54000.00 1.0463
24200 299.97 -88.12 -20861.85 3350.00 54000.00 1.0463
24300 299.97 -88.11 -20861.85 3350.00 54000.00 1.0463
24400 299.97 -88.11 -20861.85 3350.00 54000.00 1.0463
24500 299.97 -88.12 -20861.85 3350.00 54000.00 1.0463
24600 299.97 -88.12 -20861.86 3350.00 54000.00 1.0463
24700 299.97 -88.12 -20861.86 3350.00 54000.00 1.0463
24800 299.97 -88.12 -20861.86 3350.00 54000.00 1.0463
24900 299.97 -88.11 -20861.86 3350.00 54000.00 1.0463
25000 299.97 -88.11 -20861.86 3350.00 54000.00 1.0463
25100 299.97 -88.11 -20861.86 3350.00 54000.00 1.0463
25200 299.97 -88.11 -20861.86 3350.00 54000.00 1.0463
25300 299.97 -88.11 -20861.87 3350.00 54000.00 1.0463
25400 299.97 -88.11 -20861.87 3350.00 54000.00 1.0463
25500 299.97 -88.11 -20861.87 3350.00 54000.00 1.0463
25600 299.97 -88.11 -20861.87 3350.00 54000.00 1.0463
25700 299.97 -88.11 -20861.87 3350.00 54000.00 1.0463
25800 299.97 -88.11 -20861.87 3350.00 54000.00 1.0463
25900 299.97 -88.11 -20861.88 3350.00 54000.00 1.0463
26000 299.97 -88.11 -20861.88 3350.00 54000.00 1.0463
26100 299.97 -88.11 -20861.88 3350.00 54000.00 1.0463
26200 299.97 -88.11 -20861.88 3350.00 54000.00 1.0463
26300 299.97 -88.12 -20861.88 3350.00 54000.00 1.0463
26400 299.97 -88.12 -20861.88 3350.00 54000.00 1.0463
26500 299.97 -88.12 -20861.89 3350.00 54000.00 1.0463
26600 299.97 -88.12 -20861.89 3350.00 54000.00 1.0463
26700 299.97 -88.12 -20861.89 3350.00 54000.00 1.0463
26800 299.97 -88.12 -20861.90 3350.00 54000.00 1.0463
26900 299.97 -88.12 -20861.90 3350.00 54000.00 1.0463
27000 299.97 -88.12 -20861.90 3350.00 54000.00 1.0463
27100 299.97 -88.12 -20861.90 3350.00 54000.00 1.0463
27200 299.97 -88.12 -20861.90 3350.00 54000.00 1.0463
27300 299.97 -88.12 -20861.90 3350.00 54000.00 1.0463
27400 299.97 -88.12 -20861.90 3350.00 54000.00 1.0463
27500 299.97 -88.12 -20861.91 3350.00 54000.00 1.0463
27600 299.97 -88.12 -20861.91 3350.00 54000.00 1.0463
27700 299.97 -88.12 -20861.91 3350.00 54000.00 1.0463
27800 299.97 -88.13 -20861.92 3350.00 54000.00 1.0463
27900 299.97 -88.13 -20861.92 3350.00 54000.00 1.0463
28000 299.97 -88.13 -20861.92 3350.00 54000.00 1.0463
28100 299.97 -88.13 -20861.92 3350.00 54000.00 1.0463
28200 299.97 -88.13 -20861.92 3350.00 54000.00 1.0463
28300 299.97 -88.13 -20861.93 3350.00 54000.00 1.0463
28400 299.97 -88.13 -20861.93 3350.00 54000.00 1.0463
28500 299.97 -88.13 -20861.93 3350.00 54000.00 1.0463
28600 299.97 -88.13 -20861.93 3350.00 54000.00 1.0463
28700 299.97 -88.13 -20861.94 3350.00 54000.00 1.0463
28800 299.97 -88.13 -20861.94 3350.00 54000.00 1.0463
28900 299.97 -88.13 -20861.95 3350.00 54000.00 1.0463
29000 299.97 -88.13 -20861.96 3350.00 54000.00 1.0463
29100 299.97 -88.13 -20861.96 3350.00 54000.00 1.0463
29200 299.97 -88.13 -20861.96 3350.00 54000.00 1.0463
29300 299.97 -88.13 -20861.96 3350.00 54000.00 1.0463
29400 299.97 -88.13 -20861.96 3350.00 54000.00 1.0463
29500 299.97 -88.13 -20861.96 3350.00 54000.00 1.0463
29600 299.97 -88.13 -20861.96 3350.00 54000.00 1.0463
29700 299.97 -88.13 -20861.96 3350.00 54000.00 1.0463
29800 299.97 -88.13 -20861.96 3350.00 54000.00 1.0463
29900 299.97 -88.13 -20861.96 3350.00 54000.00 1.0463
30000 299.97 -88.13 -20861.96 3350.00 54000.00 1.0463
30100 299.97 -88.13 -20861.96 3350.00 54000.00 1.0463
30200 299.97 -88.13 -20861.96 3350.00 54000.00 1.0463
30300 299.97 -88.13 -20861.96 3350.00 54000.00 1.0463
30400 299.97 -88.13 -20861.97 3350.00 54000.00 1.0463
30500 299.97 -88.13 -20861.97 3350.00 54000.00 1.0463
30600 299.97 -88.13 -20861.97 3350.00 54000.00 1.0463
30700 299.97 -88.13 -20861.97 3350.00 54000.00 1.0463
30800 299.97 -88.13 -20861.97 3350.00 54000.00 1.0463
30900 299.97 -88.13 -20861.97 3350.00 54000.00 1.0463
31000 299.97 -88.13 -20861.97 3350.00 54000.00 1.0463
31100 299.97 -88.13 -20861.97 3350.00 54000.00 1.0463
31200 299.97 -88.13 -20861.97 3350.00 54000.00 1.0463
31300 299.97 -88.14 -20861.97 3350.00 54000.00 1.0463
31400 299.97 -88.14 -20861.97 3350.00 54000.00 1.0463
31500 299.97 -88.14 -20861.98 3350.00 54000.00 1.0463
31600 299.97 -88.14 -20861.98 3350.00 54000.00 1.0463
31700 299.97 -88.14 -20861.98 3350.00 54000.00 1.0463
31800 299.97 -88.14 -20861.98 3350.00 54000.00 1.0463
31900 299.97 -88.14 -20861.98 3350.00 54000.00 1.0463
32000 299.97 -88.13 -20861.98 3350.00 54000.00 1.0463
32100 299.97 -88.13 -20861.98 3350.00 54000.00 1.0463
32200 299.97 -88.13 -20861.98 3350.00 54000.00 1.0463
32300 299.97 -88.13 -20861.98 3350.00 54000.00 1.0463
32400 299.97 -88.13 -20861.98 3350.00 54000.00 1.0463
32500 299.97 -88.13 -20861.98 3350.00 54000.00 1.0463
32600 299.97 -88.13 -20861.98 3350.00 54000.00 1.0463
32700 299.97 -88.14 -20861.98 3350.00 54000.00 1.0463
32800 299.97 -88.14 -20861.98 3350.00 54000.00 1.0463
32900 299.97 -88.14 -20861.99 3350.00 54000.00 1.0463
33000 299.97 -88.14 -20861.99 3350.00 54000.00 1.0463
33100 299.97 -88.14 -20861.99 3350.00 54000.00 1.0463
33200 299.97 -88.14 -20861.99 3350.00 54000.00 1.0463
33300 299.97 -88.14 -20861.99 3350.00 54000.00 1.0463
33400 299.97 -88.14 -20861.99 3350.00 54000.00 1.0463
33500 299.97 -88.14 -20861.99 3350.00 54000.00 1.0463
33600 299.97 -88.14 -20862.00 3350.00 54000.00 1.0463
33700 299.97 -88.14 -20862.00 3350.00 54000.00 1.0463
33800 299.97 -88.14 -20862.00 3350.00 54000.00 1.0463
33900 299.97 -88.14 -20862.00 3350.00 54000.00 1.0463
34000 299.97 -88.14 -20862.00 3350.00 54000.00 1.0463
34100 299.97 -88.14 -20862.01 3350.00 54000.00 1.0463
34200 299.97 -88.14 -20862.01 3350.00 54000.00 1.0463
34300 299.97 -88.14 -20862.01 3350.00 54000.00 1.0463
34400 299.97 -88.14 -20862.02 3350.00 54000.00 1.0463
34500 299.97 -88.14 -20862.02 3350.00 54000.00 1.0463
34600 299.97 -88.14 -20862.02 3350.00 54000.00 1.0463
34700 299.97 -88.14 -20862.02 3350.00 54000.00 1.0463
34800 299.97 -88.14 -20862.02 3350.00 54000.00 1.0463
34900 299.97 -88.14 -20862.02 3350.00 54000.00 1.0463
35000 299.97 -88.15 -20862.02 3350.00 54000.00 1.0463
35100 299.97 -88.15 -20862.02 3350.00 54000.00 1.0463
35200 299.97 -88.15 -20862.02 3350.00 54000.00 1.0463
35300 299.97 -88.15 -20862.03 3350.00 54000.00 1.0463
35400 299.97 -88.15 -20862.03 3350.00 54000.00 1.0463
35500 299.97 -88.15 -20862.03 3350.00 54000.00 1.0463
35600 299.97 -88.15 -20862.03 3350.00 54000.00 1.0463
35700 299.97 -88.15 -20862.03 3350.00 54000.00 1.0463
35800 299.97 -88.15 -20862.03 3350.00 54000.00 1.0463
35900 299.97 -88.15 -20862.03 3350.00 54000.00 1.0463
36000 299.97 -88.15 -20862.03 3350.00 54000.00 1.0463
36100 299.97 -88.15 -20862.03 3350.00 54000.00 1.0463
36200 299.97 -88.15 -20862.03 3350.00 54000.00 1.0463
36300 299.97 -88.15 -20862.03 3350.00 54000.00 1.0463
36400 299.97 -88.15 -20862.03 3350.00 54000.00 1.0463
36500 299.97 -88.15 -20862.03 3350.00 54000.00 1.0463
36600 299.97 -88.15 -20862.03 3350.00 54000.00 1.0463
36700 299.97 -88.15 -20862.03 3350.00 54000.00 1.0463
36800 299.97 -88.15 -20862.03 3350.00 54000.00 1.0463
36900 299.97 -88.15 -20862.03 3350.00 54000.00 1.0463
37000 299.97 -88.15 -20862.04 3350.00 54000.00 1.0463
37100 299.97 -88.15 -20862.04 3350.00 54000.00 1.0463
37200 299.97 -88.15 -20862.04 3350.00 54000.00 1.0463
37300 299.97 -88.15 -20862.03 3350.00 54000.00 1.0463
37400 299.97 -88.15 -20862.03 3350.00 54000.00 1.0463
37500 299.97 -88.15 -20862.03 3350.00 54000.00 1.0463
37600 299.97 -88.14 -20862.03 3350.00 54000.00 1.0463
37700 299.97 -88.14 -20862.03 3350.00 54000.00 1.0463
37800 299.97 -88.14 -20862.03 3350.00 54000.00 1.0463
37900 299.97 -88.14 -20862.03 3350.00 54000.00 1.0463
38000 299.97 -88.14 -20862.04 3350.00 54000.00 1.0463
38100 299.97 -88.14 -20862.04 3350.00 54000.00 1.0463
38200 299.97 -88.14 -20862.04 3350.00 54000.00 1.0463
38300 299.97 -88.14 -20862.04 3350.00 54000.00 1.0463
38400 299.97 -88.14 -20862.04 3350.00 54000.00 1.0463
38500 299.97 -88.14 -20862.04 3350.00 54000.00 1.0463
38600 299.97 -88.15 -20862.04 3350.00 54000.00 1.0463
38700 299.97 -88.15 -20862.04 3350.00 54000.00 1.0463
38800 299.97 -88.15 -20862.04 3350.00 54000.00 1.0463
38900 299.97 -88.15 -20862.04 3350.00 54000.00 1.0463
39000 299.97 -88.14 -20862.04 3350.00 54000.00 1.0463
39100 299.97 -88.14 -20862.04 3350.00 54000.00 1.0463
39200 299.97 -88.14 -20862.04 3350.00 54000.00 1.0463
39300 299.97 -88.14 -20862.04 3350.00 54000.00 1.0463
39400 299.97 -88.14 -20862.04 3350.00 54000.00 1.0463
39500 299.97 -88.14 -20862.04 3350.00 54000.00 1.0463
39600 299.97 -88.14 -20862.04 3350.00 54000.00 1.0463
39700 299.97 -88.14 -20862.04 3350.00 54000.00 1.0463
39800 299.97 -88.14 -20862.04 3350.00 54000.00 1.0463
39900 299.97 -88.14 -20862.04 3350.00 54000.00 1.0463
40000 299.97 -88.14 -20862.04 3350.00 54000.00 1.0463
40100 299.97 -88.14 -20862.04 3350.00 54000.00 1.0463
40200 299.97 -88.14 -20862.05 3350.00 54000.00 1.0463
40300 299.97 -88.14 -20862.05 3350.00 54000.00 1.0463
40400 299.97 -88.14 -20862.05 3350.00 54000.00 1.0463
40500 299.97 -88.14 -20862.05 3350.00 54000.00 1.0463
40600 299.97 -88.14 -20862.05 3350.00 54000.00 1.0463
40700 299.97 -88.14 -20862.06 3350.00 54000.00 1.0463
40800 299.97 -88.14 -20862.06 3350.00 54000.00 1.0463
40900 299.97 -88.14 -20862.06 3350.00 54000.00 1.0463
41000 299.97 -88.14 -20862.06 3350.00 54000.00 1.0463
41100 299.97 -88.14 -20862.06 3350.00 54000.00 1.0463
41200 299.97 -88.14 -20862.06 3350.00 54000.00 1.0463
41300 299.97 -88.14 -20862.06 3350.00 54000.00 1.0463
41400 299.97 -88.14 -20862.06 3350.00 54000.00 1.0463
41500 299.97 -88.14 -20862.06 3350.00 54000.00 1.0463
41600 299.97 -88.14 -20862.07 3350.00 54000.00 1.0463
41700 299.97 -88.14 -20862.07 3350.00 54000.00 1.0463
41800 299.97 -88.14 -20862.07 3350.00 54000.00 1.0463
41900 299.97 -88.14 -20862.07 3350.00 54000.00 1.0463
42000 299.97 -88.14 -20862.07 3350.00 54000.00 1.0463
42100 299.97 -88.14 -20862.07 3350.00 54000.00 1.0463
42200 299.97 -88.14 -20862.07 3350.00 54000.00 1.0463
42300 299.97 -88.14 -20862.08 3350.00 54000.00 1.0463
42400 299.97 -88.14 -20862.08 3350.00 54000.00 1.0463
42500 299.97 -88.14 -20862.08 3350.00 54000.00 1.0463
42600 299.97 -88.14 -20862.08 3350.00 54000.00 1.0463
42700 299.97 -88.14 -20862.08 3350.00 54000.00 1.0463
42800 299.97 -88.14 -20862.08 3350.00 54000.00 1.0463
42900 299.97 -88.14 -20862.08 3350.00 54000.00 1.0463
43000 299.97 -88.14 -20862.08 3350.00 54000.00 1.0463
43100 299.97 -88.14 -20862.08 3350.00 54000.00 1.0463
43200 299.97 -88.14 -20862.08 3350.00 54000.00 1.0463
43300 299.97 -88.14 -20862.08 3350.00 54000.00 1.0463
43400 299.97 -88.14 -20862.08 3350.00 54000.00 1.0463
43500 299.97 -88.15 -20862.08 3350.00 54000.00 1.0463
43600 299.97 -88.15 -20862.08 3350.00 54000.00 1.0463
43700 299.97 -88.15 -20862.08 3350.00 54000.00 1.0463
43800 299.97 -88.15 -20862.08 3350.00 54000.00 1.0463
43900 299.97 -88.15 -20862.08 3350.00 54000.00 1.0463
44000 299.97 -88.15 -20862.08 3350.00 54000.00 1.0463
44100 299.97 -88.15 -20862.09 3350.00 54000.00 1.0463
44200 299.97 -88.15 -20862.09 3350.00 54000.00 1.0463
44300 299.97 -88.15 -20862.09 3350.00 54000.00 1.0463
44400 299.97 -88.15 -20862.09 3350.00 54000.00 1.0463
44500 299.97 -88.15 -20862.09 3350.00 54000.00 1.0463
44600 299.97 -88.15 -20862.09 3350.00 54000.00 1.0463
44700 299.97 -88.15 -20862.09 3350.00 54000.00 1.0463
44800 299.97 -88.15 -20862.09 3350.00 54000.00 1.0463
44900 299.97 -88.15 -20862.09 3350.00 54000.00 1.0463
45000 299.97 -88.15 -20862.09 3350.00 54000.00 1.0463
45100 299.97 -88.15 -20862.08 3350.00 54000.00 1.0463
45200 299.97 -88.15 -20862.08 3350.00 54000.00 1.0463
45300 299.97 -88.15 -20862.08 3350.00 54000.00 1.0463
45400 299.97 -88.15 -20862.08 3350.00 54000.00 1.0463
45500 299.97 -88.14 -20862.08 3350.00 54000.00 1.0463
45600 299.97 -88.15 -20862.08 3350.00 54000.00 1.0463
45700 299.97 -88.15 -20862.08 3350.00 54000.00 1.0463
45800 299.97 -88.15 -20862.09 3350.00 54000.00 1.0463
45900 299.97 -88.15 -20862.09 3350.00 54000.00 1.0463
46000 299.97 -88.15 -20862.09 3350.00 54000.00 1.0463
46100 299.97 -88.14 -20862.09 3350.00 54000.00 1.0463
46200 299.97 -88.14 -20862.09 3350.00 54000.00 1.0463
46300 299.97 -88.14 -20862.09 3350.00 54000.00 1.0463
46400 299.97 -88.15 -20862.09 3350.00 54000.00 1.0463
46500 299.97 -88.15 -20862.09 3350.00 54000.00 1.0463
46600 299.97 -88.15 -20862.09 3350.00 54000.00 1.0463
46700 299.97 -88.15 -20862.09 3350.00 54000.00 1.0463
46800 299.97 -88.15 -20862.09 3350.00 54000.00 1.0463
46900 299.97 -88.15 -20862.09 3350.00 54000.00 1.0463
47000 299.97 -88.15 -20862.09 3350.00 54000.00 1.0463
47100 299.97 -88.15 -20862.09 3350.00 54000.00 1.0463
47200 299.97 -88.15 -20862.09 3350.00 54000.00 1.0463
47300 299.97 -88.15 -20862.09 3350.00 54000.00 1.0463
47400 299.97 -88.15 -20862.09 3350.00 54000.00 1.0463
47500 299.97 -88.15 -20862.09 3350.00 54000.00 1.0463
47600 299.97 -88.15 -20862.09 3350.00 54000.00 1.0463
47700 299.97 -88.15 -20862.09 3350.00 54000.00 1.0463
47800 299.97 -88.15 -20862.10 3350.00 54000.00 1.0463
47900 299.97 -88.15 -20862.10 3350.00 54000.00 1.0463
48000 299.97 -88.15 -20862.10 3350.00 54000.00 1.0463
48100 299.97 -88.15 -20862.10 3350.00 54000.00 1.0463
48200 299.97 -88.15 -20862.10 3350.00 54000.00 1.0463
48300 299.97 -88.15 -20862.10 3350.00 54000.00 1.0463
48400 299.97 -88.15 -20862.10 3350.00 54000.00 1.0463
48500 299.97 -88.15 -20862.10 3350.00 54000.00 1.0463
48600 299.97 -88.15 -20862.10 3350.00 54000.00 1.0463
48700 299.97 -88.15 -20862.10 3350.00 54000.00 1.0463
48800 299.97 -88.15 -20862.10 3350.00 54000.00 1.0463
48900 299.97 -88.15 -20862.10 3350.00 54000.00 1.0463
49000 299.97 -88.15 -20862.10 3350.00 54000.00 1.0463
49100 299.97 -88.15 -20862.10 3350.00 54000.00 1.0463
49200 299.97 -88.15 -20862.10 3350.00 54000.00 1.0463
49300 299.97 -88.15 -20862.10 3350.00 54000.00 1.0463
49400 299.97 -88.15 -20862.10 3350.00 54000.00 1.0463
49500 299.97 -88.15 -20862.10 3350.00 54000.00 1.0463
49600 299.97 -88.15 -20862.10 3350.00 54000.00 1.0463
49700 299.97 -88.15 -20862.10 3350.00 54000.00 1.0463
49800 299.97 -88.15 -20862.10 3350.00 54000.00 1.0463
49900 299.97 -88.15 -20862.10 3350.00 54000.00 1.0463
50000 299.97 -88.15 -20862.10 3350.00 54000.00 1.0463
50100 299.97 -88.15 -20862.10 3350.00 54000.00 1.0463
50200 299.97 -88.15 -20862.10 3350.00 54000.00 1.0463
50300 299.97 -88.15 -20862.09 3350.00 54000.00 1.0463
50400 299.97 -88.15 -20862.10 3350.00 54000.00 1.0463
50500 299.97 -88.15 -20862.10 3350.00 54000.00 1.0463
50600 299.97 -88.15 -20862.10 3350.00 54000.00 1.0463
50700 299.97 -88.15 -20862.10 3350.00 54000.00 1.0463
50800 299.97 -88.16 -20862.10 3350.00 54000.00 1.0463
50900 299.97 -88.16 -20862.10 3350.00 54000.00 1.0463
51000 299.97 -88.16 -20862.10 3350.00 54000.00 1.0463
51100 299.97 -88.16 -20862.10 3350.00 54000.00 1.0463
51200 299.97 -88.16 -20862.10 3350.00 54000.00 1.0463
51300 299.97 -88.16 -20862.10 3350.00 54000.00 1.0463
51400 299.97 -88.16 -20862.11 3350.00 54000.00 1.0463
51500 299.97 -88.16 -20862.11 3350.00 54000.00 1.0463
51600 299.97 -88.16 -20862.11 3350.00 54000.00 1.0463
51700 299.97 -88.16 -20862.11 3350.00 54000.00 1.0463
51800 299.97 -88.16 -20862.11 3350.00 54000.00 1.0463
51900 299.97 -88.16 -20862.11 3350.00 54000.00 1.0463
52000 299.97 -88.16 -20862.12 3350.00 54000.00 1.0463
52100 299.97 -88.16 -20862.12 3350.00 54000.00 1.0463
52200 299.97 -88.16 -20862.12 3350.00 54000.00 1.0463
52300 299.97 -88.16 -20862.12 3350.00 54000.00 1.0463
52400 299.97 -88.16 -20862.12 3350.00 54000.00 1.0463
52500 299.97 -88.16 -20862.12 3350.00 54000.00 1.0463
52600 299.97 -88.16 -20862.12 3350.00 54000.00 1.0463
52700 299.97 -88.16 -20862.12 3350.00 54000.00 1.0463
52800 299.97 -88.16 -20862.12 3350.00 54000.00 1.0463
52900 299.97 -88.16 -20862.12 3350.00 54000.00 1.0463
53000 299.97 -88.16 -20862.12 3350.00 54000.00 1.0463
53100 299.97 -88.16 -20862.12 3350.00 54000.00 1.0463
53200 299.97 -88.16 -20862.12 3350.00 54000.00 1.0463
53300 299.97 -88.16 -20862.12 3350.00 54000.00 1.0463
53400 299.97 -88.16 -20862.12 3350.00 54000.00 1.0463
53500 299.97 -88.16 -20862.12 3350.00 54000.00 1.0463
53600 299.97 -88.16 -20862.12 3350.00 54000.00 1.0463
53700 299.97 -88.16 -20862.12 3350.00 54000.00 1.0463
53800 299.97 -88.16 -20862.12 3350.00 54000.00 1.0463
53900 299.97 -88.16 -20862.12 3350.00 54000.00 1.0463
54000 299.97 -88.16 -20862.12 3350.00 54000.00 1.0463
54100 299.97 -88.16 -20862.12 3350.00 54000.00 1.0463
54200 299.97 -88.16 -20862.12 3350.00 54000.00 1.0463
54300 299.97 -88.16 -20862.12 3350.00 54000.00 1.0463
54400 299.97 -88.16 -20862.12 3350.00 54000.00 1.0463
54500 299.97 -88.16 -20862.12 3350.00 54000.00 1.0463
54600 299.97 -88.16 -20862.12 3350.00 54000.00 1.0463
54700 299.97 -88.16 -20862.12 3350.00 54000.00 1.0463
54800 299.97 -88.16 -20862.12 3350.00 54000.00 1.0463
54900 299.97 -88.16 -20862.12 3350.00 54000.00 1.0463
55000 299.97 -88.16 -20862.12 3350.00 54000.00 1.0463
55100 299.97 -88.16 -20862.12 3350.00 54000.00 1.0463
55200 299.97 -88.16 -20862.12 3350.00 54000.00 1.0463
55300 299.97 -88.15 -20862.12 3350.00 54000.00 1.0463
55400 299.97 -88.15 -20862.12 3350.00 54000.00 1.0463
55500 299.97 -88.15 -20862.12 3350.00 54000.00 1.0463
55600 299.97 -88.15 -20862.12 3350.00 54000.00 1.0463
55700 299.97 -88.15 -20862.13 3350.00 54000.00 1.0463
55800 299.97 -88.15 -20862.13 3350.00 54000.00 1.0463
55900 299.97 -88.15 -20862.13 3350.00 54000.00 1.0463
56000 299.97 -88.15 -20862.13 3350.00 54000.00 1.0463
56100 299.97 -88.16 -20862.13 3350.00 54000.00 1.0463
56200 299.97 -88.16 -20862.13 3350.00 54000.00 1.0463
56300 299.97 -88.16 -20862.13 3350.00 54000.00 1.0463
56400 299.97 -88.16 -20862.13 3350.00 54000.00 1.0463
56500 299.97 -88.16 -20862.13 3350.00 54000.00 1.0463
56600 299.97 -88.16 -20862.14 3350.00 54000.00 1.0463
56700 299.97 -88.16 -20862.14 3350.00 54000.00 1.0463
56800 299.97 -88.16 -20862.14 3350.00 54000.00 1.0463
56900 299.97 -88.16 -20862.14 3350.00 54000.00 1.0463
57000 299.97 -88.16 -20862.14 3350.00 54000.00 1.0463
57100 299.97 -88.16 -20862.14 3350.00 54000.00 1.0463
57200 299.97 -88.16 -20862.13 3350.00 54000.00 1.0463
57300 299.97 -88.16 -20862.13 3350.00 54000.00 1.0463
57400 299.97 -88.16 -20862.13 3350.00 54000.00 1.0463
57500 299.97 -88.16 -20862.13 3350.00 54000.00 1.0463
57600 299.97 -88.16 -20862.14 3350.00 54000.00 1.0463
57700 299.97 -88.16 -20862.14 3350.00 54000.00 1.0463
57800 299.97 -88.16 -20862.14 3350.00 54000.00 1.0463
57900 299.97 -88.16 -20862.14 3350.00 54000.00 1.0463
58000 299.97 -88.16 -20862.14 3350.00 54000.00 1.0463
58100 299.97 -88.16 -20862.14 3350.00 54000.00 1.0463
58200 299.97 -88.16 -20862.14 3350.00 54000.00 1.0463
58300 299.97 -88.16 -20862.14 3350.00 54000.00 1.0463
58400 299.97 -88.16 -20862.14 3350.00 54000.00 1.0463
58500 299.97 -88.16 -20862.14 3350.00 54000.00 1.0463
58600 299.97 -88.16 -20862.14 3350.00 54000.00 1.0463
58700 299.97 -88.16 -20862.14 3350.00 54000.00 1.0463
58800 299.97 -88.16 -20862.14 3350.00 54000.00 1.0463
58900 299.97 -88.16 -20862.14 3350.00 54000.00 1.0463
59000 299.97 -88.16 -20862.14 3350.00 54000.00 1.0463
59100 299.97 -88.16 -20862.14 3350.00 54000.00 1.0463
59200 299.97 -88.16 -20862.14 3350.00 54000.00 1.0463
59300 299.97 -88.16 -20862.14 3350.00 54000.00 1.0463
59400 299.97 -88.16 -20862.14 3350.00 54000.00 1.0463
59500 299.97 -88.16 -20862.14 3350.00 54000.00 1.0463
59600 299.97 -88.16 -20862.14 3350.00 54000.00 1.0463
59700 299.97 -88.16 -20862.14 3350.00 54000.00 1.0463
59800 299.97 -88.16 -20862.14 3350.00 54000.00 1.0463
59900 299.97 -88.15 -20862.14 3350.00 54000.00 1.0463
60000 299.97 -88.15 -20862.14 3350.00 54000.00 1.0463
60100 299.97 -88.15 -20862.14 3350.00 54000.00 1.0463
60200 299.97 -88.15 -20862.14 3350.00 54000.00 1.0463
60300 299.97 -88.15 -20862.14 3350.00 54000.00 1.0463
60400 299.97 -88.15 -20862.14 3350.00 54000.00 1.0463
60500 299.97 -88.15 -20862.14 3350.00 54000.00 1.0463
60600 299.97 -88.15 -20862.14 3350.00 54000.00 1.0463
60700 299.97 -88.15 -20862.14 3350.00 54000.00 1.0463
60800 299.97 -88.15 -20862.14 3350.00 54000.00 1.0463
60900 299.97 -88.15 -20862.14 3350.00 54000.00 1.0463
61000 299.97 -88.15 -20862.14 3350.00 54000.00 1.0463
61100 299.97 -88.15 -20862.14 3350.00 54000.00 1.0463
61200 299.97 -88.15 -20862.14 3350.00 54000.00 1.0463
61300 299.97 -88.15 -20862.14 3350.00 54000.00 1.0463
61400 299.97 -88.15 -20862.14 3350.00 54000.00 1.0463
61500 299.97 -88.15 -20862.14 3350.00 54000.00 1.0463
61600 299.97 -88.15 -20862.14 3350.00 54000.00 1.0463
61700 299.97 -88.15 -20862.14 3350.00 54000.00 1.0463
61800 299.97 -88.15 -20862.14 3350.00 54000.00 1.0463
61900 299.97 -88.15 -20862.14 3350.00 54000.00 1.0463
62000 299.97 -88.15 -20862.14 3350.00 54000.00 1.0463
62100 299.97 -88.15 -20862.14 3350.00 54000.00 1.0463
62200 299.97 -88.15 -20862.14 3350.00 54000.00 1.0463
62300 299.97 -88.15 -20862.14 3350.00 54000.00 1.0463
62400 299.97 -88.15 -20862.14 3350.00 54000.00 1.0463
62500 299.97 -88.15 -20862.14 3350.00 54000.00 1.0463
62600 299.97 -88.15 -20862.14 3350.00 54000.00 1.0463
62700 299.97 -88.15 -20862.14 3350.00 54000.00 1.0463
62800 299.97 -88.15 -20862.14 3350.00 54000.00 1.0463
62900 299.97 -88.15 -20862.14 3350.00 54000.00 1.0463
63000 299.97 -88.15 -20862.14 3350.00 54000.00 1.0463
63100 299.97 -88.15 -20862.14 3350.00 54000.00 1.0463
63200 299.97 -88.15 -20862.14 3350.00 54000.00 1.0463
63300 299.97 -88.15 -20862.14 3350.00 54000.00 1.0463
63400 299.97 -88.15 -20862.14 3350.00 54000.00 1.0463
63500 299.97 -88.15 -20862.14 3350.00 54000.00 1.0463
63600 299.97 -88.15 -20862.14 3350.00 54000.00 1.0463
63700 299.97 -88.15 -20862.14 3350.00 54000.00 1.0463
63800 299.97 -88.15 -20862.14 3350.00 54000.00 1.0463
63900 299.97 -88.15 -20862.14 3350.00 54000.00 1.0463
64000 299.97 -88.15 -20862.14 3350.00 54000.00 1.0463
64100 299.97 -88.15 -20862.14 3350.00 54000.00 1.0463
64200 299.97 -88.15 -20862.14 3350.00 54000.00 1.0463
64300 299.97 -88.15 -20862.14 3350.00 54000.00 1.0463
64400 299.97 -88.15 -20862.14 3350.00 54000.00 1.0463
64500 299.97 -88.15 -20862.14 3350.00 54000.00 1.0463
64600 299.97 -88.15 -20862.15 3350.00 54000.00 1.0463
64700 299.97 -88.15 -20862.15 3350.00 54000.00 1.0463
64800 299.97 -88.15 -20862.15 3350.00 54000.00 1.0463
64900 299.97 -88.15 -20862.15 3350.00 54000.00 1.0463
65000 299.97 -88.15 -20862.15 3350.00 54000.00 1.0463
65100 299.97 -88.15 -20862.15 3350.00 54000.00 1.0463
65200 299.97 -88.15 -20862.15 3350.00 54000.00 1.0463
65300 299.97 -88.15 -20862.15 3350.00 54000.00 1.0463
65400 299.97 -88.15 -20862.15 3350.00 54000.00 1.0463
65500 299.97 -88.15 -20862.15 3350.00 54000.00 1.0463
65600 299.97 -88.15 -20862.15 3350.00 54000.00 1.0463
65700 299.97 -88.15 -20862.15 3350.00 54000.00 1.0463
65800 299.97 -88.15 -20862.15 3350.00 54000.00 1.0463
65900 299.97 -88.15 -20862.15 3350.00 54000.00 1.0463
66000 299.97 -88.15 -20862.15 3350.00 54000.00 1.0463
66100 299.97 -88.15 -20862.15 3350.00 54000.00 1.0463
66200 299.97 -88.15 -20862.15 3350.00 54000.00 1.0463
66300 299.97 -88.15 -20862.15 3350.00 54000.00 1.0463
66400 299.97 -88.15 -20862.15 3350.00 54000.00 1.0463
66500 299.97 -88.15 -20862.14 3350.00 54000.00 1.0463
66600 299.97 -88.15 -20862.14 3350.00 54000.00 1.0463
66700 299.97 -88.15 -20862.14 3350.00 54000.00 1.0463
66800 299.97 -88.15 -20862.14 3350.00 54000.00 1.0463
66900 299.97 -88.15 -20862.14 3350.00 54000.00 1.0463
67000 299.97 -88.15 -20862.14 3350.00 54000.00 1.0463
67100 299.97 -88.15 -20862.14 3350.00 54000.00 1.0463
67200 299.97 -88.15 -20862.14 3350.00 54000.00 1.0463
67300 299.97 -88.15 -20862.15 3350.00 54000.00 1.0463
67400 299.97 -88.15 -20862.15 3350.00 54000.00 1.0463
67500 299.97 -88.15 -20862.15 3350.00 54000.00 1.0463
67600 299.97 -88.15 -20862.15 3350.00 54000.00 1.0463
67700 299.97 -88.15 -20862.15 3350.00 54000.00 1.0463
67800 299.97 -88.15 -20862.15 3350.00 54000.00 1.0463
67900 299.97 -88.15 -20862.15 3350.00 54000.00 1.0463
68000 299.97 -88.15 -20862.15 3350.00 54000.00 1.0463
68100 299.97 -88.15 -20862.15 3350.00 54000.00 1.0463
68200 299.97 -88.15 -20862.15 3350.00 54000.00 1.0463
68300 299.97 -88.15 -20862.15 3350.00 54000.00 1.0463
68400 299.97 -88.15 -20862.15 3350.00 54000.00 1.0463
68500 299.97 -88.15 -20862.15 3350.00 54000.00 1.0463
68600 299.97 -88.15 -20862.15 3350.00 54000.00 1.0463
68700 299.97 -88.15 -20862.15 3350.00 54000.00 1.0463
68800 299.97 -88.15 -20862.15 3350.00 54000.00 1.0463
68900 299.97 -88.15 -20862.15 3350.00 54000.00 1.0463
69000 299.97 -88.15 -20862.15 3350.00 54000.00 1.0463
69100 299.97 -88.15 -20862.15 3350.00 54000.00 1.0463
69200 299.97 -88.15 -20862.15 3350.00 54000.00 1.0463
69300 299.97 -88.15 -20862.15 3350.00 54000.00 1.0463
69400 299.97 -88.15 -20862.15 3350.00 54000.00 1.0463
69500 299.97 -88.15 -20862.15 3350.00 54000.00 1.0463
69600 299.97 -88.15 -20862.15 3350.00 54000.00 1.0463
69700 299.97 -88.15 -20862.15 3350.00 54000.00 1.0463
69800 299.97 -88.15 -20862.15 3350.00 54000.00 1.0463
69900 299.97 -88.15 -20862.16 3350.00 54000.00 1.0463
70000 299.97 -88.15 -20862.16 3350.00 54000.00 1.0463
70100 299.97 -88.15 -20862.16 3350.00 54000.00 1.0463
70200 299.97 -88.15 -20862.16 3350.00 54000.00 1.0463
70300 299.97 -88.15 -20862.16 3350.00 54000.00 1.0463
70400 299.97 -88.15 -20862.16 3350.00 54000.00 1.0463
70500 299.97 -88.15 -20862.16 3350.00 54000.00 1.0463
70600 299.97 -88.15 -20862.16 3350.00 54000.00 1.0463
70700 299.97 -88.16 -20862.16 3350.00 54000.00 1.0463
70800 299.97 -88.16 -20862.16 3350.00 54000.00 1.0463
70900 299.97 -88.16 -20862.16 3350.00 54000.00 1.0463
71000 299.97 -88.16 -20862.16 3350.00 54000.00 1.0463
71100 299.97 -88.16 -20862.16 3350.00 54000.00 1.0463
71200 299.97 -88.16 -20862.16 3350.00 54000.00 1.0463
71300 299.97 -88.16 -20862.16 3350.00 54000.00 1.0463
71400 299.97 -88.16 -20862.16 3350.00 54000.00 1.0463
71500 299.97 -88.16 -20862.16 3350.00 54000.00 1.0463
71600 299.97 -88.16 -20862.16 3350.00 54000.00 1.0463
71700 299.97 -88.16 -20862.16 3350.00 54000.00 1.0463
71800 299.97 -88.16 -20862.16 3350.00 54000.00 1.0463
71900 299.97 -88.16 -20862.16 3350.00 54000.00 1.0463
72000 299.97 -88.16 -20862.16 3350.00 54000.00 1.0463
72100 299.97 -88.16 -20862.16 3350.00 54000.00 1.0463
72200 299.97 -88.16 -20862.16 3350.00 54000.00 1.0463
72300 299.97 -88.16 -20862.16 3350.00 54000.00 1.0463
72400 299.97 -88.16 -20862.16 3350.00 54000.00 1.0463
72500 299.97 -88.16 -20862.16 3350.00 54000.00 1.0463
72600 299.97 -88.16 -20862.16 3350.00 54000.00 1.0463
72700 299.97 -88.16 -20862.16 3350.00 54000.00 1.0463
72800 299.97 -88.16 -20862.16 3350.00 54000.00 1.0463
72900 299.97 -88.16 -20862.16 3350.00 54000.00 1.0463
73000 299.97 -88.16 -20862.16 3350.00 54000.00 1.0463
73100 299.97 -88.16 -20862.16 3350.00 54000.00 1.0463
73200 299.97 -88.16 -20862.16 3350.00 54000.00 1.0463
73300 299.97 -88.16 -20862.16 3350.00 54000.00 1.0463
73400 299.97 -88.16 -20862.16 3350.00 54000.00 1.0463
73500 299.97 -88.16 -20862.16 3350.00 54000.00 1.0463
73600 299.97 -88.16 -20862.16 3350.00 54000.00 1.0463
73700 299.97 -88.16 -20862.16 3350.00 54000.00 1.0463
73800 299.97 -88.16 -20862.16 3350.00 54000.00 1.0463
73900 299.97 -88.16 -20862.16 3350.00 54000.00 1.0463
74000 299.97 -88.16 -20862.16 3350.00 54000.00 1.0463
74100 299.97 -88.16 -20862.16 3350.00 54000.00 1.0463
74200 299.97 -88.16 -20862.16 3350.00 54000.00 1.0463
74300 299.97 -88.16 -20862.16 3350.00 54000.00 1.0463
74400 299.97 -88.16 -20862.16 3350.00 54000.00 1.0463
74500 299.97 -88.16 -20862.16 3350.00 54000.00 1.0463
74600 299.97 -88.16 -20862.16 3350.00 54000.00 1.0463
74700 299.97 -88.16 -20862.16 3350.00 54000.00 1.0463
74800 299.97 -88.16 -20862.16 3350.00 54000.00 1.0463
74900 299.97 -88.16 -20862.16 3350.00 54000.00 1.0463
75000 299.97 -88.16 -20862.16 3350.00 54000.00 1.0463
75100 299.97 -88.16 -20862.16 3350.00 54000.00 1.0463
75200 299.97 -88.16 -20862.16 3350.00 54000.00 1.0463
75300 299.97 -88.16 -20862.16 3350.00 54000.00 1.0463
75400 299.97 -88.16 -20862.16 3350.00 54000.00 1.0463
75500 299.97 -88.16 -20862.16 3350.00 54000.00 1.0463
75600 299.97 -88.16 -20862.16 3350.00 54000.00 1.0463
75700 299.97 -88.16 -20862.16 3350.00 54000.00 1.0463
75800 299.97 -88.16 -20862.16 3350.00 54000.00 1.0463
75900 299.97 -88.16 -20862.16 3350.00 54000.00 1.0463
76000 299.97 -88.16 -20862.16 3350.00 54000.00 1.0463
76100 299.97 -88.16 -20862.16 3350.00 54000.00 1.0463
76200 299.97 -88.16 -20862.16 3350.00 54000.00 1.0463
76300 299.97 -88.16 -20862.16 3350.00 54000.00 1.0463
76400 299.97 -88.16 -20862.16 3350.00 54000.00 1.0463
76500 299.97 -88.16 -20862.16 3350.00 54000.00 1.0463
76600 299.97 -88.16 -20862.16 3350.00 54000.00 1.0463
76700 299.97 -88.16 -20862.16 3350.00 54000.00 1.0463
76800 299.97 -88.16 -20862.16 3350.00 54000.00 1.0463
76900 299.97 -88.16 -20862.16 3350.00 54000.00 1.0463
77000 299.97 -88.16 -20862.16 3350.00 54000.00 1.0463
77100 299.97 -88.16 -20862.16 3350.00 54000.00 1.0463
77200 299.97 -88.16 -20862.16 3350.00 54000.00 1.0463
77300 299.97 -88.16 -20862.16 3350.00 54000.00 1.0463
77400 299.97 -88.16 -20862.16 3350.00 54000.00 1.0463
77500 299.97 -88.16 -20862.16 3350.00 54000.00 1.0463
77600 299.97 -88.16 -20862.17 3350.00 54000.00 1.0463
77700 299.97 -88.16 -20862.17 3350.00 54000.00 1.0463
77800 299.97 -88.16 -20862.17 3350.00 54000.00 1.0463
77900 299.97 -88.16 -20862.17 3350.00 54000.00 1.0463
78000 299.97 -88.16 -20862.17 3350.00 54000.00 1.0463
78100 299.97 -88.16 -20862.17 3350.00 54000.00 1.0463
78200 299.97 -88.16 -20862.17 3350.00 54000.00 1.0463
78300 299.97 -88.16 -20862.17 3350.00 54000.00 1.0463
78400 299.97 -88.16 -20862.17 3350.00 54000.00 1.0463
78500 299.97 -88.16 -20862.17 3350.00 54000.00 1.0463
78600 299.97 -88.16 -20862.17 3350.00 54000.00 1.0463
78700 299.97 -88.16 -20862.17 3350.00 54000.00 1.0463
78800 299.97 -88.16 -20862.17 3350.00 54000.00 1.0463
78900 299.97 -88.16 -20862.17 3350.00 54000.00 1.0463
79000 299.97 -88.16 -20862.17 3350.00 54000.00 1.0463
79100 299.97 -88.16 -20862.17 3350.00 54000.00 1.0463
79200 299.97 -88.16 -20862.17 3350.00 54000.00 1.0463
79300 299.97 -88.16 -20862.17 3350.00 54000.00 1.0463
79400 299.97 -88.16 -20862.17 3350.00 54000.00 1.0463
79500 299.97 -88.16 -20862.17 3350.00 54000.00 1.0463
79600 299.97 -88.16 -20862.17 3350.00 54000.00 1.0463
79700 299.97 -88.16 -20862.17 3350.00 54000.00 1.0463
79800 299.97 -88.16 -20862.17 3350.00 54000.00 1.0463
79900 299.97 -88.16 -20862.17 3350.00 54000.00 1.0463
80000 299.97 -88.16 -20862.17 3350.00 54000.00 1.0463
80100 299.97 -88.16 -20862.17 3350.00 54000.00 1.0463
80200 299.97 -88.16 -20862.17 3350.00 54000.00 1.0463
80300 299.97 -88.16 -20862.17 3350.00 54000.00 1.0463
80400 299.97 -88.16 -20862.17 3350.00 54000.00 1.0463
80500 299.97 -88.16 -20862.17 3350.00 54000.00 1.0463
80600 299.97 -88.16 -20862.17 3350.00 54000.00 1.0463
80700 299.97 -88.16 -20862.17 3350.00 54000.00 1.0463
80800 299.97 -88.16 -20862.17 3350.00 54000.00 1.0463
80900 299.97 -88.16 -20862.17 3350.00 54000.00 1.0463
81000 299.97 -88.16 -20862.17 3350.00 54000.00 1.0463
81100 299.97 -88.16 -20862.17 3350.00 54000.00 1.0463
81200 299.97 -88.16 -20862.17 3350.00 54000.00 1.0463
81300 299.97 -88.16 -20862.17 3350.00 54000.00 1.0463
81400 299.97 -88.16 -20862.17 3350.00 54000.00 1.0463
81500 299.97 -88.16 -20862.17 3350.00 54000.00 1.0463
81600 299.97 -88.16 -20862.16 3350.00 54000.00 1.0463
81700 299.97 -88.16 -20862.16 3350.00 54000.00 1.0463
81800 299.97 -88.16 -20862.16 3350.00 54000.00 1.0463
81900 299.97 -88.16 -20862.16 3350.00 54000.00 1.0463
82000 299.97 -88.16 -20862.16 3350.00 54000.00 1.0463
82100 299.97 -88.16 -20862.16 3350.00 54000.00 1.0463
82200 299.97 -88.16 -20862.16 3350.00 54000.00 1.0463
82300 299.97 -88.16 -20862.17 3350.00 54000.00 1.0463
82400 299.97 -88.16 -20862.17 3350.00 54000.00 1.0463
82500 299.97 -88.16 -20862.17 3350.00 54000.00 1.0463
82600 299.97 -88.16 -20862.17 3350.00 54000.00 1.0463
82700 299.97 -88.16 -20862.17 3350.00 54000.00 1.0463
82800 299.97 -88.16 -20862.17 3350.00 54000.00 1.0463
82900 299.97 -88.16 -20862.17 3350.00 54000.00 1.0463
83000 299.97 -88.16 -20862.17 3350.00 54000.00 1.0463
83100 299.97 -88.16 -20862.17 3350.00 54000.00 1.0463
83200 299.97 -88.16 -20862.17 3350.00 54000.00 1.0463
83300 299.97 -88.16 -20862.17 3350.00 54000.00 1.0463
83400 299.97 -88.16 -20862.17 3350.00 54000.00 1.0463
83500 299.97 -88.16 -20862.17 3350.00 54000.00 1.0463
83600 299.97 -88.16 -20862.17 3350.00 54000.00 1.0463
83700 299.97 -88.16 -20862.17 3350.00 54000.00 1.0463
83800 299.97 -88.16 -20862.17 3350.00 54000.00 1.0463
83900 299.97 -88.16 -20862.17 3350.00 54000.00 1.0463
84000 299.97 -88.16 -20862.17 3350.00 54000.00 1.0463
84100 299.97 -88.16 -20862.17 3350.00 54000.00 1.0463
84200 299.97 -88.16 -20862.17 3350.00 54000.00 1.0463
84300 299.97 -88.16 -20862.17 3350.00 54000.00 1.0463
84400 299.97 -88.16 -20862.17 3350.00 54000.00 1.0463
84500 299.97 -88.16 -20862.17 3350.00 54000.00 1.0463
84600 299.97 -88.16 -20862.17 3350.00 54000.00 1.0463
84700 299.97 -88.16 -20862.17 3350.00 54000.00 1.0463
84800 299.97 -88.16 -20862.17 3350.00 54000.00 1.0463
84900 299.97 -88.16 -20862.17 3350.00 54000.00 1.0463
85000 299.97 -88.16 -20862.17 3350.00 54000.00 1.0463
85100 299.97 -88.16 -20862.17 3350.00 54000.00 1.0463
85200 299.97 -88.16 -20862.17 3350.00 54000.00 1.0463
85300 299.97 -88.16 -20862.17 3350.00 54000.00 1.0463
85400 299.97 -88.16 -20862.17 3350.00 54000.00 1.0463
85500 299.97 -88.16 -20862.17 3350.00 54000.00 1.0463
85600 299.97 -88.16 -20862.17 3350.00 54000.00 1.0463
85700 299.97 -88.16 -20862.17 3350.00 54000.00 1.0463
85800 299.97 -88.16 -20862.17 3350.00 54000.00 1.0463
85900 299.97 -88.16 -20862.17 3350.00 54000.00 1.0463
86000 299.97 -88.16 -20862.17 3350.00 54000.00 1.0463
86100 299.97 -88.16 -20862.17 3350.00 54000.00 1.0463
86200 299.97 -88.16 -20862.17 3350.00 54000.00 1.0463
86300 299.97 -88.16 -20862.17 3350.00 54000.00 1.0463
86400 299.97 -88.16 -20862.17 3350.00 54000.00 1.0463
86500 299.97 -88.16 -20862.17 3350.00 54000.00 1.0463
86600 299.97 -88.16 -20862.17 3350.00 54000.00 1.0463
86700 299.97 -88.16 -20862.17 3350.00 54000.00 1.0463
86800 299.97 -88.16 -20862.17 3350.00 54000.00 1.0463
86900 299.97 -88.16 -20862.17 3350.00 54000.00 1.0463
87000 299.97 -88.16 -20862.17 3350.00 54000.00 1.0463
87100 299.97 -88.16 -20862.17 3350.00 54000.00 1.0463
87200 299.97 -88.16 -20862.17 3350.00 54000.00 1.0463
87300 299.97 -88.16 -20862.17 3350.00 54000.00 1.0463
87400 299.97 -88.16 -20862.17 3350.00 54000.00 1.0463
87500 299.97 -88.16 -20862.17 3350.00 54000.00 1.0463
87600 299.97 -88.16 -20862.17 3350.00 54000.00 1.0463
87700 299.97 -88.16 -20862.17 3350.00 54000.00 1.0463
87800 299.97 -88.16 -20862.17 3350.00 54000.00 1.0463
87900 299.97 -88.16 -20862.17 3350.00 54000.00 1.0463
88000 299.97 -88.16 -20862.17 3350.00 54000.00 1.0463
88100 299.97 -88.16 -20862.17 3350.00 54000.00 1.0463
88200 299.97 -88.16 -20862.17 3350.00 54000.00 1.0463
88300 299.97 -88.16 -20862.17 3350.00 54000.00 1.0463
88400 299.97 -88.16 -20862.17 3350.00 54000.00 1.0463
88500 299.97 -88.16 -20862.17 3350.00 54000.00 1.0463
88600 299.97 -88.16 -20862.17 3350.00 54000.00 1.0463
88700 299.97 -88.16 -20862.17 3350.00 54000.00 1.0463
88800 299.97 -88.16 -20862.17 3350.00 54000.00 1.0463
88900 299.97 -88.16 -20862.17 3350.00 54000.00 1.0463
89000 299.97 -88.16 -20862.17 3350.00 54000.00 1.0463
89100 299.97 -88.16 -20862.17 3350.00 54000.00 1.0463
89200 299.97 -88.16 -20862.17 3350.00 54000.00 1.0463
89300 299.97 -88.16 -20862.17 3350.00 54000.00 1.0463
89400 299.97 -88.16 -20862.17 3350.00 54000.00 1.0463
89500 299.97 -88.16 -20862.17 3350.00 54000.00 1.0463
89600 299.97 -88.16 -20862.17 3350.00 54000.00 1.0463
89700 299.97 -88.16 -20862.17 3350.00 54000.00 1.0463
89800 299.97 -88.16 -20862.17 3350.00 54000.00 1.0463
89900 299.97 -88.16 -20862.17 3350.00 54000.00 1.0463
90000 299.97 -88.16 -20862.17 3350.00 54000.00 1.0463
90100 299.97 -88.16 -20862.17 3350.00 54000.00 1.0463
90200 299.97 -88.16 -20862.17 3350.00 54000.00 1.0463
90300 299.97 -88.16 -20862.17 3350.00 54000.00 1.0463
90400 299.97 -88.16 -20862.17 3350.00 54000.00 1.0463
90500 299.97 -88.16 -20862.17 3350.00 54000.00 1.0463
90600 299.97 -88.16 -20862.17 3350.00 54000.00 1.0463
90700 299.97 -88.16 -20862.17 3350.00 54000.00 1.0463
90800 299.97 -88.16 -20862.17 3350.00 54000.00 1.0463
90900 299.97 -88.16 -20862.17 3350.00 54000.00 1.0463
91000 299.97 -88.16 -20862.17 3350.00 54000.00 1.0463
91100 299.97 -88.16 -20862.17 3350.00 54000.00 1.0463
91200 299.97 -88.16 -20862.17 3350.00 54000.00 1.0463
91300 299.97 -88.16 -20862.17 3350.00 54000.00 1.0463
91400 299.97 -88.16 -20862.17 3350.00 54000.00 1.0463
91500 299.97 -88.16 -20862.17 3350.00 54000.00 1.0463
91600 299.97 -88.16 -20862.17 3350.00 54000.00 1.0463
91700 299.97 -88.16 -20862.17 3350.00 54000.00 1.0463
91800 299.97 -88.16 -20862.17 3350.00 54000.00 1.0463
91900 299.97 -88.16 -20862.17 3350.00 54000.00 1.0463
92000 299.97 -88.16 -20862.17 3350.00 54000.00 1.0463
92100 299.97 -88.16 -20862.17 3350.00 54000.00 1.0463
92200 299.97 -88.16 -20862.17 3350.00 54000.00 1.0463
92300 299.97 -88.16 -20862.17 3350.00 54000.00 1.0463
92400 299.97 -88.16 -20862.17 3350.00 54000.00 1.0463
92500 299.97 -88.16 -20862.16 3350.00 54000.00 1.0463
92600 299.97 -88.16 -20862.16 3350.00 54000.00 1.0463
92700 299.97 -88.16 -20862.16 3350.00 54000.00 1.0463
92800 299.97 -88.16 -20862.16 3350.00 54000.00 1.0463
92900 299.97 -88.16 -20862.16 3350.00 54000.00 1.0463
93000 299.97 -88.16 -20862.16 3350.00 54000.00 1.0463
93100 299.97 -88.16 -20862.16 3350.00 54000.00 1.0463
93200 299.97 -88.16 -20862.16 3350.00 54000.00 1.0463
93300 299.97 -88.16 -20862.16 3350.00 54000.00 1.0463
93400 299.97 -88.16 -20862.16 3350.00 54000.00 1.0463
93500 299.97 -88.16 -20862.16 3350.00 54000.00 1.0463
93600 299.97 -88.16 -20862.16 3350.00 54000.00 1.0463
93700 299.97 -88.16 -20862.16 3350.00 54000.00 1.0463
93800 299.97 -88.16 -20862.16 3350.00 54000.00 1.0463
93900 299.97 -88.16 -20862.16 3350.00 54000.00 1.0463
94000 299.97 -88.16 -20862.17 3350.00 54000.00 1.0463
94100 299.97 -88.16 -20862.17 3350.00 54000.00 1.0463
94200 299.97 -88.16 -20862.17 3350.00 54000.00 1.0463
94300 299.97 -88.16 -20862.17 3350.00 54000.00 1.0463
94400 299.97 -88.16 -20862.17 3350.00 54000.00 1.0463
94500 299.97 -88.16 -20862.16 3350.00 54000.00 1.0463
94600 299.97 -88.16 -20862.16 3350.00 54000.00 1.0463
94700 299.97 -88.16 -20862.16 3350.00 54000.00 1.0463
94800 299.97 -88.16 -20862.16 3350.00 54000.00 1.0463
94900 299.97 -88.16 -20862.16 3350.00 54000.00 1.0463
95000 299.97 -88.16 -20862.16 3350.00 54000.00 1.0463
95100 299.97 -88.16 -20862.16 3350.00 54000.00 1.0463
95200 299.97 -88.16 -20862.16 3350.00 54000.00 1.0463
95300 299.97 -88.16 -20862.16 3350.00 54000.00 1.0463
95400 299.97 -88.16 -20862.16 3350.00 54000.00 1.0463
95500 299.97 -88.16 -20862.16 3350.00 54000.00 1.0463
95600 299.97 -88.16 -20862.17 3350.00 54000.00 1.0463
95700 299.97 -88.16 -20862.17 3350.00 54000.00 1.0463
95800 299.97 -88.16 -20862.17 3350.00 54000.00 1.0463
95900 299.97 -88.16 -20862.17 3350.00 54000.00 1.0463
96000 299.97 -88.16 -20862.17 3350.00 54000.00 1.0463
96100 299.97 -88.16 -20862.17 3350.00 54000.00 1.0463
96200 299.97 -88.16 -20862.17 3350.00 54000.00 1.0463
96300 299.97 -88.16 -20862.17 3350.00 54000.00 1.0463
96400 299.97 -88.16 -20862.17 3350.00 54000.00 1.0463
96500 299.97 -88.16 -20862.17 3350.00 54000.00 1.0463
96600 299.97 -88.16 -20862.17 3350.00 54000.00 1.0463
96700 299.97 -88.16 -20862.17 3350.00 54000.00 1.0463
96800 299.97 -88.16 -20862.17 3350.00 54000.00 1.0463
96900 299.97 -88.16 -20862.17 3350.00 54000.00 1.0463
97000 299.97 -88.16 -20862.17 3350.00 54000.00 1.0463
97100 299.97 -88.16 -20862.17 3350.00 54000.00 1.0463
97200 299.97 -88.16 -20862.17 3350.00 54000.00 1.0463
97300 299.97 -88.16 -20862.17 3350.00 54000.00 1.0463
97400 299.97 -88.16 -20862.17 3350.00 54000.00 1.0463
97500 299.97 -88.16 -20862.17 3350.00 54000.00 1.0463
97600 299.97 -88.16 -20862.17 3350.00 54000.00 1.0463
97700 299.97 -88.16 -20862.17 3350.00 54000.00 1.0463
97800 299.97 -88.16 -20862.17 3350.00 54000.00 1.0463
97900 299.97 -88.16 -20862.17 3350.00 54000.00 1.0463
98000 299.97 -88.16 -20862.17 3350.00 54000.00 1.0463
98100 299.97 -88.16 -20862.17 3350.00 54000.00 1.0463
98200 299.97 -88.16 -20862.17 3350.00 54000.00 1.0463
98300 299.97 -88.16 -20862.17 3350.00 54000.00 1.0463
98400 299.97 -88.16 -20862.17 3350.00 54000.00 1.0463
98500 299.97 -88.16 -20862.17 3350.00 54000.00 1.0463
98600 299.97 -88.16 -20862.17 3350.00 54000.00 1.0463
98700 299.97 -88.16 -20862.17 3350.00 54000.00 1.0463
98800 299.97 -88.16 -20862.17 3350.00 54000.00 1.0463
98900 299.97 -88.16 -20862.17 3350.00 54000.00 1.0463
99000 299.97 -88.16 -20862.17 3350.00 54000.00 1.0463
99100 299.97 -88.16 -20862.17 3350.00 54000.00 1.0463
99200 299.97 -88.16 -20862.17 3350.00 54000.00 1.0463
99300 299.97 -88.16 -20862.17 3350.00 54000.00 1.0463
99400 299.97 -88.16 -20862.17 3350.00 54000.00 1.0463
99500 299.97 -88.16 -20862.17 3350.00 54000.00 1.0463
99600 299.97 -88.16 -20862.17 3350.00 54000.00 1.0463
99700 299.97 -88.16 -20862.17 3350.00 54000.00 1.0463
99800 299.97 -88.16 -20862.17 3350.00 54000.00 1.0463
99900 299.97 -88.16 -20862.17 3350.00 54000.00 1.0463
