# Time-averaged data for fix thermo_detailed
# TimeStep v_temp v_press v_pe v_ke v_vol v_dens
600100 298.164154 -33.730911 -21075.984375 3335.645752 54561.585938 1.045576
600200 298.719940 -75.559349 -21001.548828 3341.863281 54546.929688 1.045857
600300 299.009338 -93.778069 -20960.187500 3345.100830 54574.605469 1.045327
600400 299.221436 -101.609741 -20923.263672 3347.473633 54596.171875 1.044914
600500 299.379730 -103.124191 -20892.130859 3349.244385 54616.597656 1.044523
600600 299.492096 -101.553093 -20867.585938 3350.501465 54633.417969 1.044201
600700 299.568420 -98.818428 -20849.007812 3351.355469 54646.351562 1.043954
600800 299.618622 -95.947609 -20835.298828 3351.916992 54655.957031 1.043771
600900 299.650940 -93.404442 -20825.351562 3352.278564 54662.976562 1.043637
601000 299.671509 -91.334183 -20818.205078 3352.508789 54668.078125 1.043539
601100 299.684570 -89.736595 -20813.119141 3352.654785 54671.765625 1.043469
601200 299.692902 -88.542953 -20809.511719 3352.748047 54674.460938 1.043418
601300 299.698242 -87.669113 -20806.957031 3352.807861 54676.437500 1.043380
601400 299.701752 -87.035889 -20805.144531 3352.847168 54677.914062 1.043352
601500 299.704132 -86.573364 -20803.843750 3352.873779 54679.046875 1.043330
601600 299.705719 -86.237808 -20802.904297 3352.891602 54679.921875 1.043313
601700 299.706818 -85.984840 -20802.203125 3352.903809 54680.636719 1.043300
601800 299.707611 -85.791969 -20801.669922 3352.912842 54681.230469 1.043288
601900 299.708130 -85.636917 -20801.248047 3352.918457 54681.742188 1.043279
602000 299.708527 -85.510124 -20800.898438 3352.923096 54682.195312 1.043270
602100 299.708862 -85.400581 -20800.605469 3352.926758 54682.597656 1.043262
602200 299.709045 -85.303162 -20800.345703 3352.928711 54682.972656 1.043255
602300 299.709229 -85.215080 -20800.113281 3352.930664 54683.300781 1.043249
602400 299.709412 -85.135292 -20799.898438 3352.932861 54683.589844 1.043243
602500 299.709564 -85.058365 -20799.701172 3352.934570 54683.863281 1.043238
602600 299.709686 -84.993637 -20799.523438 3352.936035 54684.105469 1.043234
602700 299.709808 -84.929352 -20799.361328 3352.937256 54684.312500 1.043230
602800 299.709930 -84.877357 -20799.214844 3352.938477 54684.492188 1.043226
602900 299.710083 -84.827339 -20799.080078 3352.940186 54684.644531 1.043223
603000 299.710205 -84.786362 -20798.964844 3352.941650 54684.769531 1.043221
603100 299.710388 -84.749809 -20798.865234 3352.943848 54684.871094 1.043219
603200 299.710510 -84.716560 -20798.785156 3352.945068 54684.945312 1.043218
603300 299.710663 -84.687241 -20798.710938 3352.946777 54684.996094 1.043216
603400 299.710815 -84.663345 -20798.650391 3352.948486 54685.039062 1.043216
603500 299.710938 -84.646736 -20798.595703 3352.949707 54685.062500 1.043215
603600 299.711060 -84.634697 -20798.556641 3352.951172 54685.070312 1.043215
603700 299.711182 -84.624451 -20798.527344 3352.952881 54685.070312 1.043215
603800 299.711334 -84.616875 -20798.505859 3352.954346 54685.054688 1.043215
603900 299.711456 -84.610947 -20798.494141 3352.955811 54685.027344 1.043216
604000 299.711578 -84.610046 -20798.484375 3352.957031 54685.007812 1.043216
604100 299.711700 -84.606544 -20798.476562 3352.958496 54684.976562 1.043217
604200 299.711792 -84.605705 -20798.474609 3352.959473 54684.929688 1.043218
604300 299.711884 -84.606178 -20798.476562 3352.960449 54684.890625 1.043218
604400 299.712006 -84.608223 -20798.482422 3352.961670 54684.851562 1.043219
604500 299.712097 -84.609459 -20798.490234 3352.962891 54684.800781 1.043220
604600 299.712219 -84.610924 -20798.498047 3352.964355 54684.761719 1.043221
604700 299.712311 -84.611534 -20798.509766 3352.965332 54684.714844 1.043222
604800 299.712402 -84.617264 -20798.519531 3352.966309 54684.675781 1.043223
604900 299.712463 -84.618935 -20798.535156 3352.967041 54684.617188 1.043224
605000 299.712555 -84.620689 -20798.546875 3352.968018 54684.566406 1.043225
605100 299.712616 -84.625565 -20798.562500 3352.968506 54684.523438 1.043226
605200 299.712708 -84.629898 -20798.576172 3352.969727 54684.468750 1.043227
605300 299.712769 -84.635498 -20798.589844 3352.970215 54684.425781 1.043227
605400 299.712830 -84.640976 -20798.605469 3352.970947 54684.375000 1.043228
605500 299.712891 -84.645683 -20798.625000 3352.971680 54684.320312 1.043229
605600 299.712952 -84.648369 -20798.640625 3352.972656 54684.273438 1.043230
605700 299.713013 -84.647148 -20798.654297 3352.973145 54684.222656 1.043231
605800 299.713074 -84.650948 -20798.671875 3352.973877 54684.183594 1.043232
605900 299.713135 -84.656075 -20798.683594 3352.974609 54684.140625 1.043233
606000 299.713196 -84.657532 -20798.699219 3352.975342 54684.089844 1.043234
606100 299.713257 -84.662247 -20798.710938 3352.975830 54684.046875 1.043235
606200 299.713318 -84.664650 -20798.728516 3352.976562 54684.003906 1.043235
606300 299.713379 -84.666367 -20798.738281 3352.977295 54683.968750 1.043236
606400 299.713440 -84.670616 -20798.750000 3352.977783 54683.921875 1.043237
606500 299.713501 -84.668419 -20798.763672 3352.978516 54683.878906 1.043238
606600 299.713562 -84.668999 -20798.771484 3352.979248 54683.835938 1.043239
606700 299.713593 -84.671448 -20798.785156 3352.979492 54683.796875 1.043239
606800 299.713623 -84.672310 -20798.794922 3352.979736 54683.761719 1.043240
606900 299.713684 -84.675194 -20798.806641 3352.980469 54683.726562 1.043241
607000 299.713715 -84.674049 -20798.814453 3352.980957 54683.687500 1.043242
607100 299.713776 -84.677216 -20798.828125 3352.981445 54683.648438 1.043242
607200 299.713837 -84.679024 -20798.837891 3352.982178 54683.609375 1.043243
607300 299.713867 -84.678650 -20798.849609 3352.982910 54683.578125 1.043244
607400 299.713898 -84.681221 -20798.861328 3352.983154 54683.546875 1.043244
607500 299.713959 -84.681236 -20798.869141 3352.983887 54683.507812 1.043245
607600 299.713959 -84.680878 -20798.880859 3352.983887 54683.460938 1.043246
607700 299.714020 -84.679909 -20798.888672 3352.984375 54683.429688 1.043246
607800 299.714050 -84.681236 -20798.898438 3352.984863 54683.402344 1.043247
607900 299.714111 -84.681602 -20798.904297 3352.985352 54683.371094 1.043247
608000 299.714203 -84.680168 -20798.910156 3352.986572 54683.339844 1.043248
608100 299.714233 -84.680115 -20798.919922 3352.986816 54683.308594 1.043249
608200 299.714294 -84.681511 -20798.931641 3352.987549 54683.285156 1.043249
608300 299.714325 -84.681969 -20798.937500 3352.987793 54683.253906 1.043250
608400 299.714386 -84.681946 -20798.947266 3352.988525 54683.214844 1.043250
608500 299.714417 -84.684265 -20798.957031 3352.988770 54683.187500 1.043251
608600 299.714447 -84.684486 -20798.966797 3352.989014 54683.160156 1.043252
608700 299.714478 -84.684647 -20798.978516 3352.989502 54683.128906 1.043252
608800 299.714508 -84.686188 -20798.984375 3352.989746 54683.109375 1.043253
608900 299.714539 -84.686623 -20798.994141 3352.989990 54683.070312 1.043253
609000 299.714569 -84.686554 -20799.001953 3352.990479 54683.050781 1.043254
609100 299.714600 -84.687645 -20799.009766 3352.990723 54683.019531 1.043254
609200 299.714661 -84.687805 -20799.015625 3352.991455 54682.992188 1.043255
609300 299.714661 -84.687965 -20799.023438 3352.991455 54682.968750 1.043255
609400 299.714691 -84.688263 -20799.031250 3352.991699 54682.941406 1.043256
609500 299.714722 -84.688225 -20799.039062 3352.992188 54682.910156 1.043256
609600 299.714783 -84.687645 -20799.046875 3352.993164 54682.894531 1.043257
609700 299.714813 -84.692177 -20799.052734 3352.993408 54682.867188 1.043257
609800 299.714813 -84.692047 -20799.058594 3352.993408 54682.843750 1.043258
609900 299.714874 -84.689316 -20799.066406 3352.994141 54682.816406 1.043258
610000 299.714874 -84.692139 -20799.076172 3352.994141 54682.800781 1.043258
610100 299.714905 -84.692528 -20799.082031 3352.994385 54682.777344 1.043259
610200 299.714935 -84.691238 -20799.087891 3352.994629 54682.753906 1.043259
610300 299.714935 -84.690346 -20799.091797 3352.994629 54682.730469 1.043260
610400 299.714966 -84.691124 -20799.101562 3352.995117 54682.703125 1.043260
610500 299.714996 -84.690102 -20799.107422 3352.995361 54682.683594 1.043261
610600 299.714996 -84.693054 -20799.113281 3352.995361 54682.656250 1.043261
610700 299.715057 -84.696503 -20799.121094 3352.996094 54682.636719 1.043262
610800 299.715088 -84.698616 -20799.130859 3352.996338 54682.621094 1.043262
610900 299.715088 -84.696503 -20799.136719 3352.996338 54682.597656 1.043262
611000 299.715118 -84.697517 -20799.142578 3352.996582 54682.589844 1.043262
611100 299.715149 -84.700165 -20799.150391 3352.997070 54682.562500 1.043263
611200 299.715149 -84.701889 -20799.154297 3352.997070 54682.542969 1.043263
611300 299.715179 -84.702408 -20799.158203 3352.997314 54682.527344 1.043264
611400 299.715179 -84.699524 -20799.164062 3352.997314 54682.507812 1.043264
611500 299.715210 -84.697929 -20799.167969 3352.997559 54682.492188 1.043264
611600 299.715240 -84.698792 -20799.173828 3352.998047 54682.468750 1.043265
611700 299.715240 -84.702919 -20799.183594 3352.998047 54682.449219 1.043265
611800 299.715240 -84.706299 -20799.191406 3352.998047 54682.429688 1.043265
611900 299.715271 -84.707832 -20799.197266 3352.998291 54682.406250 1.043266
612000 299.715271 -84.708755 -20799.205078 3352.998291 54682.390625 1.043266
612100 299.715302 -84.711113 -20799.207031 3352.998779 54682.375000 1.043267
612200 299.715332 -84.713974 -20799.210938 3352.999023 54682.359375 1.043267
612300 299.715363 -84.714882 -20799.216797 3352.999268 54682.343750 1.043267
612400 299.715393 -84.716370 -20799.222656 3352.999756 54682.328125 1.043267
612500 299.715393 -84.716972 -20799.230469 3352.999756 54682.320312 1.043268
612600 299.715424 -84.719849 -20799.232422 3353.000000 54682.296875 1.043268
612700 299.715424 -84.717422 -20799.236328 3353.000000 54682.289062 1.043268
612800 299.715454 -84.718819 -20799.244141 3353.000244 54682.265625 1.043269
612900 299.715424 -84.717033 -20799.250000 3353.000000 54682.257812 1.043269
613000 299.715454 -84.717636 -20799.257812 3353.000244 54682.234375 1.043269
613100 299.715454 -84.719002 -20799.259766 3353.000244 54682.214844 1.043270
613200 299.715485 -84.721664 -20799.263672 3353.000732 54682.207031 1.043270
613300 299.715485 -84.723717 -20799.267578 3353.000732 54682.195312 1.043270
613400 299.715485 -84.726677 -20799.273438 3353.000732 54682.179688 1.043270
613500 299.715515 -84.729195 -20799.279297 3353.000977 54682.167969 1.043270
613600 299.715515 -84.728325 -20799.283203 3353.000977 54682.152344 1.043271
613700 299.715515 -84.728500 -20799.289062 3353.000977 54682.136719 1.043271
613800 299.715515 -84.730492 -20799.296875 3353.000977 54682.121094 1.043271
613900 299.715515 -84.732765 -20799.304688 3353.000977 54682.113281 1.043272
614000 299.715546 -84.735252 -20799.308594 3353.001221 54682.101562 1.043272
614100 299.715546 -84.737244 -20799.312500 3353.001221 54682.085938 1.043272
614200 299.715576 -84.739738 -20799.322266 3353.001709 54682.082031 1.043272
614300 299.715576 -84.739510 -20799.324219 3353.001709 54682.070312 1.043272
614400 299.715576 -84.744087 -20799.332031 3353.001709 54682.054688 1.043273
614500 299.715607 -84.746468 -20799.333984 3353.001953 54682.042969 1.043273
614600 299.715607 -84.748993 -20799.337891 3353.001953 54682.027344 1.043273
614700 299.715607 -84.749924 -20799.341797 3353.001953 54682.023438 1.043273
614800 299.715607 -84.751091 -20799.347656 3353.001953 54682.007812 1.043274
614900 299.715637 -84.752625 -20799.355469 3353.002197 54681.992188 1.043274
615000 299.715637 -84.754555 -20799.363281 3353.002197 54681.988281 1.043274
615100 299.715637 -84.758011 -20799.365234 3353.002197 54681.976562 1.043274
615200 299.715637 -84.762085 -20799.369141 3353.002197 54681.964844 1.043274
615300 299.715637 -84.763885 -20799.373047 3353.002197 54681.960938 1.043274
615400 299.715637 -84.764961 -20799.376953 3353.002197 54681.957031 1.043275
615500 299.715668 -84.767845 -20799.380859 3353.002930 54681.949219 1.043275
615600 299.715668 -84.771233 -20799.388672 3353.002930 54681.933594 1.043275
615700 299.715668 -84.771599 -20799.390625 3353.002930 54681.929688 1.043275
615800 299.715668 -84.773544 -20799.392578 3353.002930 54681.917969 1.043275
615900 299.715668 -84.774002 -20799.396484 3353.002930 54681.910156 1.043275
616000 299.715668 -84.776428 -20799.400391 3353.002930 54681.902344 1.043275
616100 299.715668 -84.778954 -20799.404297 3353.002930 54681.898438 1.043276
616200 299.715668 -84.781578 -20799.408203 3353.002930 54681.894531 1.043276
616300 299.715698 -84.785515 -20799.414062 3353.003174 54681.878906 1.043276
616400 299.715698 -84.787720 -20799.417969 3353.003174 54681.867188 1.043276
616500 299.715698 -84.791855 -20799.419922 3353.003174 54681.863281 1.043276
616600 299.715698 -84.793144 -20799.423828 3353.003174 54681.859375 1.043276
616700 299.715698 -84.794174 -20799.429688 3353.003174 54681.847656 1.043277
616800 299.715698 -84.794647 -20799.433594 3353.003174 54681.843750 1.043277
616900 299.715698 -84.798111 -20799.433594 3353.003174 54681.835938 1.043277
617000 299.715698 -84.799629 -20799.437500 3353.003174 54681.832031 1.043277
617100 299.715698 -84.801369 -20799.441406 3353.003174 54681.816406 1.043277
617200 299.715698 -84.804886 -20799.447266 3353.003174 54681.816406 1.043277
617300 299.715698 -84.809357 -20799.453125 3353.003174 54681.812500 1.043277
617400 299.715668 -84.811966 -20799.458984 3353.002930 54681.804688 1.043277
617500 299.715668 -84.814186 -20799.462891 3353.002930 54681.800781 1.043278
617600 299.715698 -84.814384 -20799.464844 3353.003174 54681.796875 1.043278
617700 299.715698 -84.816650 -20799.468750 3353.003174 54681.785156 1.043278
617800 299.715698 -84.817528 -20799.470703 3353.003174 54681.781250 1.043278
617900 299.715698 -84.818146 -20799.474609 3353.003174 54681.773438 1.043278
618000 299.715698 -84.820251 -20799.480469 3353.003174 54681.769531 1.043278
618100 299.715698 -84.821396 -20799.480469 3353.003174 54681.765625 1.043278
618200 299.715698 -84.824226 -20799.480469 3353.003174 54681.765625 1.043278
618300 299.715698 -84.828308 -20799.484375 3353.003174 54681.753906 1.043278
618400 299.715729 -84.832108 -20799.488281 3353.003662 54681.750000 1.043278
618500 299.715729 -84.836388 -20799.492188 3353.003662 54681.742188 1.043279
618600 299.715698 -84.839722 -20799.496094 3353.003174 54681.738281 1.043279
618700 299.715698 -84.844421 -20799.500000 3353.003174 54681.738281 1.043279
618800 299.715668 -84.846733 -20799.505859 3353.002930 54681.734375 1.043279
618900 299.715668 -84.847778 -20799.511719 3353.002930 54681.722656 1.043279
619000 299.715668 -84.849319 -20799.515625 3353.002930 54681.722656 1.043279
619100 299.715668 -84.854462 -20799.521484 3353.002930 54681.718750 1.043279
619200 299.715668 -84.854988 -20799.521484 3353.002930 54681.710938 1.043279
619300 299.715668 -84.856750 -20799.527344 3353.002930 54681.710938 1.043279
619400 299.715637 -84.858650 -20799.531250 3353.002197 54681.707031 1.043279
619500 299.715637 -84.860626 -20799.533203 3353.002197 54681.707031 1.043279
619600 299.715637 -84.864189 -20799.539062 3353.002197 54681.703125 1.043279
619700 299.715637 -84.868126 -20799.539062 3353.002197 54681.703125 1.043279
619800 299.715637 -84.871605 -20799.542969 3353.002197 54681.691406 1.043280
619900 299.715637 -84.875404 -20799.544922 3353.002197 54681.687500 1.043280
620000 299.715637 -84.879089 -20799.548828 3353.002197 54681.687500 1.043280
620100 299.715607 -84.880836 -20799.550781 3353.001953 54681.687500 1.043280
620200 299.715607 -84.883766 -20799.558594 3353.001953 54681.679688 1.043280
620300 299.715607 -84.886253 -20799.560547 3353.001953 54681.679688 1.043280
620400 299.715607 -84.888702 -20799.562500 3353.001953 54681.675781 1.043280
620500 299.715607 -84.890511 -20799.566406 3353.001953 54681.671875 1.043280
620600 299.715607 -84.893028 -20799.572266 3353.001953 54681.671875 1.043280
620700 299.715576 -84.897079 -20799.578125 3353.001709 54681.660156 1.043280
620800 299.715576 -84.901909 -20799.582031 3353.001709 54681.660156 1.043280
620900 299.715576 -84.906898 -20799.583984 3353.001709 54681.660156 1.043280
621000 299.715546 -84.909760 -20799.587891 3353.001221 54681.660156 1.043280
621100 299.715576 -84.913124 -20799.589844 3353.001709 54681.656250 1.043280
621200 299.715576 -84.915825 -20799.589844 3353.001709 54681.656250 1.043280
621300 299.715576 -84.919861 -20799.593750 3353.001709 54681.648438 1.043280
621400 299.715576 -84.923798 -20799.597656 3353.001709 54681.648438 1.043280
621500 299.715576 -84.926224 -20799.601562 3353.001709 54681.648438 1.043280
621600 299.715546 -84.928535 -20799.605469 3353.001221 54681.644531 1.043280
621700 299.715546 -84.931831 -20799.607422 3353.001221 54681.632812 1.043281
621800 299.715546 -84.934692 -20799.613281 3353.001221 54681.632812 1.043281
621900 299.715546 -84.937393 -20799.615234 3353.001221 54681.632812 1.043281
622000 299.715546 -84.939842 -20799.621094 3353.001221 54681.628906 1.043281
622100 299.715546 -84.943352 -20799.625000 3353.001221 54681.628906 1.043281
622200 299.715546 -84.946899 -20799.628906 3353.001221 54681.628906 1.043281
622300 299.715546 -84.950302 -20799.634766 3353.001221 54681.625000 1.043281
622400 299.715546 -84.953331 -20799.636719 3353.001221 54681.617188 1.043281
622500 299.715515 -84.952942 -20799.638672 3353.000977 54681.617188 1.043281
622600 299.715515 -84.953506 -20799.642578 3353.000977 54681.617188 1.043281
622700 299.715485 -84.956093 -20799.644531 3353.000732 54681.617188 1.043281
622800 299.715454 -84.959618 -20799.648438 3353.000244 54681.613281 1.043281
622900 299.715454 -84.963600 -20799.650391 3353.000244 54681.601562 1.043281
623000 299.715454 -84.968620 -20799.652344 3353.000244 54681.601562 1.043281
623100 299.715454 -84.970726 -20799.656250 3353.000244 54681.601562 1.043281
623200 299.715454 -84.972366 -20799.660156 3353.000244 54681.597656 1.043281
623300 299.715454 -84.976746 -20799.662109 3353.000244 54681.597656 1.043281
623400 299.715424 -84.980331 -20799.666016 3353.000000 54681.601562 1.043281
623500 299.715424 -84.983696 -20799.667969 3353.000000 54681.601562 1.043281
623600 299.715424 -84.985947 -20799.669922 3353.000000 54681.601562 1.043281
623700 299.715424 -84.987366 -20799.671875 3353.000000 54681.601562 1.043281
623800 299.715454 -84.990494 -20799.675781 3353.000244 54681.597656 1.043281
623900 299.715454 -84.994553 -20799.679688 3353.000244 54681.597656 1.043281
624000 299.715454 -84.997505 -20799.683594 3353.000244 54681.593750 1.043281
624100 299.715424 -85.000359 -20799.683594 3353.000000 54681.593750 1.043281
624200 299.715424 -85.001183 -20799.681641 3353.000000 54681.597656 1.043281
624300 299.715424 -85.001892 -20799.679688 3353.000000 54681.597656 1.043281
624400 299.715424 -85.007393 -20799.683594 3353.000000 54681.597656 1.043281
624500 299.715393 -85.011024 -20799.687500 3352.999756 54681.597656 1.043281
624600 299.715424 -85.014870 -20799.693359 3353.000000 54681.597656 1.043281
624700 299.715424 -85.018105 -20799.697266 3353.000000 54681.597656 1.043281
624800 299.715424 -85.021736 -20799.699219 3353.000000 54681.601562 1.043281
624900 299.715393 -85.023140 -20799.699219 3352.999756 54681.601562 1.043281
625000 299.715363 -85.025520 -20799.701172 3352.999268 54681.601562 1.043281
625100 299.715363 -85.028954 -20799.703125 3352.999268 54681.601562 1.043281
625200 299.715332 -85.030945 -20799.705078 3352.999023 54681.601562 1.043281
625300 299.715332 -85.032974 -20799.708984 3352.999023 54681.597656 1.043281
625400 299.715332 -85.035172 -20799.712891 3352.999023 54681.597656 1.043281
625500 299.715332 -85.038376 -20799.716797 3352.999023 54681.597656 1.043281
625600 299.715332 -85.040009 -20799.716797 3352.999023 54681.597656 1.043281
625700 299.715332 -85.042183 -20799.718750 3352.999023 54681.597656 1.043281
625800 299.715332 -85.045044 -20799.722656 3352.999023 54681.597656 1.043281
625900 299.715332 -85.045998 -20799.724609 3352.999023 54681.597656 1.043281
626000 299.715302 -85.047630 -20799.726562 3352.998779 54681.597656 1.043281
626100 299.715302 -85.049759 -20799.730469 3352.998779 54681.597656 1.043281
626200 299.715302 -85.053444 -20799.734375 3352.998779 54681.593750 1.043281
626300 299.715302 -85.058540 -20799.736328 3352.998779 54681.593750 1.043281
626400 299.715302 -85.061684 -20799.736328 3352.998779 54681.597656 1.043281
626500 299.715271 -85.063965 -20799.736328 3352.998291 54681.597656 1.043281
626600 299.715271 -85.065964 -20799.736328 3352.998291 54681.597656 1.043281
626700 299.715240 -85.069145 -20799.740234 3352.998047 54681.597656 1.043281
626800 299.715240 -85.073143 -20799.748047 3352.998047 54681.597656 1.043281
626900 299.715210 -85.076538 -20799.751953 3352.997559 54681.593750 1.043281
627000 299.715210 -85.079445 -20799.757812 3352.997559 54681.593750 1.043281
627100 299.715210 -85.081520 -20799.761719 3352.997559 54681.585938 1.043282
627200 299.715210 -85.084709 -20799.769531 3352.997559 54681.582031 1.043282
627300 299.715179 -85.087349 -20799.771484 3352.997314 54681.582031 1.043282
627400 299.715149 -85.089615 -20799.773438 3352.997070 54681.582031 1.043282
627500 299.715149 -85.094139 -20799.775391 3352.997070 54681.570312 1.043282
627600 299.715149 -85.097717 -20799.775391 3352.997070 54681.582031 1.043282
627700 299.715149 -85.099365 -20799.775391 3352.997070 54681.582031 1.043282
627800 299.715149 -85.102928 -20799.783203 3352.997070 54681.570312 1.043282
627900 299.715179 -85.105995 -20799.785156 3352.997314 54681.570312 1.043282
628000 299.715149 -85.109772 -20799.789062 3352.997070 54681.582031 1.043282
628100 299.715149 -85.109665 -20799.789062 3352.997070 54681.582031 1.043282
628200 299.715149 -85.113647 -20799.789062 3352.997070 54681.585938 1.043282
628300 299.715149 -85.116096 -20799.787109 3352.997070 54681.585938 1.043282
628400 299.715149 -85.120377 -20799.787109 3352.997070 54681.593750 1.043281
628500 299.715118 -85.123215 -20799.791016 3352.996582 54681.585938 1.043282
628600 299.715118 -85.125931 -20799.792969 3352.996582 54681.585938 1.043282
628700 299.715118 -85.129303 -20799.796875 3352.996582 54681.582031 1.043282
628800 299.715118 -85.130219 -20799.798828 3352.996582 54681.585938 1.043282
628900 299.715118 -85.134308 -20799.800781 3352.996582 54681.593750 1.043281
629000 299.715118 -85.136185 -20799.802734 3352.996582 54681.593750 1.043281
629100 299.715088 -85.138802 -20799.806641 3352.996338 54681.597656 1.043281
629200 299.715088 -85.142273 -20799.810547 3352.996338 54681.597656 1.043281
629300 299.715057 -85.145020 -20799.812500 3352.996094 54681.597656 1.043281
629400 299.715057 -85.148384 -20799.812500 3352.996094 54681.597656 1.043281
629500 299.715027 -85.151451 -20799.814453 3352.995605 54681.597656 1.043281
629600 299.715027 -85.154129 -20799.816406 3352.995605 54681.597656 1.043281
629700 299.715027 -85.156487 -20799.818359 3352.995605 54681.597656 1.043281
629800 299.715057 -85.162186 -20799.820312 3352.996094 54681.597656 1.043281
629900 299.715027 -85.164108 -20799.822266 3352.995605 54681.597656 1.043281
630000 299.715027 -85.168365 -20799.824219 3352.995605 54681.597656 1.043281
630100 299.714996 -85.170891 -20799.828125 3352.995361 54681.597656 1.043281
630200 299.714966 -85.173866 -20799.832031 3352.995117 54681.593750 1.043281
630300 299.714966 -85.177544 -20799.832031 3352.995117 54681.597656 1.043281
630400 299.714966 -85.180779 -20799.835938 3352.995117 54681.601562 1.043281
630500 299.714966 -85.183380 -20799.837891 3352.995117 54681.601562 1.043281
630600 299.714966 -85.186661 -20799.837891 3352.995117 54681.601562 1.043281
630700 299.714966 -85.188759 -20799.837891 3352.995117 54681.613281 1.043281
630800 299.714935 -85.189949 -20799.837891 3352.994629 54681.601562 1.043281
630900 299.714905 -85.192245 -20799.843750 3352.994385 54681.613281 1.043281
631000 299.714905 -85.193893 -20799.847656 3352.994385 54681.613281 1.043281
631100 299.714874 -85.197388 -20799.851562 3352.994141 54681.613281 1.043281
631200 299.714874 -85.200531 -20799.849609 3352.994141 54681.601562 1.043281
631300 299.714874 -85.202156 -20799.849609 3352.994141 54681.601562 1.043281
631400 299.714874 -85.202950 -20799.855469 3352.994141 54681.601562 1.043281
631500 299.714874 -85.205658 -20799.861328 3352.994141 54681.613281 1.043281
631600 299.714874 -85.209267 -20799.863281 3352.994141 54681.613281 1.043281
631700 299.714844 -85.212868 -20799.867188 3352.993652 54681.617188 1.043281
631800 299.714844 -85.214218 -20799.867188 3352.993652 54681.613281 1.043281
631900 299.714844 -85.215752 -20799.869141 3352.993652 54681.601562 1.043281
632000 299.714844 -85.218407 -20799.873047 3352.993652 54681.601562 1.043281
632100 299.714844 -85.222221 -20799.875000 3352.993652 54681.601562 1.043281
632200 299.714844 -85.225700 -20799.876953 3352.993652 54681.613281 1.043281
632300 299.714844 -85.229630 -20799.882812 3352.993652 54681.613281 1.043281
632400 299.714813 -85.232674 -20799.882812 3352.993408 54681.613281 1.043281
632500 299.714813 -85.233955 -20799.882812 3352.993408 54681.613281 1.043281
632600 299.714783 -85.235458 -20799.884766 3352.993164 54681.613281 1.043281
632700 299.714752 -85.239311 -20799.886719 3352.992676 54681.613281 1.043281
632800 299.714752 -85.243103 -20799.888672 3352.992676 54681.601562 1.043281
632900 299.714722 -85.245422 -20799.890625 3352.992188 54681.601562 1.043281
633000 299.714691 -85.248505 -20799.896484 3352.991699 54681.613281 1.043281
633100 299.714691 -85.251694 -20799.896484 3352.991699 54681.617188 1.043281
633200 299.714691 -85.253151 -20799.894531 3352.991699 54681.613281 1.043281
633300 299.714691 -85.254845 -20799.894531 3352.991699 54681.613281 1.043281
633400 299.714722 -85.257256 -20799.896484 3352.992188 54681.613281 1.043281
633500 299.714691 -85.259796 -20799.900391 3352.991699 54681.617188 1.043281
633600 299.714691 -85.262192 -20799.902344 3352.991699 54681.617188 1.043281
633700 299.714661 -85.265152 -20799.906250 3352.991455 54681.625000 1.043281
633800 299.714661 -85.267479 -20799.908203 3352.991455 54681.625000 1.043281
633900 299.714661 -85.270897 -20799.910156 3352.991455 54681.625000 1.043281
634000 299.714661 -85.270958 -20799.912109 3352.991455 54681.625000 1.043281
634100 299.714661 -85.273453 -20799.910156 3352.991455 54681.628906 1.043281
634200 299.714661 -85.275452 -20799.912109 3352.991455 54681.628906 1.043281
634300 299.714630 -85.276772 -20799.914062 3352.990967 54681.628906 1.043281
634400 299.714630 -85.280533 -20799.916016 3352.990967 54681.632812 1.043281
634500 299.714630 -85.282410 -20799.916016 3352.990967 54681.644531 1.043280
634600 299.714600 -85.284645 -20799.916016 3352.990723 54681.644531 1.043280
634700 299.714600 -85.289574 -20799.917969 3352.990723 54681.632812 1.043281
634800 299.714600 -85.294395 -20799.919922 3352.990723 54681.632812 1.043281
634900 299.714630 -85.296989 -20799.921875 3352.990967 54681.632812 1.043281
635000 299.714630 -85.299477 -20799.921875 3352.990967 54681.644531 1.043280
635100 299.714600 -85.300850 -20799.925781 3352.990723 54681.644531 1.043280
635200 299.714600 -85.303856 -20799.927734 3352.990723 54681.644531 1.043280
635300 299.714600 -85.306190 -20799.931641 3352.990723 54681.644531 1.043280
635400 299.714600 -85.306892 -20799.933594 3352.990723 54681.644531 1.043280
635500 299.714569 -85.310051 -20799.937500 3352.990479 54681.644531 1.043280
635600 299.714569 -85.312737 -20799.939453 3352.990479 54681.632812 1.043281
635700 299.714569 -85.315048 -20799.939453 3352.990479 54681.632812 1.043281
635800 299.714539 -85.319992 -20799.939453 3352.989990 54681.632812 1.043281
635900 299.714539 -85.322922 -20799.941406 3352.989990 54681.644531 1.043280
636000 299.714539 -85.324699 -20799.949219 3352.989990 54681.644531 1.043280
636100 299.714508 -85.327385 -20799.951172 3352.989746 54681.644531 1.043280
636200 299.714508 -85.329323 -20799.951172 3352.989746 54681.644531 1.043280
636300 299.714478 -85.331841 -20799.953125 3352.989502 54681.632812 1.043281
636400 299.714478 -85.333900 -20799.953125 3352.989502 54681.644531 1.043280
636500 299.714478 -85.336487 -20799.957031 3352.989502 54681.644531 1.043280
636600 299.714447 -85.338181 -20799.958984 3352.989014 54681.644531 1.043280
636700 299.714447 -85.340561 -20799.962891 3352.989014 54681.648438 1.043280
636800 299.714447 -85.341919 -20799.964844 3352.989014 54681.656250 1.043280
636900 299.714447 -85.344681 -20799.968750 3352.989014 54681.656250 1.043280
637000 299.714417 -85.348068 -20799.968750 3352.988770 54681.656250 1.043280
637100 299.714417 -85.352219 -20799.974609 3352.988770 54681.656250 1.043280
637200 299.714417 -85.354073 -20799.976562 3352.988770 54681.648438 1.043280
637300 299.714417 -85.355881 -20799.978516 3352.988770 54681.656250 1.043280
637400 299.714386 -85.358833 -20799.980469 3352.988525 54681.656250 1.043280
637500 299.714386 -85.362289 -20799.980469 3352.988525 54681.660156 1.043280
637600 299.714386 -85.363838 -20799.982422 3352.988525 54681.671875 1.043280
637700 299.714386 -85.365929 -20799.982422 3352.988525 54681.671875 1.043280
637800 299.714386 -85.367485 -20799.984375 3352.988525 54681.671875 1.043280
637900 299.714355 -85.369453 -20799.984375 3352.988037 54681.671875 1.043280
638000 299.714355 -85.372025 -20799.986328 3352.988037 54681.660156 1.043280
638100 299.714355 -85.373940 -20799.986328 3352.988037 54681.660156 1.043280
638200 299.714355 -85.378021 -20799.990234 3352.988037 54681.660156 1.043280
638300 299.714325 -85.380630 -20799.992188 3352.987793 54681.660156 1.043280
638400 299.714325 -85.381790 -20799.996094 3352.987793 54681.660156 1.043280
638500 299.714325 -85.384224 -20799.998047 3352.987793 54681.671875 1.043280
638600 299.714325 -85.388458 -20799.998047 3352.987793 54681.671875 1.043280
638700 299.714325 -85.392075 -20800.000000 3352.987793 54681.671875 1.043280
638800 299.714294 -85.394707 -20800.001953 3352.987549 54681.671875 1.043280
638900 299.714325 -85.396645 -20800.000000 3352.987793 54681.675781 1.043280
639000 299.714294 -85.399048 -20800.000000 3352.987549 54681.679688 1.043280
639100 299.714264 -85.402481 -20800.000000 3352.987061 54681.687500 1.043280
639200 299.714294 -85.404495 -20800.000000 3352.987549 54681.691406 1.043280
639300 299.714294 -85.403831 -20799.998047 3352.987549 54681.691406 1.043280
639400 299.714294 -85.404709 -20799.998047 3352.987549 54681.691406 1.043280
639500 299.714294 -85.405968 -20800.001953 3352.987549 54681.687500 1.043280
639600 299.714294 -85.408546 -20800.007812 3352.987549 54681.687500 1.043280
639700 299.714294 -85.411797 -20800.005859 3352.987549 54681.687500 1.043280
639800 299.714294 -85.413361 -20800.009766 3352.987549 54681.687500 1.043280
639900 299.714294 -85.415298 -20800.011719 3352.987549 54681.679688 1.043280
640000 299.714264 -85.416588 -20800.013672 3352.987061 54681.687500 1.043280
640100 299.714264 -85.414772 -20800.013672 3352.987061 54681.691406 1.043280
640200 299.714264 -85.415054 -20800.013672 3352.987061 54681.691406 1.043280
640300 299.714264 -85.417046 -20800.017578 3352.987061 54681.703125 1.043279
640400 299.714294 -85.421463 -20800.019531 3352.987549 54681.703125 1.043279
640500 299.714264 -85.423889 -20800.021484 3352.987061 54681.691406 1.043280
640600 299.714264 -85.426628 -20800.025391 3352.987061 54681.691406 1.043280
640700 299.714264 -85.429810 -20800.029297 3352.987061 54681.703125 1.043279
640800 299.714264 -85.433220 -20800.033203 3352.987061 54681.707031 1.043279
640900 299.714233 -85.434509 -20800.035156 3352.986816 54681.707031 1.043279
641000 299.714233 -85.436752 -20800.035156 3352.986816 54681.703125 1.043279
641100 299.714233 -85.438492 -20800.035156 3352.986816 54681.703125 1.043279
641200 299.714233 -85.441170 -20800.035156 3352.986816 54681.703125 1.043279
641300 299.714203 -85.445015 -20800.037109 3352.986572 54681.703125 1.043279
641400 299.714172 -85.447075 -20800.039062 3352.986084 54681.703125 1.043279
641500 299.714142 -85.446526 -20800.044922 3352.985840 54681.703125 1.043279
641600 299.714172 -85.450272 -20800.046875 3352.986084 54681.703125 1.043279
641700 299.714142 -85.452858 -20800.048828 3352.985840 54681.691406 1.043280
641800 299.714142 -85.456230 -20800.046875 3352.985840 54681.703125 1.043279
641900 299.714142 -85.458443 -20800.046875 3352.985840 54681.703125 1.043279
642000 299.714142 -85.459984 -20800.046875 3352.985840 54681.707031 1.043279
642100 299.714111 -85.462059 -20800.046875 3352.985352 54681.710938 1.043279
642200 299.714081 -85.463737 -20800.048828 3352.985107 54681.710938 1.043279
642300 299.714050 -85.465996 -20800.052734 3352.984863 54681.710938 1.043279
642400 299.714050 -85.468910 -20800.056641 3352.984863 54681.718750 1.043279
642500 299.714050 -85.470848 -20800.060547 3352.984863 54681.718750 1.043279
642600 299.714050 -85.472137 -20800.060547 3352.984863 54681.718750 1.043279
642700 299.714050 -85.473877 -20800.062500 3352.984863 54681.718750 1.043279
642800 299.714050 -85.477051 -20800.064453 3352.984863 54681.722656 1.043279
642900 299.714050 -85.480515 -20800.064453 3352.984863 54681.722656 1.043279
643000 299.714050 -85.485390 -20800.066406 3352.984863 54681.722656 1.043279
643100 299.714050 -85.486412 -20800.064453 3352.984863 54681.722656 1.043279
643200 299.714050 -85.487907 -20800.064453 3352.984863 54681.722656 1.043279
643300 299.714050 -85.489807 -20800.068359 3352.984863 54681.718750 1.043279
643400 299.714050 -85.490990 -20800.068359 3352.984863 54681.718750 1.043279
643500 299.714020 -85.491837 -20800.068359 3352.984375 54681.718750 1.043279
643600 299.714050 -85.492249 -20800.070312 3352.984863 54681.718750 1.043279
643700 299.714050 -85.492210 -20800.070312 3352.984863 54681.718750 1.043279
643800 299.714050 -85.492416 -20800.072266 3352.984863 54681.722656 1.043279
643900 299.714050 -85.493874 -20800.072266 3352.984863 54681.734375 1.043279
644000 299.714020 -85.496971 -20800.074219 3352.984375 54681.734375 1.043279
644100 299.714020 -85.498756 -20800.074219 3352.984375 54681.738281 1.043279
644200 299.714020 -85.501976 -20800.078125 3352.984375 54681.738281 1.043279
644300 299.713989 -85.503990 -20800.078125 3352.984131 54681.742188 1.043279
644400 299.713989 -85.505920 -20800.082031 3352.984131 54681.742188 1.043279
644500 299.713989 -85.509300 -20800.082031 3352.984131 54681.742188 1.043279
644600 299.713959 -85.510239 -20800.080078 3352.983887 54681.742188 1.043279
644700 299.713959 -85.510773 -20800.078125 3352.983887 54681.742188 1.043279
644800 299.713989 -85.510841 -20800.076172 3352.984131 54681.742188 1.043279
644900 299.713959 -85.512970 -20800.080078 3352.983887 54681.750000 1.043278
645000 299.713959 -85.514992 -20800.083984 3352.983887 54681.750000 1.043278
645100 299.713959 -85.519249 -20800.087891 3352.983887 54681.750000 1.043278
645200 299.713928 -85.521423 -20800.089844 3352.983398 54681.750000 1.043278
645300 299.713928 -85.523712 -20800.093750 3352.983398 54681.742188 1.043279
645400 299.713898 -85.526939 -20800.095703 3352.983154 54681.750000 1.043278
645500 299.713898 -85.528381 -20800.095703 3352.983154 54681.742188 1.043279
645600 299.713867 -85.531471 -20800.093750 3352.982910 54681.750000 1.043278
645700 299.713867 -85.533714 -20800.095703 3352.982910 54681.750000 1.043278
645800 299.713867 -85.534035 -20800.099609 3352.982910 54681.753906 1.043278
645900 299.713898 -85.535080 -20800.101562 3352.983154 54681.765625 1.043278
646000 299.713898 -85.535789 -20800.101562 3352.983154 54681.765625 1.043278
646100 299.713867 -85.535225 -20800.101562 3352.982910 54681.765625 1.043278
646200 299.713867 -85.536324 -20800.103516 3352.982910 54681.765625 1.043278
646300 299.713837 -85.537125 -20800.105469 3352.982178 54681.765625 1.043278
646400 299.713837 -85.538177 -20800.109375 3352.982178 54681.765625 1.043278
646500 299.713806 -85.540504 -20800.113281 3352.981934 54681.765625 1.043278
646600 299.713806 -85.542137 -20800.113281 3352.981934 54681.765625 1.043278
646700 299.713806 -85.544838 -20800.113281 3352.981934 54681.765625 1.043278
646800 299.713806 -85.548378 -20800.115234 3352.981934 54681.765625 1.043278
646900 299.713806 -85.552391 -20800.117188 3352.981934 54681.765625 1.043278
647000 299.713806 -85.555862 -20800.117188 3352.981934 54681.769531 1.043278
647100 299.713806 -85.559738 -20800.121094 3352.981934 54681.769531 1.043278
647200 299.713806 -85.562271 -20800.123047 3352.981934 54681.769531 1.043278
647300 299.713806 -85.563286 -20800.125000 3352.981934 54681.769531 1.043278
647400 299.713806 -85.564629 -20800.128906 3352.981934 54681.769531 1.043278
647500 299.713776 -85.567261 -20800.130859 3352.981445 54681.769531 1.043278
647600 299.713806 -85.568405 -20800.130859 3352.981934 54681.769531 1.043278
647700 299.713806 -85.570923 -20800.130859 3352.981934 54681.773438 1.043278
647800 299.713806 -85.572556 -20800.130859 3352.981934 54681.773438 1.043278
647900 299.713806 -85.574722 -20800.132812 3352.981934 54681.781250 1.043278
648000 299.713806 -85.576851 -20800.130859 3352.981934 54681.781250 1.043278
648100 299.713806 -85.580078 -20800.130859 3352.981934 54681.781250 1.043278
648200 299.713776 -85.580795 -20800.130859 3352.981445 54681.781250 1.043278
648300 299.713776 -85.579994 -20800.132812 3352.981445 54681.781250 1.043278
648400 299.713776 -85.579964 -20800.132812 3352.981445 54681.781250 1.043278
648500 299.713776 -85.581337 -20800.132812 3352.981445 54681.781250 1.043278
648600 299.713745 -85.580887 -20800.130859 3352.981201 54681.781250 1.043278
648700 299.713745 -85.581062 -20800.130859 3352.981201 54681.781250 1.043278
648800 299.713745 -85.582344 -20800.128906 3352.981201 54681.785156 1.043278
648900 299.713745 -85.584869 -20800.132812 3352.981201 54681.796875 1.043278
649000 299.713745 -85.586769 -20800.134766 3352.981201 54681.796875 1.043278
649100 299.713745 -85.589760 -20800.136719 3352.981201 54681.796875 1.043278
649200 299.713715 -85.591820 -20800.136719 3352.980957 54681.800781 1.043278
649300 299.713684 -85.593452 -20800.138672 3352.980469 54681.800781 1.043278
649400 299.713654 -85.595940 -20800.142578 3352.980225 54681.800781 1.043278
649500 299.713654 -85.599144 -20800.144531 3352.980225 54681.800781 1.043278
649600 299.713623 -85.602081 -20800.146484 3352.979736 54681.800781 1.043278
649700 299.713623 -85.604050 -20800.148438 3352.979736 54681.800781 1.043278
649800 299.713623 -85.605400 -20800.150391 3352.979736 54681.800781 1.043278
649900 299.713623 -85.608330 -20800.150391 3352.979736 54681.804688 1.043277
650000 299.713654 -85.610657 -20800.150391 3352.980225 54681.800781 1.043278
650100 299.713654 -85.612144 -20800.150391 3352.980225 54681.804688 1.043277
650200 299.713654 -85.612350 -20800.150391 3352.980225 54681.804688 1.043277
650300 299.713654 -85.612740 -20800.154297 3352.980225 54681.804688 1.043277
650400 299.713623 -85.612694 -20800.156250 3352.979736 54681.800781 1.043278
650500 299.713623 -85.614052 -20800.156250 3352.979736 54681.800781 1.043278
650600 299.713593 -85.614548 -20800.160156 3352.979492 54681.800781 1.043278
650700 299.713593 -85.614578 -20800.162109 3352.979492 54681.804688 1.043277
650800 299.713593 -85.616402 -20800.164062 3352.979492 54681.812500 1.043277
650900 299.713593 -85.618469 -20800.164062 3352.979492 54681.812500 1.043277
651000 299.713593 -85.621513 -20800.164062 3352.979492 54681.816406 1.043277
651100 299.713593 -85.624100 -20800.164062 3352.979492 54681.812500 1.043277
651200 299.713593 -85.629456 -20800.166016 3352.979492 54681.816406 1.043277
651300 299.713593 -85.632492 -20800.167969 3352.979492 54681.816406 1.043277
651400 299.713593 -85.633041 -20800.171875 3352.979492 54681.816406 1.043277
651500 299.713623 -85.634422 -20800.171875 3352.979736 54681.812500 1.043277
651600 299.713623 -85.637001 -20800.173828 3352.979736 54681.812500 1.043277
651700 299.713593 -85.639297 -20800.179688 3352.979492 54681.812500 1.043277
651800 299.713593 -85.639481 -20800.181641 3352.979492 54681.812500 1.043277
651900 299.713562 -85.640144 -20800.179688 3352.979248 54681.816406 1.043277
652000 299.713562 -85.641838 -20800.177734 3352.979248 54681.816406 1.043277
652100 299.713531 -85.642311 -20800.177734 3352.978760 54681.816406 1.043277
652200 299.713531 -85.644127 -20800.177734 3352.978760 54681.828125 1.043277
652300 299.713531 -85.646004 -20800.177734 3352.978760 54681.832031 1.043277
652400 299.713531 -85.647072 -20800.175781 3352.978760 54681.832031 1.043277
652500 299.713531 -85.647652 -20800.173828 3352.978760 54681.832031 1.043277
652600 299.713531 -85.649132 -20800.173828 3352.978760 54681.832031 1.043277
652700 299.713531 -85.650276 -20800.173828 3352.978760 54681.835938 1.043277
652800 299.713531 -85.651680 -20800.175781 3352.978760 54681.835938 1.043277
652900 299.713531 -85.651817 -20800.177734 3352.978760 54681.835938 1.043277
653000 299.713501 -85.652039 -20800.177734 3352.978516 54681.835938 1.043277
653100 299.713501 -85.653694 -20800.179688 3352.978516 54681.843750 1.043277
653200 299.713470 -85.654495 -20800.179688 3352.978271 54681.843750 1.043277
653300 299.713470 -85.657593 -20800.181641 3352.978271 54681.843750 1.043277
653400 299.713470 -85.660309 -20800.181641 3352.978271 54681.843750 1.043277
653500 299.713470 -85.662872 -20800.179688 3352.978271 54681.847656 1.043277
653600 299.713470 -85.665321 -20800.179688 3352.978271 54681.859375 1.043276
653700 299.713470 -85.664864 -20800.179688 3352.978271 54681.859375 1.043276
653800 299.713470 -85.665512 -20800.179688 3352.978271 54681.859375 1.043276
653900 299.713470 -85.666626 -20800.181641 3352.978271 54681.859375 1.043276
654000 299.713470 -85.667183 -20800.183594 3352.978271 54681.859375 1.043276
654100 299.713470 -85.667068 -20800.183594 3352.978271 54681.847656 1.043277
654200 299.713470 -85.666725 -20800.183594 3352.978271 54681.859375 1.043276
654300 299.713470 -85.668869 -20800.185547 3352.978271 54681.859375 1.043276
654400 299.713440 -85.671021 -20800.187500 3352.977783 54681.859375 1.043276
654500 299.713470 -85.673569 -20800.193359 3352.978271 54681.859375 1.043276
654600 299.713470 -85.675552 -20800.193359 3352.978271 54681.863281 1.043276
654700 299.713470 -85.675903 -20800.193359 3352.978271 54681.867188 1.043276
654800 299.713440 -85.677208 -20800.195312 3352.977783 54681.867188 1.043276
654900 299.713440 -85.678070 -20800.199219 3352.977783 54681.867188 1.043276
655000 299.713409 -85.679214 -20800.199219 3352.977539 54681.867188 1.043276
655100 299.713409 -85.678947 -20800.197266 3352.977539 54681.867188 1.043276
655200 299.713409 -85.679077 -20800.197266 3352.977539 54681.867188 1.043276
655300 299.713409 -85.681419 -20800.199219 3352.977539 54681.867188 1.043276
655400 299.713409 -85.683449 -20800.201172 3352.977539 54681.875000 1.043276
655500 299.713379 -85.684341 -20800.203125 3352.977295 54681.875000 1.043276
655600 299.713409 -85.687798 -20800.205078 3352.977539 54681.867188 1.043276
655700 299.713409 -85.689903 -20800.207031 3352.977539 54681.875000 1.043276
655800 299.713379 -85.692017 -20800.207031 3352.977295 54681.875000 1.043276
655900 299.713379 -85.695381 -20800.207031 3352.977295 54681.878906 1.043276
656000 299.713379 -85.696404 -20800.205078 3352.977295 54681.878906 1.043276
656100 299.713379 -85.697876 -20800.205078 3352.977295 54681.878906 1.043276
656200 299.713379 -85.699516 -20800.207031 3352.977295 54681.886719 1.043276
656300 299.713379 -85.700668 -20800.207031 3352.977295 54681.886719 1.043276
656400 299.713348 -85.700523 -20800.207031 3352.976807 54681.894531 1.043276
656500 299.713348 -85.701973 -20800.208984 3352.976807 54681.894531 1.043276
656600 299.713348 -85.703407 -20800.210938 3352.976807 54681.894531 1.043276
656700 299.713348 -85.704697 -20800.212891 3352.976807 54681.886719 1.043276
656800 299.713348 -85.706154 -20800.212891 3352.976807 54681.886719 1.043276
656900 299.713348 -85.706978 -20800.214844 3352.976807 54681.886719 1.043276
657000 299.713348 -85.709274 -20800.216797 3352.976807 54681.886719 1.043276
657100 299.713348 -85.712021 -20800.216797 3352.976807 54681.886719 1.043276
657200 299.713318 -85.712891 -20800.214844 3352.976562 54681.894531 1.043276
657300 299.713318 -85.712708 -20800.212891 3352.976562 54681.902344 1.043275
657400 299.713318 -85.713776 -20800.212891 3352.976562 54681.902344 1.043275
657500 299.713348 -85.715042 -20800.214844 3352.976807 54681.902344 1.043275
657600 299.713318 -85.715591 -20800.214844 3352.976562 54681.910156 1.043275
657700 299.713318 -85.715836 -20800.216797 3352.976562 54681.910156 1.043275
657800 299.713318 -85.714996 -20800.214844 3352.976562 54681.910156 1.043275
657900 299.713348 -85.717140 -20800.216797 3352.976807 54681.910156 1.043275
658000 299.713348 -85.717995 -20800.216797 3352.976807 54681.910156 1.043275
658100 299.713348 -85.719223 -20800.216797 3352.976807 54681.910156 1.043275
658200 299.713318 -85.720093 -20800.218750 3352.976562 54681.917969 1.043275
658300 299.713318 -85.721878 -20800.218750 3352.976562 54681.917969 1.043275
658400 299.713318 -85.723434 -20800.220703 3352.976562 54681.917969 1.043275
658500 299.713287 -85.723526 -20800.220703 3352.976318 54681.917969 1.043275
658600 299.713287 -85.723328 -20800.220703 3352.976318 54681.910156 1.043275
658700 299.713287 -85.723755 -20800.222656 3352.976318 54681.910156 1.043275
658800 299.713287 -85.724945 -20800.222656 3352.976318 54681.917969 1.043275
658900 299.713287 -85.727348 -20800.222656 3352.976318 54681.917969 1.043275
659000 299.713287 -85.729050 -20800.224609 3352.976318 54681.917969 1.043275
659100 299.713287 -85.730141 -20800.224609 3352.976318 54681.917969 1.043275
659200 299.713287 -85.730492 -20800.224609 3352.976318 54681.917969 1.043275
659300 299.713287 -85.732552 -20800.226562 3352.976318 54681.917969 1.043275
659400 299.713287 -85.733879 -20800.228516 3352.976318 54681.917969 1.043275
659500 299.713257 -85.733124 -20800.228516 3352.975830 54681.917969 1.043275
659600 299.713257 -85.732796 -20800.230469 3352.975830 54681.925781 1.043275
659700 299.713257 -85.732224 -20800.230469 3352.975830 54681.925781 1.043275
659800 299.713257 -85.732773 -20800.228516 3352.975830 54681.929688 1.043275
659900 299.713257 -85.733490 -20800.230469 3352.975830 54681.929688 1.043275
660000 299.713226 -85.735733 -20800.232422 3352.975586 54681.929688 1.043275
660100 299.713226 -85.737724 -20800.232422 3352.975586 54681.933594 1.043275
660200 299.713226 -85.738983 -20800.232422 3352.975586 54681.933594 1.043275
660300 299.713226 -85.740128 -20800.230469 3352.975586 54681.941406 1.043275
660400 299.713226 -85.743881 -20800.232422 3352.975586 54681.941406 1.043275
660500 299.713226 -85.745621 -20800.234375 3352.975586 54681.933594 1.043275
660600 299.713226 -85.747604 -20800.236328 3352.975586 54681.933594 1.043275
660700 299.713226 -85.749374 -20800.238281 3352.975586 54681.933594 1.043275
660800 299.713226 -85.750259 -20800.238281 3352.975586 54681.941406 1.043275
660900 299.713226 -85.750717 -20800.238281 3352.975586 54681.941406 1.043275
661000 299.713226 -85.749664 -20800.240234 3352.975586 54681.941406 1.043275
661100 299.713226 -85.750877 -20800.240234 3352.975586 54681.941406 1.043275
661200 299.713226 -85.751732 -20800.242188 3352.975586 54681.933594 1.043275
661300 299.713196 -85.751915 -20800.240234 3352.975342 54681.933594 1.043275
661400 299.713196 -85.751747 -20800.240234 3352.975342 54681.941406 1.043275
661500 299.713196 -85.751251 -20800.238281 3352.975342 54681.949219 1.043275
661600 299.713196 -85.753082 -20800.238281 3352.975342 54681.949219 1.043275
661700 299.713196 -85.755844 -20800.242188 3352.975342 54681.949219 1.043275
661800 299.713196 -85.758347 -20800.244141 3352.975342 54681.949219 1.043275
661900 299.713196 -85.758202 -20800.246094 3352.975342 54681.949219 1.043275
662000 299.713196 -85.759117 -20800.244141 3352.975342 54681.949219 1.043275
662100 299.713165 -85.760017 -20800.242188 3352.974854 54681.941406 1.043275
662200 299.713165 -85.763794 -20800.244141 3352.974854 54681.949219 1.043275
662300 299.713165 -85.766495 -20800.246094 3352.974854 54681.949219 1.043275
662400 299.713165 -85.768112 -20800.250000 3352.974854 54681.949219 1.043275
662500 299.713165 -85.770378 -20800.251953 3352.974854 54681.949219 1.043275
662600 299.713165 -85.772400 -20800.255859 3352.974854 54681.957031 1.043275
662700 299.713165 -85.773720 -20800.255859 3352.974854 54681.960938 1.043274
662800 299.713165 -85.774269 -20800.255859 3352.974854 54681.960938 1.043274
662900 299.713135 -85.774704 -20800.257812 3352.974609 54681.960938 1.043274
663000 299.713135 -85.775238 -20800.257812 3352.974609 54681.964844 1.043274
663100 299.713135 -85.775604 -20800.257812 3352.974609 54681.964844 1.043274
663200 299.713135 -85.776245 -20800.259766 3352.974609 54681.964844 1.043274
663300 299.713135 -85.777710 -20800.257812 3352.974609 54681.964844 1.043274
663400 299.713104 -85.777802 -20800.255859 3352.974121 54681.964844 1.043274
663500 299.713104 -85.779053 -20800.255859 3352.974121 54681.960938 1.043274
663600 299.713104 -85.780205 -20800.253906 3352.974121 54681.964844 1.043274
663700 299.713104 -85.779419 -20800.251953 3352.974121 54681.964844 1.043274
663800 299.713104 -85.779358 -20800.253906 3352.974121 54681.964844 1.043274
663900 299.713104 -85.779694 -20800.255859 3352.974121 54681.964844 1.043274
664000 299.713074 -85.780632 -20800.255859 3352.973877 54681.964844 1.043274
664100 299.713074 -85.781258 -20800.255859 3352.973877 54681.976562 1.043274
664200 299.713074 -85.783035 -20800.255859 3352.973877 54681.976562 1.043274
664300 299.713074 -85.783821 -20800.257812 3352.973877 54681.980469 1.043274
664400 299.713074 -85.785736 -20800.257812 3352.973877 54681.980469 1.043274
664500 299.713104 -85.785721 -20800.257812 3352.974121 54681.988281 1.043274
664600 299.713104 -85.785553 -20800.261719 3352.974121 54681.980469 1.043274
664700 299.713104 -85.786522 -20800.261719 3352.974121 54681.980469 1.043274
664800 299.713104 -85.789383 -20800.263672 3352.974121 54681.980469 1.043274
664900 299.713104 -85.791168 -20800.265625 3352.974121 54681.980469 1.043274
665000 299.713104 -85.793571 -20800.267578 3352.974121 54681.980469 1.043274
665100 299.713104 -85.795761 -20800.269531 3352.974121 54681.980469 1.043274
665200 299.713104 -85.797104 -20800.269531 3352.974121 54681.988281 1.043274
665300 299.713104 -85.797607 -20800.269531 3352.974121 54681.988281 1.043274
665400 299.713104 -85.799828 -20800.269531 3352.974121 54681.988281 1.043274
665500 299.713104 -85.801819 -20800.271484 3352.974121 54681.988281 1.043274
665600 299.713104 -85.802963 -20800.271484 3352.974121 54681.992188 1.043274
665700 299.713104 -85.803307 -20800.271484 3352.974121 54681.992188 1.043274
665800 299.713074 -85.803162 -20800.271484 3352.973877 54681.996094 1.043274
665900 299.713074 -85.803482 -20800.271484 3352.973877 54681.996094 1.043274
666000 299.713074 -85.804588 -20800.273438 3352.973877 54682.007812 1.043274
666100 299.713074 -85.805267 -20800.271484 3352.973877 54682.007812 1.043274
666200 299.713104 -85.806328 -20800.271484 3352.974121 54682.007812 1.043274
666300 299.713074 -85.807007 -20800.273438 3352.973877 54682.007812 1.043274
666400 299.713074 -85.808403 -20800.273438 3352.973877 54682.011719 1.043273
666500 299.713074 -85.807381 -20800.275391 3352.973877 54682.007812 1.043274
666600 299.713074 -85.806046 -20800.275391 3352.973877 54682.007812 1.043274
666700 299.713074 -85.806114 -20800.277344 3352.973877 54682.007812 1.043274
666800 299.713043 -85.807312 -20800.279297 3352.973633 54682.011719 1.043273
666900 299.713043 -85.808273 -20800.279297 3352.973633 54682.011719 1.043273
667000 299.713043 -85.808998 -20800.281250 3352.973633 54682.011719 1.043273
667100 299.713043 -85.809845 -20800.281250 3352.973633 54682.011719 1.043273
667200 299.713043 -85.812523 -20800.283203 3352.973633 54682.011719 1.043273
667300 299.713074 -85.814926 -20800.281250 3352.973877 54682.011719 1.043273
667400 299.713074 -85.813805 -20800.281250 3352.973877 54682.011719 1.043273
667500 299.713043 -85.813103 -20800.281250 3352.973633 54682.011719 1.043273
667600 299.713043 -85.813759 -20800.281250 3352.973633 54682.007812 1.043274
667700 299.713043 -85.814842 -20800.281250 3352.973633 54682.007812 1.043274
667800 299.713043 -85.814545 -20800.279297 3352.973633 54682.011719 1.043273
667900 299.713043 -85.815498 -20800.279297 3352.973633 54682.011719 1.043273
668000 299.713043 -85.816162 -20800.277344 3352.973633 54682.019531 1.043273
668100 299.713013 -85.815430 -20800.279297 3352.973145 54682.023438 1.043273
668200 299.713013 -85.815506 -20800.281250 3352.973145 54682.019531 1.043273
668300 299.713013 -85.815018 -20800.281250 3352.973145 54682.019531 1.043273
668400 299.713013 -85.816353 -20800.281250 3352.973145 54682.023438 1.043273
668500 299.713013 -85.818230 -20800.283203 3352.973145 54682.023438 1.043273
668600 299.713013 -85.820358 -20800.285156 3352.973145 54682.023438 1.043273
668700 299.712982 -85.820786 -20800.287109 3352.972900 54682.023438 1.043273
668800 299.712982 -85.820793 -20800.285156 3352.972900 54682.023438 1.043273
668900 299.712982 -85.821091 -20800.285156 3352.972900 54682.019531 1.043273
669000 299.712982 -85.822327 -20800.287109 3352.972900 54682.019531 1.043273
669100 299.712982 -85.823677 -20800.285156 3352.972900 54682.019531 1.043273
669200 299.712982 -85.823975 -20800.287109 3352.972900 54682.019531 1.043273
669300 299.712982 -85.825165 -20800.287109 3352.972900 54682.019531 1.043273
669400 299.712982 -85.825500 -20800.289062 3352.972900 54682.019531 1.043273
669500 299.712982 -85.826942 -20800.289062 3352.972900 54682.023438 1.043273
669600 299.712982 -85.825851 -20800.287109 3352.972900 54682.023438 1.043273
669700 299.712982 -85.825600 -20800.287109 3352.972900 54682.027344 1.043273
669800 299.712982 -85.827034 -20800.289062 3352.972900 54682.039062 1.043273
669900 299.712982 -85.831062 -20800.291016 3352.972900 54682.039062 1.043273
670000 299.712982 -85.833359 -20800.291016 3352.972900 54682.039062 1.043273
670100 299.713013 -85.833282 -20800.289062 3352.973145 54682.042969 1.043273
670200 299.712982 -85.833885 -20800.289062 3352.972900 54682.042969 1.043273
670300 299.712982 -85.834427 -20800.289062 3352.972900 54682.042969 1.043273
670400 299.712982 -85.837067 -20800.289062 3352.972900 54682.050781 1.043273
670500 299.712982 -85.838577 -20800.289062 3352.972900 54682.050781 1.043273
670600 299.712982 -85.840546 -20800.289062 3352.972900 54682.050781 1.043273
670700 299.712952 -85.842331 -20800.287109 3352.972656 54682.054688 1.043273
670800 299.712952 -85.842377 -20800.287109 3352.972656 54682.050781 1.043273
670900 299.712952 -85.843269 -20800.287109 3352.972656 54682.054688 1.043273
671000 299.712952 -85.843338 -20800.289062 3352.972656 54682.050781 1.043273
671100 299.712952 -85.844162 -20800.291016 3352.972656 54682.050781 1.043273
671200 299.712952 -85.844345 -20800.289062 3352.972656 54682.050781 1.043273
671300 299.712952 -85.844940 -20800.291016 3352.972656 54682.054688 1.043273
671400 299.712952 -85.846260 -20800.292969 3352.972656 54682.058594 1.043272
671500 299.712952 -85.847984 -20800.292969 3352.972656 54682.058594 1.043272
671600 299.712952 -85.848457 -20800.291016 3352.972656 54682.070312 1.043272
671700 299.712952 -85.848480 -20800.291016 3352.972656 54682.070312 1.043272
671800 299.712921 -85.849083 -20800.291016 3352.971924 54682.070312 1.043272
671900 299.712921 -85.849007 -20800.291016 3352.971924 54682.058594 1.043272
672000 299.712921 -85.849014 -20800.294922 3352.971924 54682.058594 1.043272
672100 299.712921 -85.849350 -20800.298828 3352.971924 54682.058594 1.043272
672200 299.712921 -85.851822 -20800.302734 3352.971924 54682.058594 1.043272
672300 299.712921 -85.853020 -20800.302734 3352.971924 54682.058594 1.043272
672400 299.712921 -85.853729 -20800.300781 3352.971924 54682.058594 1.043272
672500 299.712921 -85.853195 -20800.300781 3352.971924 54682.058594 1.043272
672600 299.712921 -85.852150 -20800.300781 3352.971924 54682.058594 1.043272
672700 299.712921 -85.852440 -20800.302734 3352.971924 54682.070312 1.043272
672800 299.712921 -85.852379 -20800.304688 3352.971924 54682.070312 1.043272
672900 299.712921 -85.852173 -20800.306641 3352.971924 54682.070312 1.043272
673000 299.712952 -85.852417 -20800.306641 3352.972656 54682.070312 1.043272
673100 299.712952 -85.853355 -20800.304688 3352.972656 54682.070312 1.043272
673200 299.712952 -85.853134 -20800.302734 3352.972656 54682.074219 1.043272
673300 299.712921 -85.853271 -20800.304688 3352.971924 54682.074219 1.043272
673400 299.712921 -85.854919 -20800.304688 3352.971924 54682.082031 1.043272
673500 299.712921 -85.854874 -20800.302734 3352.971924 54682.085938 1.043272
673600 299.712921 -85.855904 -20800.302734 3352.971924 54682.085938 1.043272
673700 299.712921 -85.856903 -20800.302734 3352.971924 54682.085938 1.043272
673800 299.712891 -85.858513 -20800.302734 3352.971680 54682.089844 1.043272
673900 299.712891 -85.860313 -20800.304688 3352.971680 54682.089844 1.043272
674000 299.712891 -85.861649 -20800.304688 3352.971680 54682.089844 1.043272
674100 299.712891 -85.862991 -20800.304688 3352.971680 54682.089844 1.043272
674200 299.712891 -85.863266 -20800.306641 3352.971680 54682.089844 1.043272
674300 299.712891 -85.863724 -20800.306641 3352.971680 54682.089844 1.043272
674400 299.712891 -85.864525 -20800.306641 3352.971680 54682.089844 1.043272
674500 299.712891 -85.865097 -20800.306641 3352.971680 54682.085938 1.043272
674600 299.712891 -85.865372 -20800.306641 3352.971680 54682.085938 1.043272
674700 299.712891 -85.865738 -20800.306641 3352.971680 54682.085938 1.043272
674800 299.712891 -85.866226 -20800.306641 3352.971680 54682.089844 1.043272
674900 299.712860 -85.866608 -20800.308594 3352.971191 54682.085938 1.043272
675000 299.712860 -85.869537 -20800.308594 3352.971191 54682.089844 1.043272
675100 299.712860 -85.871765 -20800.310547 3352.971191 54682.089844 1.043272
675200 299.712891 -85.872223 -20800.310547 3352.971680 54682.089844 1.043272
675300 299.712891 -85.873383 -20800.310547 3352.971680 54682.101562 1.043272
675400 299.712891 -85.873978 -20800.310547 3352.971680 54682.101562 1.043272
675500 299.712891 -85.875168 -20800.310547 3352.971680 54682.105469 1.043272
675600 299.712891 -85.876389 -20800.312500 3352.971680 54682.105469 1.043272
675700 299.712891 -85.877342 -20800.312500 3352.971680 54682.105469 1.043272
675800 299.712891 -85.877556 -20800.310547 3352.971680 54682.105469 1.043272
675900 299.712891 -85.878700 -20800.312500 3352.971680 54682.113281 1.043272
676000 299.712891 -85.878700 -20800.312500 3352.971680 54682.113281 1.043272
676100 299.712891 -85.878990 -20800.314453 3352.971680 54682.105469 1.043272
676200 299.712891 -85.878166 -20800.316406 3352.971680 54682.105469 1.043272
676300 299.712860 -85.878426 -20800.316406 3352.971191 54682.105469 1.043272
676400 299.712860 -85.879341 -20800.316406 3352.971191 54682.105469 1.043272
676500 299.712860 -85.880592 -20800.318359 3352.971191 54682.105469 1.043272
676600 299.712860 -85.882179 -20800.316406 3352.971191 54682.105469 1.043272
676700 299.712860 -85.882927 -20800.316406 3352.971191 54682.113281 1.043272
676800 299.712860 -85.882172 -20800.316406 3352.971191 54682.113281 1.043272
676900 299.712860 -85.881668 -20800.316406 3352.971191 54682.113281 1.043272
677000 299.712860 -85.880775 -20800.314453 3352.971191 54682.117188 1.043271
677100 299.712860 -85.878883 -20800.310547 3352.971191 54682.117188 1.043271
677200 299.712860 -85.878532 -20800.310547 3352.971191 54682.117188 1.043271
677300 299.712860 -85.878815 -20800.312500 3352.971191 54682.121094 1.043271
677400 299.712891 -85.879448 -20800.310547 3352.971680 54682.121094 1.043271
677500 299.712891 -85.880096 -20800.310547 3352.971680 54682.121094 1.043271
677600 299.712891 -85.881332 -20800.312500 3352.971680 54682.132812 1.043271
677700 299.712860 -85.882706 -20800.312500 3352.971191 54682.132812 1.043271
677800 299.712860 -85.883347 -20800.314453 3352.971191 54682.132812 1.043271
677900 299.712860 -85.883255 -20800.312500 3352.971191 54682.132812 1.043271
678000 299.712860 -85.883659 -20800.314453 3352.971191 54682.132812 1.043271
678100 299.712860 -85.883476 -20800.314453 3352.971191 54682.132812 1.043271
678200 299.712860 -85.883888 -20800.314453 3352.971191 54682.132812 1.043271
678300 299.712860 -85.884377 -20800.316406 3352.971191 54682.132812 1.043271
678400 299.712860 -85.885498 -20800.316406 3352.971191 54682.132812 1.043271
678500 299.712860 -85.885582 -20800.316406 3352.971191 54682.121094 1.043271
678600 299.712860 -85.886841 -20800.314453 3352.971191 54682.132812 1.043271
678700 299.712860 -85.887665 -20800.314453 3352.971191 54682.132812 1.043271
678800 299.712830 -85.889793 -20800.314453 3352.970947 54682.132812 1.043271
678900 299.712860 -85.890755 -20800.314453 3352.971191 54682.132812 1.043271
679000 299.712860 -85.892502 -20800.316406 3352.971191 54682.132812 1.043271
679100 299.712860 -85.893990 -20800.316406 3352.971191 54682.132812 1.043271
679200 299.712860 -85.895058 -20800.318359 3352.971191 54682.132812 1.043271
679300 299.712860 -85.894966 -20800.314453 3352.971191 54682.136719 1.043271
679400 299.712860 -85.895996 -20800.312500 3352.971191 54682.136719 1.043271
679500 299.712860 -85.896751 -20800.312500 3352.971191 54682.136719 1.043271
679600 299.712860 -85.896042 -20800.310547 3352.971191 54682.136719 1.043271
679700 299.712860 -85.895706 -20800.310547 3352.971191 54682.136719 1.043271
679800 299.712860 -85.895172 -20800.310547 3352.971191 54682.136719 1.043271
679900 299.712860 -85.894745 -20800.310547 3352.971191 54682.136719 1.043271
680000 299.712860 -85.894463 -20800.310547 3352.971191 54682.136719 1.043271
680100 299.712830 -85.894783 -20800.310547 3352.970947 54682.136719 1.043271
680200 299.712830 -85.894951 -20800.312500 3352.970947 54682.136719 1.043271
680300 299.712830 -85.896347 -20800.314453 3352.970947 54682.144531 1.043271
680400 299.712799 -85.896248 -20800.318359 3352.970703 54682.144531 1.043271
680500 299.712799 -85.896828 -20800.320312 3352.970703 54682.144531 1.043271
680600 299.712799 -85.898285 -20800.320312 3352.970703 54682.144531 1.043271
680700 299.712799 -85.897606 -20800.320312 3352.970703 54682.144531 1.043271
680800 299.712799 -85.897690 -20800.320312 3352.970703 54682.144531 1.043271
680900 299.712799 -85.899612 -20800.322266 3352.970703 54682.144531 1.043271
681000 299.712799 -85.900803 -20800.322266 3352.970703 54682.144531 1.043271
681100 299.712799 -85.901970 -20800.322266 3352.970703 54682.144531 1.043271
681200 299.712799 -85.902367 -20800.322266 3352.970703 54682.148438 1.043271
681300 299.712799 -85.903366 -20800.324219 3352.970703 54682.148438 1.043271
681400 299.712799 -85.904747 -20800.324219 3352.970703 54682.152344 1.043271
681500 299.712830 -85.905640 -20800.324219 3352.970947 54682.152344 1.043271
681600 299.712830 -85.905769 -20800.324219 3352.970947 54682.164062 1.043271
681700 299.712830 -85.907310 -20800.324219 3352.970947 54682.164062 1.043271
681800 299.712799 -85.906693 -20800.322266 3352.970703 54682.167969 1.043270
681900 299.712830 -85.905136 -20800.320312 3352.970947 54682.175781 1.043270
682000 299.712830 -85.903694 -20800.320312 3352.970947 54682.175781 1.043270
682100 299.712830 -85.903168 -20800.322266 3352.970947 54682.179688 1.043270
682200 299.712830 -85.903160 -20800.322266 3352.970947 54682.179688 1.043270
682300 299.712799 -85.904243 -20800.322266 3352.970703 54682.179688 1.043270
682400 299.712799 -85.904602 -20800.322266 3352.970703 54682.179688 1.043270
682500 299.712799 -85.904305 -20800.322266 3352.970703 54682.179688 1.043270
682600 299.712799 -85.904884 -20800.324219 3352.970703 54682.179688 1.043270
682700 299.712799 -85.904747 -20800.326172 3352.970703 54682.183594 1.043270
682800 299.712799 -85.905205 -20800.326172 3352.970703 54682.183594 1.043270
682900 299.712799 -85.906509 -20800.328125 3352.970703 54682.183594 1.043270
683000 299.712799 -85.907082 -20800.328125 3352.970703 54682.183594 1.043270
683100 299.712769 -85.907463 -20800.328125 3352.970215 54682.195312 1.043270
683200 299.712769 -85.908699 -20800.330078 3352.970215 54682.195312 1.043270
683300 299.712769 -85.909729 -20800.330078 3352.970215 54682.195312 1.043270
683400 299.712769 -85.911034 -20800.330078 3352.970215 54682.183594 1.043270
683500 299.712799 -85.912552 -20800.332031 3352.970703 54682.195312 1.043270
683600 299.712799 -85.912621 -20800.332031 3352.970703 54682.183594 1.043270
683700 299.712799 -85.912727 -20800.332031 3352.970703 54682.195312 1.043270
683800 299.712799 -85.912613 -20800.332031 3352.970703 54682.183594 1.043270
683900 299.712799 -85.912918 -20800.328125 3352.970703 54682.195312 1.043270
684000 299.712799 -85.912750 -20800.326172 3352.970703 54682.195312 1.043270
684100 299.712799 -85.912392 -20800.326172 3352.970703 54682.195312 1.043270
684200 299.712799 -85.913414 -20800.328125 3352.970703 54682.195312 1.043270
684300 299.712799 -85.914589 -20800.328125 3352.970703 54682.195312 1.043270
684400 299.712799 -85.915337 -20800.330078 3352.970703 54682.199219 1.043270
684500 299.712769 -85.915710 -20800.332031 3352.970215 54682.195312 1.043270
684600 299.712769 -85.916283 -20800.333984 3352.970215 54682.199219 1.043270
684700 299.712799 -85.916924 -20800.335938 3352.970703 54682.199219 1.043270
684800 299.712799 -85.917580 -20800.335938 3352.970703 54682.199219 1.043270
684900 299.712799 -85.917259 -20800.333984 3352.970703 54682.199219 1.043270
685000 299.712799 -85.918266 -20800.335938 3352.970703 54682.199219 1.043270
685100 299.712799 -85.918221 -20800.335938 3352.970703 54682.199219 1.043270
685200 299.712799 -85.918777 -20800.335938 3352.970703 54682.199219 1.043270
685300 299.712799 -85.919113 -20800.333984 3352.970703 54682.207031 1.043270
685400 299.712799 -85.918106 -20800.332031 3352.970703 54682.207031 1.043270
685500 299.712799 -85.917007 -20800.332031 3352.970703 54682.207031 1.043270
685600 299.712799 -85.916939 -20800.330078 3352.970703 54682.207031 1.043270
685700 299.712799 -85.917725 -20800.330078 3352.970703 54682.207031 1.043270
685800 299.712769 -85.920532 -20800.330078 3352.970215 54682.210938 1.043270
685900 299.712769 -85.920654 -20800.330078 3352.970215 54682.210938 1.043270
686000 299.712769 -85.920586 -20800.332031 3352.970215 54682.210938 1.043270
686100 299.712769 -85.919487 -20800.328125 3352.970215 54682.210938 1.043270
686200 299.712769 -85.918060 -20800.330078 3352.970215 54682.210938 1.043270
686300 299.712769 -85.917770 -20800.330078 3352.970215 54682.210938 1.043270
686400 299.712769 -85.919968 -20800.332031 3352.970215 54682.207031 1.043270
686500 299.712769 -85.921722 -20800.332031 3352.970215 54682.210938 1.043270
686600 299.712799 -85.924316 -20800.332031 3352.970703 54682.210938 1.043270
686700 299.712799 -85.926369 -20800.333984 3352.970703 54682.214844 1.043270
686800 299.712799 -85.927856 -20800.335938 3352.970703 54682.214844 1.043270
686900 299.712799 -85.928368 -20800.335938 3352.970703 54682.226562 1.043269
687000 299.712769 -85.928459 -20800.337891 3352.970215 54682.226562 1.043269
687100 299.712769 -85.928749 -20800.335938 3352.970215 54682.226562 1.043269
687200 299.712769 -85.929169 -20800.337891 3352.970215 54682.230469 1.043269
687300 299.712769 -85.929581 -20800.337891 3352.970215 54682.230469 1.043269
687400 299.712769 -85.929276 -20800.335938 3352.970215 54682.230469 1.043269
687500 299.712769 -85.929527 -20800.335938 3352.970215 54682.230469 1.043269
687600 299.712769 -85.929604 -20800.335938 3352.970215 54682.230469 1.043269
687700 299.712769 -85.928871 -20800.335938 3352.970215 54682.230469 1.043269
687800 299.712769 -85.928108 -20800.333984 3352.970215 54682.230469 1.043269
687900 299.712769 -85.928185 -20800.332031 3352.970215 54682.230469 1.043269
688000 299.712769 -85.926895 -20800.330078 3352.970215 54682.230469 1.043269
688100 299.712738 -85.926537 -20800.328125 3352.969971 54682.230469 1.043269
688200 299.712738 -85.925987 -20800.326172 3352.969971 54682.234375 1.043269
688300 299.712738 -85.926216 -20800.326172 3352.969971 54682.234375 1.043269
688400 299.712738 -85.926460 -20800.326172 3352.969971 54682.234375 1.043269
688500 299.712738 -85.926971 -20800.324219 3352.969971 54682.234375 1.043269
688600 299.712738 -85.926651 -20800.326172 3352.969971 54682.234375 1.043269
688700 299.712738 -85.925293 -20800.326172 3352.969971 54682.234375 1.043269
688800 299.712738 -85.926422 -20800.328125 3352.969971 54682.234375 1.043269
688900 299.712738 -85.926857 -20800.328125 3352.969971 54682.234375 1.043269
689000 299.712738 -85.928001 -20800.330078 3352.969971 54682.234375 1.043269
689100 299.712769 -85.928497 -20800.332031 3352.970215 54682.234375 1.043269
689200 299.712769 -85.928726 -20800.330078 3352.970215 54682.234375 1.043269
689300 299.712769 -85.928658 -20800.330078 3352.970215 54682.234375 1.043269
689400 299.712738 -85.930534 -20800.330078 3352.969971 54682.242188 1.043269
689500 299.712738 -85.931732 -20800.328125 3352.969971 54682.242188 1.043269
689600 299.712738 -85.932343 -20800.330078 3352.969971 54682.242188 1.043269
689700 299.712738 -85.932831 -20800.330078 3352.969971 54682.242188 1.043269
689800 299.712738 -85.932579 -20800.328125 3352.969971 54682.242188 1.043269
689900 299.712708 -85.933235 -20800.328125 3352.969727 54682.250000 1.043269
690000 299.712708 -85.933990 -20800.330078 3352.969727 54682.242188 1.043269
690100 299.712708 -85.934868 -20800.330078 3352.969727 54682.242188 1.043269
690200 299.712708 -85.934746 -20800.328125 3352.969727 54682.242188 1.043269
690300 299.712708 -85.934319 -20800.326172 3352.969727 54682.242188 1.043269
690400 299.712708 -85.934814 -20800.328125 3352.969727 54682.242188 1.043269
690500 299.712708 -85.935822 -20800.330078 3352.969727 54682.250000 1.043269
690600 299.712708 -85.936356 -20800.332031 3352.969727 54682.257812 1.043269
690700 299.712708 -85.937111 -20800.333984 3352.969727 54682.257812 1.043269
690800 299.712708 -85.938400 -20800.333984 3352.969727 54682.257812 1.043269
690900 299.712708 -85.939056 -20800.332031 3352.969727 54682.261719 1.043269
691000 299.712708 -85.939751 -20800.332031 3352.969727 54682.261719 1.043269
691100 299.712708 -85.939957 -20800.332031 3352.969727 54682.261719 1.043269
691200 299.712708 -85.940613 -20800.332031 3352.969727 54682.261719 1.043269
691300 299.712708 -85.942703 -20800.333984 3352.969727 54682.261719 1.043269
691400 299.712708 -85.944946 -20800.333984 3352.969727 54682.261719 1.043269
691500 299.712708 -85.945946 -20800.337891 3352.969727 54682.261719 1.043269
691600 299.712708 -85.946114 -20800.339844 3352.969727 54682.261719 1.043269
691700 299.712708 -85.946045 -20800.339844 3352.969727 54682.257812 1.043269
691800 299.712708 -85.945168 -20800.341797 3352.969727 54682.261719 1.043269
691900 299.712708 -85.944824 -20800.341797 3352.969727 54682.257812 1.043269
692000 299.712708 -85.944618 -20800.343750 3352.969727 54682.257812 1.043269
692100 299.712708 -85.945877 -20800.343750 3352.969727 54682.261719 1.043269
692200 299.712738 -85.946709 -20800.343750 3352.969971 54682.261719 1.043269
692300 299.712738 -85.946289 -20800.343750 3352.969971 54682.261719 1.043269
692400 299.712738 -85.945511 -20800.343750 3352.969971 54682.265625 1.043269
692500 299.712738 -85.944344 -20800.343750 3352.969971 54682.265625 1.043269
692600 299.712738 -85.943047 -20800.341797 3352.969971 54682.265625 1.043269
692700 299.712738 -85.942223 -20800.341797 3352.969971 54682.265625 1.043269
692800 299.712738 -85.944046 -20800.341797 3352.969971 54682.265625 1.043269
692900 299.712738 -85.944183 -20800.339844 3352.969971 54682.265625 1.043269
693000 299.712738 -85.943687 -20800.337891 3352.969971 54682.273438 1.043268
693100 299.712738 -85.943085 -20800.337891 3352.969971 54682.273438 1.043268
693200 299.712738 -85.941666 -20800.337891 3352.969971 54682.273438 1.043268
693300 299.712738 -85.942009 -20800.337891 3352.969971 54682.281250 1.043268
693400 299.712738 -85.942581 -20800.337891 3352.969971 54682.281250 1.043268
693500 299.712738 -85.944412 -20800.339844 3352.969971 54682.281250 1.043268
693600 299.712738 -85.945267 -20800.343750 3352.969971 54682.281250 1.043268
693700 299.712738 -85.946358 -20800.345703 3352.969971 54682.281250 1.043268
693800 299.712738 -85.947144 -20800.349609 3352.969971 54682.281250 1.043268
693900 299.712708 -85.947113 -20800.351562 3352.969727 54682.281250 1.043268
694000 299.712708 -85.947479 -20800.353516 3352.969727 54682.281250 1.043268
694100 299.712708 -85.948311 -20800.355469 3352.969727 54682.281250 1.043268
694200 299.712708 -85.948715 -20800.355469 3352.969727 54682.281250 1.043268
694300 299.712708 -85.949158 -20800.357422 3352.969727 54682.281250 1.043268
694400 299.712708 -85.949562 -20800.357422 3352.969727 54682.281250 1.043268
694500 299.712708 -85.949593 -20800.357422 3352.969727 54682.281250 1.043268
694600 299.712708 -85.949409 -20800.357422 3352.969727 54682.281250 1.043268
694700 299.712708 -85.948929 -20800.355469 3352.969727 54682.281250 1.043268
694800 299.712677 -85.948303 -20800.353516 3352.969238 54682.281250 1.043268
694900 299.712677 -85.947823 -20800.351562 3352.969238 54682.281250 1.043268
695000 299.712677 -85.948509 -20800.351562 3352.969238 54682.289062 1.043268
695100 299.712677 -85.949158 -20800.351562 3352.969238 54682.292969 1.043268
695200 299.712677 -85.949585 -20800.349609 3352.969238 54682.292969 1.043268
695300 299.712677 -85.950043 -20800.349609 3352.969238 54682.292969 1.043268
695400 299.712677 -85.951675 -20800.345703 3352.969238 54682.292969 1.043268
695500 299.712677 -85.951691 -20800.343750 3352.969238 54682.292969 1.043268
695600 299.712677 -85.952148 -20800.343750 3352.969238 54682.292969 1.043268
695700 299.712677 -85.952637 -20800.343750 3352.969238 54682.296875 1.043268
695800 299.712677 -85.952545 -20800.341797 3352.969238 54682.296875 1.043268
695900 299.712677 -85.952820 -20800.341797 3352.969238 54682.296875 1.043268
696000 299.712677 -85.952583 -20800.341797 3352.969238 54682.296875 1.043268
696100 299.712677 -85.953178 -20800.341797 3352.969238 54682.296875 1.043268
696200 299.712677 -85.953384 -20800.341797 3352.969238 54682.292969 1.043268
696300 299.712677 -85.953293 -20800.341797 3352.969238 54682.296875 1.043268
696400 299.712677 -85.954170 -20800.341797 3352.969238 54682.296875 1.043268
696500 299.712677 -85.954147 -20800.341797 3352.969238 54682.296875 1.043268
696600 299.712708 -85.954857 -20800.343750 3352.969727 54682.296875 1.043268
696700 299.712677 -85.955246 -20800.343750 3352.969238 54682.296875 1.043268
696800 299.712677 -85.955498 -20800.343750 3352.969238 54682.296875 1.043268
696900 299.712708 -85.955765 -20800.345703 3352.969727 54682.304688 1.043268
697000 299.712708 -85.955750 -20800.345703 3352.969727 54682.304688 1.043268
697100 299.712708 -85.955170 -20800.343750 3352.969727 54682.304688 1.043268
697200 299.712708 -85.954964 -20800.345703 3352.969727 54682.304688 1.043268
697300 299.712677 -85.954002 -20800.343750 3352.969238 54682.296875 1.043268
697400 299.712677 -85.952362 -20800.343750 3352.969238 54682.304688 1.043268
697500 299.712677 -85.952286 -20800.343750 3352.969238 54682.304688 1.043268
697600 299.712677 -85.952591 -20800.343750 3352.969238 54682.312500 1.043268
697700 299.712677 -85.953430 -20800.345703 3352.969238 54682.312500 1.043268
697800 299.712677 -85.953728 -20800.345703 3352.969238 54682.312500 1.043268
697900 299.712677 -85.953735 -20800.347656 3352.969238 54682.320312 1.043268
698000 299.712677 -85.954140 -20800.347656 3352.969238 54682.320312 1.043268
698100 299.712677 -85.955200 -20800.345703 3352.969238 54682.320312 1.043268
698200 299.712677 -85.955452 -20800.345703 3352.969238 54682.320312 1.043268
698300 299.712677 -85.955673 -20800.343750 3352.969238 54682.320312 1.043268
698400 299.712646 -85.955795 -20800.343750 3352.968994 54682.320312 1.043268
698500 299.712646 -85.955360 -20800.345703 3352.968994 54682.320312 1.043268
698600 299.712646 -85.955177 -20800.345703 3352.968994 54682.312500 1.043268
698700 299.712677 -85.955040 -20800.343750 3352.969238 54682.320312 1.043268
698800 299.712677 -85.954529 -20800.343750 3352.969238 54682.320312 1.043268
698900 299.712677 -85.955360 -20800.343750 3352.969238 54682.320312 1.043268
699000 299.712677 -85.955811 -20800.343750 3352.969238 54682.324219 1.043267
699100 299.712677 -85.956207 -20800.343750 3352.969238 54682.324219 1.043267
699200 299.712677 -85.955978 -20800.343750 3352.969238 54682.324219 1.043267
699300 299.712677 -85.956642 -20800.345703 3352.969238 54682.324219 1.043267
699400 299.712677 -85.957596 -20800.343750 3352.969238 54682.324219 1.043267
699500 299.712677 -85.957764 -20800.345703 3352.969238 54682.324219 1.043267
699600 299.712677 -85.958336 -20800.345703 3352.969238 54682.324219 1.043267
699700 299.712677 -85.959251 -20800.347656 3352.969238 54682.324219 1.043267
699800 299.712677 -85.961624 -20800.347656 3352.969238 54682.324219 1.043267
699900 299.712677 -85.962433 -20800.347656 3352.969238 54682.328125 1.043267
700000 299.712677 -85.964256 -20800.347656 3352.969238 54682.328125 1.043267
