# Time-averaged data for fix thermo_detailed
# TimeStep v_temp v_press v_pe v_ke v_vol v_dens
600100 299.578644 4.230351 -20296.861328 3351.469971 55598.062500 1.026084
600200 297.922180 74.676346 -20267.839844 3332.938477 55359.890625 1.030499
600300 297.416870 44.823952 -20278.857422 3327.285645 55423.050781 1.029324
600400 297.147125 22.260376 -20279.777344 3324.267822 55488.089844 1.028118
600500 296.995728 6.380141 -20278.326172 3322.573975 55539.574219 1.027165
600600 296.906769 -4.532697 -20276.404297 3321.578857 55577.597656 1.026462
600700 296.852692 -11.964028 -20274.685547 3320.973877 55604.941406 1.025957
600800 296.818756 -16.986221 -20273.339844 3320.594238 55624.410156 1.025598
600900 296.797058 -20.349377 -20272.373047 3320.351562 55638.179688 1.025344
601000 296.782990 -22.574242 -20271.732422 3320.194092 55647.847656 1.025166
601100 296.773804 -24.022961 -20271.349609 3320.091309 55654.617188 1.025041
601200 296.767853 -24.936802 -20271.166016 3320.024902 55659.308594 1.024955
601300 296.764069 -25.497139 -20271.130859 3319.982422 55662.523438 1.024896
601400 296.761780 -25.818192 -20271.197266 3319.956787 55664.656250 1.024857
601500 296.760437 -25.981064 -20271.332031 3319.941650 55666.078125 1.024830
601600 296.759827 -26.045296 -20271.509766 3319.935059 55666.953125 1.024814
601700 296.759674 -26.053802 -20271.703125 3319.933350 55667.472656 1.024805
601800 296.759766 -26.027023 -20271.898438 3319.934326 55667.742188 1.024800
601900 296.760040 -25.988422 -20272.082031 3319.937500 55667.863281 1.024798
602000 296.760468 -25.946163 -20272.261719 3319.941895 55667.843750 1.024798
602100 296.760864 -25.907551 -20272.417969 3319.946533 55667.777344 1.024799
602200 296.761261 -25.879631 -20272.562500 3319.950928 55667.683594 1.024801
602300 296.761688 -25.856052 -20272.683594 3319.955811 55667.535156 1.024804
602400 296.762085 -25.834209 -20272.789062 3319.960205 55667.367188 1.024807
602500 296.762421 -25.816868 -20272.886719 3319.964111 55667.210938 1.024810
602600 296.762756 -25.804337 -20272.958984 3319.967773 55667.035156 1.024813
602700 296.763062 -25.794685 -20273.027344 3319.971191 55666.878906 1.024816
602800 296.763367 -25.787914 -20273.082031 3319.974609 55666.699219 1.024819
602900 296.763641 -25.782768 -20273.132812 3319.977783 55666.539062 1.024822
603000 296.763885 -25.769989 -20273.173828 3319.980225 55666.363281 1.024825
603100 296.764069 -25.763973 -20273.207031 3319.982422 55666.222656 1.024828
603200 296.764282 -25.759960 -20273.236328 3319.984863 55666.070312 1.024831
603300 296.764465 -25.758320 -20273.257812 3319.986816 55665.937500 1.024833
603400 296.764618 -25.755928 -20273.279297 3319.988525 55665.800781 1.024835
603500 296.764771 -25.749195 -20273.294922 3319.990234 55665.683594 1.024838
603600 296.764923 -25.742737 -20273.306641 3319.991943 55665.570312 1.024840
603700 296.764984 -25.739391 -20273.318359 3319.992432 55665.480469 1.024841
603800 296.765137 -25.734901 -20273.328125 3319.994629 55665.386719 1.024843
603900 296.765228 -25.726910 -20273.339844 3319.995605 55665.300781 1.024845
604000 296.765381 -25.721531 -20273.351562 3319.997070 55665.210938 1.024846
604100 296.765503 -25.715809 -20273.359375 3319.998535 55665.128906 1.024848
604200 296.765594 -25.708141 -20273.367188 3319.999512 55665.058594 1.024849
604300 296.765686 -25.702751 -20273.375000 3320.000488 55664.992188 1.024850
604400 296.765778 -25.694492 -20273.380859 3320.001465 55664.925781 1.024852
604500 296.765869 -25.689510 -20273.388672 3320.002441 55664.871094 1.024853
604600 296.765930 -25.686100 -20273.392578 3320.003174 55664.828125 1.024853
604700 296.765961 -25.680157 -20273.394531 3320.003662 55664.777344 1.024854
604800 296.766052 -25.676983 -20273.398438 3320.004883 55664.722656 1.024855
604900 296.766083 -25.673988 -20273.404297 3320.005127 55664.683594 1.024856
605000 296.766144 -25.668114 -20273.406250 3320.005859 55664.628906 1.024857
605100 296.766205 -25.662834 -20273.408203 3320.006348 55664.593750 1.024858
605200 296.766235 -25.660740 -20273.410156 3320.006836 55664.558594 1.024858
605300 296.766266 -25.658569 -20273.414062 3320.007080 55664.535156 1.024859
605400 296.766296 -25.657516 -20273.416016 3320.007324 55664.511719 1.024859
605500 296.766327 -25.655640 -20273.421875 3320.007812 55664.492188 1.024860
605600 296.766327 -25.654499 -20273.425781 3320.007812 55664.468750 1.024860
605700 296.766388 -25.651440 -20273.427734 3320.008301 55664.449219 1.024861
605800 296.766418 -25.650692 -20273.427734 3320.008789 55664.429688 1.024861
605900 296.766479 -25.647026 -20273.435547 3320.009277 55664.398438 1.024861
606000 296.766510 -25.643719 -20273.441406 3320.009766 55664.378906 1.024862
606100 296.766541 -25.642197 -20273.445312 3320.010010 55664.363281 1.024862
606200 296.766571 -25.636402 -20273.447266 3320.010498 55664.335938 1.024863
606300 296.766602 -25.634369 -20273.451172 3320.010742 55664.312500 1.024863
606400 296.766632 -25.632286 -20273.453125 3320.010986 55664.300781 1.024863
606500 296.766632 -25.630886 -20273.455078 3320.010986 55664.292969 1.024863
606600 296.766632 -25.629078 -20273.455078 3320.010986 55664.277344 1.024864
606700 296.766663 -25.627697 -20273.451172 3320.011475 55664.265625 1.024864
606800 296.766693 -25.625160 -20273.453125 3320.011719 55664.250000 1.024864
606900 296.766724 -25.623085 -20273.455078 3320.011963 55664.242188 1.024864
607000 296.766724 -25.623871 -20273.453125 3320.011963 55664.238281 1.024864
607100 296.766754 -25.621296 -20273.455078 3320.012451 55664.226562 1.024865
607200 296.766785 -25.619370 -20273.457031 3320.012695 55664.210938 1.024865
607300 296.766785 -25.617962 -20273.457031 3320.012695 55664.199219 1.024865
607400 296.766815 -25.617901 -20273.458984 3320.012939 55664.183594 1.024865
607500 296.766846 -25.618629 -20273.462891 3320.013428 55664.179688 1.024865
607600 296.766846 -25.618252 -20273.464844 3320.013428 55664.167969 1.024866
607700 296.766876 -25.617630 -20273.466797 3320.013916 55664.152344 1.024866
607800 296.766876 -25.616734 -20273.468750 3320.013916 55664.148438 1.024866
607900 296.766876 -25.616711 -20273.466797 3320.013916 55664.140625 1.024866
608000 296.766876 -25.616135 -20273.466797 3320.013916 55664.140625 1.024866
608100 296.766907 -25.614090 -20273.462891 3320.014404 55664.128906 1.024866
608200 296.766907 -25.611729 -20273.462891 3320.014404 55664.121094 1.024866
608300 296.766907 -25.609192 -20273.462891 3320.014404 55664.113281 1.024867
608400 296.766907 -25.608135 -20273.462891 3320.014404 55664.109375 1.024867
608500 296.766907 -25.607475 -20273.462891 3320.014404 55664.105469 1.024867
608600 296.766907 -25.606380 -20273.462891 3320.014404 55664.105469 1.024867
608700 296.766907 -25.605400 -20273.462891 3320.014404 55664.105469 1.024867
608800 296.766907 -25.604477 -20273.464844 3320.014404 55664.105469 1.024867
608900 296.766937 -25.603161 -20273.464844 3320.014648 55664.105469 1.024867
609000 296.766968 -25.601948 -20273.464844 3320.014893 55664.085938 1.024867
609100 296.766968 -25.601036 -20273.464844 3320.014893 55664.085938 1.024867
609200 296.766968 -25.600445 -20273.464844 3320.014893 55664.082031 1.024867
609300 296.766968 -25.599998 -20273.462891 3320.014893 55664.082031 1.024867
609400 296.766998 -25.598907 -20273.468750 3320.015381 55664.082031 1.024867
609500 296.766998 -25.599224 -20273.468750 3320.015381 55664.078125 1.024867
609600 296.766998 -25.598812 -20273.470703 3320.015381 55664.078125 1.024867
609700 296.766998 -25.598625 -20273.468750 3320.015381 55664.078125 1.024867
609800 296.766998 -25.598942 -20273.468750 3320.015381 55664.078125 1.024867
609900 296.766998 -25.599709 -20273.468750 3320.015381 55664.078125 1.024867
610000 296.766998 -25.600361 -20273.468750 3320.015381 55664.082031 1.024867
610100 296.766998 -25.600414 -20273.466797 3320.015381 55664.082031 1.024867
610200 296.766998 -25.600723 -20273.466797 3320.015381 55664.082031 1.024867
610300 296.766998 -25.600006 -20273.464844 3320.015381 55664.078125 1.024867
610400 296.767029 -25.598885 -20273.466797 3320.015625 55664.070312 1.024867
610500 296.767029 -25.598095 -20273.468750 3320.015625 55664.070312 1.024867
610600 296.767029 -25.597855 -20273.468750 3320.015625 55664.070312 1.024867
610700 296.767029 -25.598278 -20273.468750 3320.015625 55664.070312 1.024867
610800 296.767029 -25.599209 -20273.470703 3320.015625 55664.062500 1.024868
610900 296.767029 -25.600098 -20273.474609 3320.015625 55664.062500 1.024868
611000 296.767029 -25.600288 -20273.474609 3320.015625 55664.054688 1.024868
611100 296.767029 -25.600376 -20273.474609 3320.015625 55664.054688 1.024868
611200 296.767029 -25.599949 -20273.474609 3320.015625 55664.054688 1.024868
611300 296.767029 -25.599300 -20273.474609 3320.015625 55664.050781 1.024868
611400 296.767029 -25.599018 -20273.474609 3320.015625 55664.050781 1.024868
611500 296.767029 -25.598648 -20273.474609 3320.015625 55664.042969 1.024868
611600 296.767029 -25.598484 -20273.474609 3320.015625 55664.042969 1.024868
611700 296.767029 -25.597946 -20273.474609 3320.015625 55664.039062 1.024868
611800 296.767059 -25.597935 -20273.474609 3320.016113 55664.039062 1.024868
611900 296.767059 -25.597824 -20273.474609 3320.016113 55664.039062 1.024868
612000 296.767059 -25.597851 -20273.476562 3320.016113 55664.039062 1.024868
612100 296.767029 -25.598030 -20273.474609 3320.015625 55664.027344 1.024868
612200 296.767029 -25.598087 -20273.472656 3320.015625 55664.027344 1.024868
612300 296.767029 -25.598133 -20273.472656 3320.015625 55664.027344 1.024868
612400 296.767029 -25.598183 -20273.472656 3320.015625 55664.027344 1.024868
612500 296.767059 -25.598251 -20273.472656 3320.016113 55664.027344 1.024868
612600 296.767029 -25.598724 -20273.472656 3320.015625 55664.039062 1.024868
612700 296.767029 -25.598728 -20273.472656 3320.015625 55664.027344 1.024868
612800 296.767029 -25.598816 -20273.472656 3320.015625 55664.039062 1.024868
612900 296.767059 -25.598358 -20273.474609 3320.016113 55664.027344 1.024868
613000 296.767059 -25.598572 -20273.478516 3320.016113 55664.027344 1.024868
613100 296.767059 -25.598129 -20273.480469 3320.016113 55664.023438 1.024868
613200 296.767090 -25.597706 -20273.480469 3320.016357 55664.023438 1.024868
613300 296.767090 -25.597580 -20273.482422 3320.016357 55664.023438 1.024868
613400 296.767090 -25.597397 -20273.482422 3320.016357 55664.019531 1.024868
613500 296.767090 -25.597385 -20273.482422 3320.016357 55664.019531 1.024868
613600 296.767090 -25.597351 -20273.482422 3320.016357 55664.019531 1.024868
613700 296.767090 -25.597351 -20273.482422 3320.016357 55664.019531 1.024868
613800 296.767090 -25.597271 -20273.482422 3320.016357 55664.019531 1.024868
613900 296.767090 -25.597237 -20273.484375 3320.016357 55664.019531 1.024868
614000 296.767090 -25.597134 -20273.484375 3320.016357 55664.011719 1.024868
614100 296.767090 -25.597111 -20273.482422 3320.016357 55664.011719 1.024868
614200 296.767090 -25.597095 -20273.482422 3320.016357 55664.011719 1.024868
614300 296.767090 -25.597912 -20273.484375 3320.016357 55664.011719 1.024868
614400 296.767090 -25.598179 -20273.482422 3320.016357 55664.019531 1.024868
614500 296.767090 -25.597790 -20273.482422 3320.016357 55664.011719 1.024868
614600 296.767090 -25.597694 -20273.482422 3320.016357 55664.011719 1.024868
614700 296.767090 -25.598129 -20273.482422 3320.016357 55664.011719 1.024868
614800 296.767090 -25.598499 -20273.480469 3320.016357 55664.011719 1.024868
614900 296.767090 -25.598701 -20273.478516 3320.016357 55664.011719 1.024868
615000 296.767090 -25.598751 -20273.478516 3320.016357 55664.011719 1.024868
615100 296.767090 -25.598022 -20273.478516 3320.016357 55664.011719 1.024868
615200 296.767090 -25.598324 -20273.476562 3320.016357 55664.011719 1.024868
615300 296.767090 -25.598522 -20273.476562 3320.016357 55664.011719 1.024868
615400 296.767090 -25.597843 -20273.476562 3320.016357 55664.007812 1.024869
615500 296.767090 -25.597084 -20273.476562 3320.016357 55664.007812 1.024869
615600 296.767090 -25.596386 -20273.476562 3320.016357 55664.007812 1.024869
615700 296.767090 -25.595455 -20273.476562 3320.016357 55664.007812 1.024869
615800 296.767090 -25.594799 -20273.476562 3320.016357 55664.007812 1.024869
615900 296.767090 -25.594402 -20273.476562 3320.016357 55663.996094 1.024869
616000 296.767090 -25.594147 -20273.476562 3320.016357 55663.996094 1.024869
616100 296.767090 -25.593998 -20273.476562 3320.016357 55663.996094 1.024869
616200 296.767090 -25.593838 -20273.476562 3320.016357 55663.996094 1.024869
616300 296.767090 -25.593727 -20273.476562 3320.016357 55663.996094 1.024869
616400 296.767090 -25.593662 -20273.476562 3320.016357 55663.996094 1.024869
616500 296.767090 -25.593472 -20273.476562 3320.016357 55663.996094 1.024869
616600 296.767090 -25.593433 -20273.476562 3320.016357 55663.996094 1.024869
616700 296.767090 -25.593399 -20273.476562 3320.016357 55663.996094 1.024869
616800 296.767090 -25.593376 -20273.476562 3320.016357 55663.996094 1.024869
616900 296.767090 -25.593365 -20273.476562 3320.016357 55663.996094 1.024869
617000 296.767090 -25.593361 -20273.476562 3320.016357 55663.996094 1.024869
617100 296.767090 -25.593349 -20273.476562 3320.016357 55663.996094 1.024869
617200 296.767090 -25.593349 -20273.476562 3320.016357 55663.996094 1.024869
617300 296.767090 -25.593353 -20273.476562 3320.016357 55663.996094 1.024869
617400 296.767090 -25.593311 -20273.476562 3320.016357 55663.996094 1.024869
617500 296.767090 -25.593639 -20273.476562 3320.016357 55663.996094 1.024869
617600 296.767090 -25.593590 -20273.478516 3320.016357 55663.996094 1.024869
617700 296.767090 -25.593643 -20273.478516 3320.016357 55663.996094 1.024869
617800 296.767090 -25.593739 -20273.480469 3320.016357 55663.996094 1.024869
617900 296.767090 -25.593834 -20273.480469 3320.016357 55663.996094 1.024869
618000 296.767090 -25.593895 -20273.480469 3320.016357 55663.996094 1.024869
618100 296.767090 -25.593941 -20273.480469 3320.016357 55663.996094 1.024869
618200 296.767090 -25.593960 -20273.480469 3320.016357 55663.996094 1.024869
618300 296.767090 -25.593979 -20273.480469 3320.016357 55663.996094 1.024869
618400 296.767090 -25.593979 -20273.480469 3320.016357 55663.996094 1.024869
618500 296.767090 -25.593983 -20273.480469 3320.016357 55663.996094 1.024869
618600 296.767090 -25.593975 -20273.480469 3320.016357 55663.996094 1.024869
618700 296.767090 -25.593941 -20273.480469 3320.016357 55663.996094 1.024869
618800 296.767090 -25.593945 -20273.480469 3320.016357 55663.996094 1.024869
618900 296.767090 -25.594604 -20273.480469 3320.016357 55663.996094 1.024869
619000 296.767090 -25.594803 -20273.482422 3320.016357 55663.996094 1.024869
619100 296.767090 -25.594879 -20273.482422 3320.016357 55663.996094 1.024869
619200 296.767090 -25.594906 -20273.482422 3320.016357 55663.996094 1.024869
619300 296.767090 -25.594902 -20273.482422 3320.016357 55663.996094 1.024869
619400 296.767090 -25.594906 -20273.482422 3320.016357 55663.996094 1.024869
619500 296.767090 -25.594898 -20273.482422 3320.016357 55663.996094 1.024869
619600 296.767090 -25.595062 -20273.480469 3320.016357 55663.996094 1.024869
619700 296.767090 -25.595104 -20273.478516 3320.016357 55663.996094 1.024869
619800 296.767090 -25.595055 -20273.478516 3320.016357 55663.996094 1.024869
619900 296.767090 -25.595005 -20273.478516 3320.016357 55663.996094 1.024869
620000 296.767090 -25.594963 -20273.478516 3320.016357 55663.996094 1.024869
620100 296.767090 -25.594952 -20273.478516 3320.016357 55663.996094 1.024869
620200 296.767090 -25.594936 -20273.478516 3320.016357 55664.007812 1.024869
620300 296.767090 -25.594929 -20273.478516 3320.016357 55664.007812 1.024869
620400 296.767090 -25.594929 -20273.478516 3320.016357 55664.007812 1.024869
620500 296.767090 -25.594925 -20273.478516 3320.016357 55664.007812 1.024869
620600 296.767090 -25.594944 -20273.478516 3320.016357 55664.007812 1.024869
620700 296.767090 -25.594936 -20273.476562 3320.016357 55664.007812 1.024869
620800 296.767090 -25.594936 -20273.476562 3320.016357 55664.007812 1.024869
620900 296.767090 -25.594936 -20273.476562 3320.016357 55664.007812 1.024869
621000 296.767090 -25.594936 -20273.476562 3320.016357 55664.007812 1.024869
621100 296.767090 -25.594936 -20273.476562 3320.016357 55664.007812 1.024869
621200 296.767090 -25.594944 -20273.476562 3320.016357 55664.007812 1.024869
621300 296.767090 -25.594940 -20273.476562 3320.016357 55664.007812 1.024869
621400 296.767090 -25.594936 -20273.476562 3320.016357 55664.007812 1.024869
621500 296.767090 -25.594933 -20273.476562 3320.016357 55664.007812 1.024869
621600 296.767090 -25.594933 -20273.476562 3320.016357 55664.007812 1.024869
621700 296.767090 -25.594940 -20273.476562 3320.016357 55664.007812 1.024869
621800 296.767090 -25.594944 -20273.476562 3320.016357 55664.007812 1.024869
621900 296.767090 -25.594936 -20273.476562 3320.016357 55664.007812 1.024869
622000 296.767090 -25.594936 -20273.476562 3320.016357 55664.007812 1.024869
622100 296.767090 -25.594936 -20273.476562 3320.016357 55664.007812 1.024869
622200 296.767090 -25.594936 -20273.476562 3320.016357 55664.007812 1.024869
622300 296.767090 -25.594936 -20273.476562 3320.016357 55664.007812 1.024869
622400 296.767090 -25.594936 -20273.476562 3320.016357 55664.007812 1.024869
622500 296.767090 -25.594944 -20273.476562 3320.016357 55664.007812 1.024869
622600 296.767090 -25.594936 -20273.476562 3320.016357 55664.007812 1.024869
622700 296.767090 -25.594940 -20273.476562 3320.016357 55664.007812 1.024869
622800 296.767090 -25.594299 -20273.478516 3320.016357 55663.996094 1.024869
622900 296.767090 -25.594139 -20273.480469 3320.016357 55663.996094 1.024869
623000 296.767090 -25.594486 -20273.480469 3320.016357 55663.996094 1.024869
623100 296.767090 -25.594833 -20273.480469 3320.016357 55663.996094 1.024869
623200 296.767090 -25.595032 -20273.480469 3320.016357 55664.007812 1.024869
623300 296.767090 -25.595352 -20273.478516 3320.016357 55664.007812 1.024869
623400 296.767090 -25.595776 -20273.476562 3320.016357 55664.007812 1.024869
623500 296.767090 -25.595909 -20273.476562 3320.016357 55664.007812 1.024869
623600 296.767090 -25.595963 -20273.476562 3320.016357 55664.007812 1.024869
623700 296.767090 -25.595997 -20273.476562 3320.016357 55664.007812 1.024869
623800 296.767090 -25.596020 -20273.476562 3320.016357 55664.007812 1.024869
623900 296.767090 -25.596039 -20273.476562 3320.016357 55664.007812 1.024869
624000 296.767090 -25.596046 -20273.476562 3320.016357 55664.007812 1.024869
624100 296.767090 -25.596050 -20273.476562 3320.016357 55664.007812 1.024869
624200 296.767090 -25.596062 -20273.476562 3320.016357 55664.007812 1.024869
624300 296.767090 -25.596069 -20273.476562 3320.016357 55664.007812 1.024869
624400 296.767090 -25.596085 -20273.476562 3320.016357 55664.007812 1.024869
624500 296.767090 -25.596081 -20273.476562 3320.016357 55664.007812 1.024869
624600 296.767090 -25.596088 -20273.476562 3320.016357 55664.007812 1.024869
624700 296.767090 -25.596081 -20273.476562 3320.016357 55664.007812 1.024869
624800 296.767090 -25.596088 -20273.476562 3320.016357 55664.007812 1.024869
624900 296.767090 -25.596092 -20273.476562 3320.016357 55664.007812 1.024869
625000 296.767090 -25.596092 -20273.476562 3320.016357 55664.007812 1.024869
625100 296.767090 -25.596092 -20273.476562 3320.016357 55664.007812 1.024869
625200 296.767090 -25.596092 -20273.476562 3320.016357 55664.007812 1.024869
625300 296.767090 -25.596092 -20273.476562 3320.016357 55664.007812 1.024869
625400 296.767090 -25.596092 -20273.476562 3320.016357 55664.007812 1.024869
625500 296.767090 -25.596092 -20273.476562 3320.016357 55664.007812 1.024869
625600 296.767090 -25.596096 -20273.476562 3320.016357 55664.007812 1.024869
625700 296.767090 -25.596096 -20273.476562 3320.016357 55664.007812 1.024869
625800 296.767090 -25.596092 -20273.476562 3320.016357 55664.007812 1.024869
625900 296.767090 -25.596100 -20273.476562 3320.016357 55664.007812 1.024869
626000 296.767090 -25.596088 -20273.476562 3320.016357 55664.007812 1.024869
626100 296.767090 -25.596088 -20273.476562 3320.016357 55664.007812 1.024869
626200 296.767090 -25.596092 -20273.476562 3320.016357 55664.007812 1.024869
626300 296.767090 -25.596092 -20273.476562 3320.016357 55664.007812 1.024869
626400 296.767090 -25.596092 -20273.476562 3320.016357 55664.007812 1.024869
626500 296.767090 -25.596092 -20273.476562 3320.016357 55664.007812 1.024869
626600 296.767090 -25.596092 -20273.476562 3320.016357 55664.007812 1.024869
626700 296.767090 -25.596096 -20273.476562 3320.016357 55664.007812 1.024869
626800 296.767090 -25.596092 -20273.476562 3320.016357 55664.007812 1.024869
626900 296.767090 -25.596096 -20273.476562 3320.016357 55664.007812 1.024869
627000 296.767090 -25.596096 -20273.476562 3320.016357 55664.007812 1.024869
627100 296.767090 -25.596100 -20273.476562 3320.016357 55664.007812 1.024869
627200 296.767090 -25.596100 -20273.476562 3320.016357 55664.007812 1.024869
627300 296.767090 -25.596096 -20273.476562 3320.016357 55664.007812 1.024869
627400 296.767090 -25.596100 -20273.476562 3320.016357 55664.007812 1.024869
627500 296.767090 -25.596096 -20273.476562 3320.016357 55664.007812 1.024869
627600 296.767090 -25.596096 -20273.476562 3320.016357 55664.007812 1.024869
627700 296.767090 -25.596096 -20273.476562 3320.016357 55664.007812 1.024869
627800 296.767090 -25.596100 -20273.476562 3320.016357 55664.007812 1.024869
627900 296.767090 -25.596100 -20273.476562 3320.016357 55664.007812 1.024869
628000 296.767090 -25.596096 -20273.476562 3320.016357 55664.007812 1.024869
628100 296.767090 -25.596092 -20273.476562 3320.016357 55664.007812 1.024869
628200 296.767090 -25.596100 -20273.476562 3320.016357 55664.007812 1.024869
628300 296.767090 -25.596100 -20273.476562 3320.016357 55664.007812 1.024869
628400 296.767090 -25.596100 -20273.476562 3320.016357 55664.007812 1.024869
628500 296.767090 -25.596096 -20273.476562 3320.016357 55664.007812 1.024869
628600 296.767090 -25.596104 -20273.476562 3320.016357 55664.007812 1.024869
628700 296.767090 -25.596096 -20273.476562 3320.016357 55664.007812 1.024869
628800 296.767090 -25.596100 -20273.476562 3320.016357 55664.007812 1.024869
628900 296.767090 -25.596100 -20273.476562 3320.016357 55664.007812 1.024869
629000 296.767090 -25.596096 -20273.476562 3320.016357 55664.007812 1.024869
629100 296.767090 -25.596100 -20273.476562 3320.016357 55664.007812 1.024869
629200 296.767090 -25.596096 -20273.476562 3320.016357 55664.007812 1.024869
629300 296.767090 -25.596096 -20273.476562 3320.016357 55664.007812 1.024869
629400 296.767090 -25.596100 -20273.476562 3320.016357 55664.007812 1.024869
629500 296.767090 -25.596100 -20273.476562 3320.016357 55664.007812 1.024869
629600 296.767090 -25.596096 -20273.476562 3320.016357 55664.007812 1.024869
629700 296.767090 -25.596092 -20273.476562 3320.016357 55664.007812 1.024869
629800 296.767090 -25.596100 -20273.476562 3320.016357 55664.007812 1.024869
629900 296.767090 -25.596100 -20273.476562 3320.016357 55664.007812 1.024869
630000 296.767090 -25.596104 -20273.476562 3320.016357 55664.007812 1.024869
630100 296.767090 -25.596104 -20273.476562 3320.016357 55664.007812 1.024869
630200 296.767090 -25.596104 -20273.476562 3320.016357 55664.007812 1.024869
630300 296.767090 -25.596096 -20273.476562 3320.016357 55664.007812 1.024869
630400 296.767090 -25.596096 -20273.476562 3320.016357 55664.007812 1.024869
630500 296.767090 -25.596096 -20273.476562 3320.016357 55664.007812 1.024869
630600 296.767090 -25.596100 -20273.476562 3320.016357 55664.007812 1.024869
630700 296.767090 -25.596096 -20273.476562 3320.016357 55664.007812 1.024869
630800 296.767090 -25.596092 -20273.476562 3320.016357 55664.007812 1.024869
630900 296.767090 -25.596100 -20273.476562 3320.016357 55664.007812 1.024869
631000 296.767090 -25.596100 -20273.476562 3320.016357 55664.007812 1.024869
631100 296.767090 -25.596104 -20273.476562 3320.016357 55664.007812 1.024869
631200 296.767090 -25.596096 -20273.476562 3320.016357 55664.007812 1.024869
631300 296.767090 -25.596100 -20273.476562 3320.016357 55664.007812 1.024869
631400 296.767090 -25.596100 -20273.476562 3320.016357 55664.007812 1.024869
631500 296.767090 -25.596096 -20273.476562 3320.016357 55664.007812 1.024869
631600 296.767090 -25.596100 -20273.476562 3320.016357 55664.007812 1.024869
631700 296.767090 -25.596092 -20273.476562 3320.016357 55664.007812 1.024869
631800 296.767090 -25.596096 -20273.476562 3320.016357 55664.007812 1.024869
631900 296.767090 -25.596096 -20273.476562 3320.016357 55664.007812 1.024869
632000 296.767090 -25.596100 -20273.476562 3320.016357 55664.007812 1.024869
632100 296.767090 -25.596096 -20273.476562 3320.016357 55664.007812 1.024869
632200 296.767090 -25.596096 -20273.476562 3320.016357 55664.007812 1.024869
632300 296.767090 -25.596096 -20273.476562 3320.016357 55664.007812 1.024869
632400 296.767090 -25.596096 -20273.476562 3320.016357 55664.007812 1.024869
632500 296.767090 -25.596104 -20273.476562 3320.016357 55664.007812 1.024869
632600 296.767090 -25.596096 -20273.476562 3320.016357 55664.007812 1.024869
632700 296.767090 -25.596104 -20273.476562 3320.016357 55664.007812 1.024869
632800 296.767090 -25.596100 -20273.476562 3320.016357 55664.007812 1.024869
632900 296.767090 -25.596096 -20273.476562 3320.016357 55664.007812 1.024869
633000 296.767090 -25.596096 -20273.476562 3320.016357 55664.007812 1.024869
633100 296.767090 -25.596100 -20273.476562 3320.016357 55664.007812 1.024869
633200 296.767090 -25.596096 -20273.476562 3320.016357 55664.007812 1.024869
633300 296.767090 -25.596096 -20273.476562 3320.016357 55664.007812 1.024869
633400 296.767090 -25.596092 -20273.476562 3320.016357 55664.007812 1.024869
633500 296.767090 -25.596100 -20273.476562 3320.016357 55664.007812 1.024869
633600 296.767090 -25.596100 -20273.476562 3320.016357 55664.007812 1.024869
633700 296.767090 -25.596092 -20273.476562 3320.016357 55664.007812 1.024869
633800 296.767090 -25.596100 -20273.476562 3320.016357 55664.007812 1.024869
633900 296.767090 -25.596104 -20273.476562 3320.016357 55664.007812 1.024869
634000 296.767090 -25.596096 -20273.476562 3320.016357 55664.007812 1.024869
634100 296.767090 -25.596092 -20273.476562 3320.016357 55664.007812 1.024869
634200 296.767090 -25.596092 -20273.476562 3320.016357 55664.007812 1.024869
634300 296.767090 -25.596100 -20273.476562 3320.016357 55664.007812 1.024869
634400 296.767090 -25.596092 -20273.476562 3320.016357 55664.007812 1.024869
634500 296.767090 -25.596100 -20273.476562 3320.016357 55664.007812 1.024869
634600 296.767090 -25.596092 -20273.476562 3320.016357 55664.007812 1.024869
634700 296.767090 -25.596096 -20273.476562 3320.016357 55664.007812 1.024869
634800 296.767090 -25.596100 -20273.476562 3320.016357 55664.007812 1.024869
634900 296.767090 -25.596100 -20273.476562 3320.016357 55664.007812 1.024869
635000 296.767090 -25.596104 -20273.476562 3320.016357 55664.007812 1.024869
635100 296.767090 -25.596104 -20273.476562 3320.016357 55664.007812 1.024869
635200 296.767090 -25.596104 -20273.476562 3320.016357 55664.007812 1.024869
635300 296.767090 -25.596100 -20273.476562 3320.016357 55664.007812 1.024869
635400 296.767090 -25.596100 -20273.476562 3320.016357 55664.007812 1.024869
635500 296.767090 -25.596100 -20273.476562 3320.016357 55664.007812 1.024869
635600 296.767090 -25.596092 -20273.476562 3320.016357 55664.007812 1.024869
635700 296.767090 -25.596096 -20273.476562 3320.016357 55664.007812 1.024869
635800 296.767090 -25.596100 -20273.476562 3320.016357 55664.007812 1.024869
635900 296.767090 -25.596100 -20273.476562 3320.016357 55664.007812 1.024869
636000 296.767090 -25.596100 -20273.476562 3320.016357 55664.007812 1.024869
636100 296.767090 -25.596096 -20273.476562 3320.016357 55664.007812 1.024869
636200 296.767090 -25.596096 -20273.476562 3320.016357 55664.007812 1.024869
636300 296.767090 -25.596100 -20273.476562 3320.016357 55664.007812 1.024869
636400 296.767090 -25.596100 -20273.476562 3320.016357 55664.007812 1.024869
636500 296.767090 -25.596096 -20273.476562 3320.016357 55664.007812 1.024869
636600 296.767090 -25.596096 -20273.476562 3320.016357 55664.007812 1.024869
636700 296.767090 -25.596096 -20273.476562 3320.016357 55664.007812 1.024869
636800 296.767090 -25.596100 -20273.476562 3320.016357 55664.007812 1.024869
636900 296.767090 -25.596104 -20273.476562 3320.016357 55664.007812 1.024869
637000 296.767090 -25.596100 -20273.476562 3320.016357 55664.007812 1.024869
637100 296.767090 -25.596096 -20273.476562 3320.016357 55664.007812 1.024869
637200 296.767090 -25.596096 -20273.476562 3320.016357 55664.007812 1.024869
637300 296.767090 -25.596096 -20273.476562 3320.016357 55664.007812 1.024869
637400 296.767090 -25.596104 -20273.476562 3320.016357 55664.007812 1.024869
637500 296.767090 -25.596104 -20273.476562 3320.016357 55664.007812 1.024869
637600 296.767090 -25.596104 -20273.476562 3320.016357 55664.007812 1.024869
637700 296.767090 -25.596104 -20273.476562 3320.016357 55664.007812 1.024869
637800 296.767090 -25.596100 -20273.476562 3320.016357 55664.007812 1.024869
637900 296.767090 -25.596096 -20273.476562 3320.016357 55664.007812 1.024869
638000 296.767090 -25.596104 -20273.476562 3320.016357 55664.007812 1.024869
638100 296.767090 -25.596096 -20273.476562 3320.016357 55664.007812 1.024869
638200 296.767090 -25.596100 -20273.476562 3320.016357 55664.007812 1.024869
638300 296.767090 -25.596096 -20273.476562 3320.016357 55664.007812 1.024869
638400 296.767090 -25.596100 -20273.476562 3320.016357 55664.007812 1.024869
638500 296.767090 -25.596104 -20273.476562 3320.016357 55664.007812 1.024869
638600 296.767090 -25.596100 -20273.476562 3320.016357 55664.007812 1.024869
638700 296.767090 -25.596100 -20273.476562 3320.016357 55664.007812 1.024869
638800 296.767090 -25.596104 -20273.476562 3320.016357 55664.007812 1.024869
638900 296.767090 -25.596104 -20273.476562 3320.016357 55664.007812 1.024869
639000 296.767090 -25.596104 -20273.476562 3320.016357 55664.007812 1.024869
639100 296.767090 -25.596104 -20273.476562 3320.016357 55664.007812 1.024869
639200 296.767090 -25.596104 -20273.476562 3320.016357 55664.007812 1.024869
639300 296.767090 -25.596104 -20273.476562 3320.016357 55664.007812 1.024869
639400 296.767090 -25.596104 -20273.476562 3320.016357 55664.007812 1.024869
639500 296.767090 -25.596100 -20273.476562 3320.016357 55664.007812 1.024869
639600 296.767090 -25.596092 -20273.476562 3320.016357 55664.007812 1.024869
639700 296.767090 -25.596096 -20273.476562 3320.016357 55664.007812 1.024869
639800 296.767090 -25.596104 -20273.476562 3320.016357 55664.007812 1.024869
639900 296.767090 -25.596104 -20273.476562 3320.016357 55664.007812 1.024869
640000 296.767090 -25.596100 -20273.476562 3320.016357 55664.007812 1.024869
640100 296.767090 -25.596100 -20273.476562 3320.016357 55664.007812 1.024869
640200 296.767090 -25.596104 -20273.476562 3320.016357 55664.007812 1.024869
640300 296.767090 -25.596100 -20273.476562 3320.016357 55664.007812 1.024869
640400 296.767090 -25.596100 -20273.476562 3320.016357 55664.007812 1.024869
640500 296.767090 -25.596104 -20273.476562 3320.016357 55664.007812 1.024869
640600 296.767090 -25.596104 -20273.476562 3320.016357 55664.007812 1.024869
640700 296.767090 -25.596100 -20273.476562 3320.016357 55664.007812 1.024869
640800 296.767090 -25.596092 -20273.476562 3320.016357 55664.007812 1.024869
640900 296.767090 -25.596104 -20273.476562 3320.016357 55664.007812 1.024869
641000 296.767090 -25.596100 -20273.476562 3320.016357 55664.007812 1.024869
641100 296.767090 -25.596104 -20273.476562 3320.016357 55664.007812 1.024869
641200 296.767090 -25.596100 -20273.476562 3320.016357 55664.007812 1.024869
641300 296.767090 -25.596104 -20273.476562 3320.016357 55664.007812 1.024869
641400 296.767090 -25.596104 -20273.476562 3320.016357 55664.007812 1.024869
641500 296.767090 -25.596104 -20273.476562 3320.016357 55664.007812 1.024869
641600 296.767090 -25.596100 -20273.476562 3320.016357 55664.007812 1.024869
641700 296.767090 -25.596100 -20273.476562 3320.016357 55664.007812 1.024869
641800 296.767090 -25.596096 -20273.476562 3320.016357 55664.007812 1.024869
641900 296.767090 -25.596096 -20273.476562 3320.016357 55664.007812 1.024869
642000 296.767090 -25.596092 -20273.476562 3320.016357 55664.007812 1.024869
642100 296.767090 -25.596092 -20273.476562 3320.016357 55664.007812 1.024869
642200 296.767090 -25.596096 -20273.476562 3320.016357 55664.007812 1.024869
642300 296.767090 -25.596096 -20273.476562 3320.016357 55664.007812 1.024869
642400 296.767090 -25.596100 -20273.476562 3320.016357 55664.007812 1.024869
642500 296.767090 -25.596092 -20273.476562 3320.016357 55664.007812 1.024869
642600 296.767090 -25.596096 -20273.476562 3320.016357 55664.007812 1.024869
642700 296.767090 -25.596096 -20273.476562 3320.016357 55664.007812 1.024869
642800 296.767090 -25.596096 -20273.476562 3320.016357 55664.007812 1.024869
642900 296.767090 -25.596096 -20273.476562 3320.016357 55664.007812 1.024869
643000 296.767090 -25.596100 -20273.476562 3320.016357 55664.007812 1.024869
643100 296.767090 -25.596092 -20273.476562 3320.016357 55664.007812 1.024869
643200 296.767090 -25.596092 -20273.476562 3320.016357 55664.007812 1.024869
643300 296.767090 -25.596100 -20273.476562 3320.016357 55664.007812 1.024869
643400 296.767090 -25.596092 -20273.476562 3320.016357 55664.007812 1.024869
643500 296.767090 -25.596096 -20273.476562 3320.016357 55664.007812 1.024869
643600 296.767090 -25.596100 -20273.476562 3320.016357 55664.007812 1.024869
643700 296.767090 -25.596092 -20273.476562 3320.016357 55664.007812 1.024869
643800 296.767090 -25.596092 -20273.476562 3320.016357 55664.007812 1.024869
643900 296.767090 -25.596100 -20273.476562 3320.016357 55664.007812 1.024869
644000 296.767090 -25.596096 -20273.476562 3320.016357 55664.007812 1.024869
644100 296.767090 -25.596096 -20273.476562 3320.016357 55664.007812 1.024869
644200 296.767090 -25.596092 -20273.476562 3320.016357 55664.007812 1.024869
644300 296.767090 -25.596092 -20273.476562 3320.016357 55664.007812 1.024869
644400 296.767090 -25.596096 -20273.476562 3320.016357 55664.007812 1.024869
644500 296.767090 -25.596096 -20273.476562 3320.016357 55664.007812 1.024869
644600 296.767090 -25.596100 -20273.476562 3320.016357 55664.007812 1.024869
644700 296.767090 -25.596092 -20273.476562 3320.016357 55664.007812 1.024869
644800 296.767090 -25.596104 -20273.476562 3320.016357 55664.007812 1.024869
644900 296.767090 -25.596100 -20273.476562 3320.016357 55664.007812 1.024869
645000 296.767090 -25.596104 -20273.476562 3320.016357 55664.007812 1.024869
645100 296.767090 -25.596104 -20273.476562 3320.016357 55664.007812 1.024869
645200 296.767090 -25.596100 -20273.476562 3320.016357 55664.007812 1.024869
645300 296.767090 -25.596104 -20273.476562 3320.016357 55664.007812 1.024869
645400 296.767090 -25.596104 -20273.476562 3320.016357 55664.007812 1.024869
645500 296.767090 -25.596100 -20273.476562 3320.016357 55664.007812 1.024869
645600 296.767090 -25.596104 -20273.476562 3320.016357 55664.007812 1.024869
645700 296.767090 -25.596104 -20273.476562 3320.016357 55664.007812 1.024869
645800 296.767090 -25.596104 -20273.476562 3320.016357 55664.007812 1.024869
645900 296.767090 -25.596096 -20273.476562 3320.016357 55664.007812 1.024869
646000 296.767090 -25.596100 -20273.476562 3320.016357 55664.007812 1.024869
646100 296.767090 -25.596100 -20273.476562 3320.016357 55664.007812 1.024869
646200 296.767090 -25.596100 -20273.476562 3320.016357 55664.007812 1.024869
646300 296.767090 -25.596100 -20273.476562 3320.016357 55664.007812 1.024869
646400 296.767090 -25.596100 -20273.476562 3320.016357 55664.007812 1.024869
646500 296.767090 -25.596100 -20273.476562 3320.016357 55664.007812 1.024869
646600 296.767090 -25.596104 -20273.476562 3320.016357 55664.007812 1.024869
646700 296.767090 -25.596104 -20273.476562 3320.016357 55664.007812 1.024869
646800 296.767090 -25.596096 -20273.476562 3320.016357 55664.007812 1.024869
646900 296.767090 -25.596100 -20273.476562 3320.016357 55664.007812 1.024869
647000 296.767090 -25.596100 -20273.476562 3320.016357 55664.007812 1.024869
647100 296.767090 -25.596100 -20273.476562 3320.016357 55664.007812 1.024869
647200 296.767090 -25.596096 -20273.476562 3320.016357 55664.007812 1.024869
647300 296.767090 -25.596100 -20273.476562 3320.016357 55664.007812 1.024869
647400 296.767090 -25.596100 -20273.476562 3320.016357 55664.007812 1.024869
647500 296.767090 -25.596104 -20273.476562 3320.016357 55664.007812 1.024869
647600 296.767090 -25.596100 -20273.476562 3320.016357 55664.007812 1.024869
647700 296.767090 -25.596104 -20273.476562 3320.016357 55664.007812 1.024869
647800 296.767090 -25.596104 -20273.476562 3320.016357 55664.007812 1.024869
647900 296.767090 -25.596104 -20273.476562 3320.016357 55664.007812 1.024869
648000 296.767090 -25.596104 -20273.476562 3320.016357 55664.007812 1.024869
648100 296.767090 -25.596100 -20273.476562 3320.016357 55664.007812 1.024869
648200 296.767090 -25.596100 -20273.476562 3320.016357 55664.007812 1.024869
648300 296.767090 -25.596100 -20273.476562 3320.016357 55664.007812 1.024869
648400 296.767090 -25.596104 -20273.476562 3320.016357 55664.007812 1.024869
648500 296.767090 -25.596100 -20273.476562 3320.016357 55664.007812 1.024869
648600 296.767090 -25.596100 -20273.476562 3320.016357 55664.007812 1.024869
648700 296.767090 -25.596104 -20273.476562 3320.016357 55664.007812 1.024869
648800 296.767090 -25.596100 -20273.476562 3320.016357 55664.007812 1.024869
648900 296.767090 -25.596100 -20273.476562 3320.016357 55664.007812 1.024869
649000 296.767090 -25.596100 -20273.476562 3320.016357 55664.007812 1.024869
649100 296.767090 -25.596104 -20273.476562 3320.016357 55664.007812 1.024869
649200 296.767090 -25.596100 -20273.476562 3320.016357 55664.007812 1.024869
649300 296.767090 -25.596100 -20273.476562 3320.016357 55664.007812 1.024869
649400 296.767090 -25.596100 -20273.476562 3320.016357 55664.007812 1.024869
649500 296.767090 -25.596100 -20273.476562 3320.016357 55664.007812 1.024869
649600 296.767090 -25.596100 -20273.476562 3320.016357 55664.007812 1.024869
649700 296.767090 -25.596100 -20273.476562 3320.016357 55664.007812 1.024869
649800 296.767090 -25.596100 -20273.476562 3320.016357 55664.007812 1.024869
649900 296.767090 -25.596100 -20273.476562 3320.016357 55664.007812 1.024869
650000 296.767090 -25.596100 -20273.476562 3320.016357 55664.007812 1.024869
650100 296.767090 -25.596104 -20273.476562 3320.016357 55664.007812 1.024869
650200 296.767090 -25.596100 -20273.476562 3320.016357 55664.007812 1.024869
650300 296.767090 -25.596104 -20273.476562 3320.016357 55664.007812 1.024869
650400 296.767090 -25.596104 -20273.476562 3320.016357 55664.007812 1.024869
650500 296.767090 -25.596104 -20273.476562 3320.016357 55664.007812 1.024869
650600 296.767090 -25.596104 -20273.476562 3320.016357 55664.007812 1.024869
650700 296.767090 -25.596104 -20273.476562 3320.016357 55664.007812 1.024869
650800 296.767090 -25.596104 -20273.476562 3320.016357 55664.007812 1.024869
650900 296.767090 -25.596104 -20273.476562 3320.016357 55664.007812 1.024869
651000 296.767090 -25.596104 -20273.476562 3320.016357 55664.007812 1.024869
651100 296.767090 -25.596104 -20273.476562 3320.016357 55664.007812 1.024869
651200 296.767090 -25.596104 -20273.476562 3320.016357 55664.007812 1.024869
651300 296.767090 -25.596104 -20273.476562 3320.016357 55664.007812 1.024869
651400 296.767090 -25.596100 -20273.476562 3320.016357 55664.007812 1.024869
651500 296.767090 -25.596100 -20273.476562 3320.016357 55664.007812 1.024869
651600 296.767090 -25.596100 -20273.476562 3320.016357 55664.007812 1.024869
651700 296.767090 -25.596100 -20273.476562 3320.016357 55664.007812 1.024869
651800 296.767090 -25.596104 -20273.476562 3320.016357 55664.007812 1.024869
651900 296.767090 -25.596100 -20273.476562 3320.016357 55664.007812 1.024869
652000 296.767090 -25.596100 -20273.476562 3320.016357 55664.007812 1.024869
652100 296.767090 -25.596100 -20273.476562 3320.016357 55664.007812 1.024869
652200 296.767090 -25.596092 -20273.476562 3320.016357 55664.007812 1.024869
652300 296.767090 -25.596100 -20273.476562 3320.016357 55664.007812 1.024869
652400 296.767090 -25.596100 -20273.476562 3320.016357 55664.007812 1.024869
652500 296.767090 -25.596100 -20273.476562 3320.016357 55664.007812 1.024869
652600 296.767090 -25.596100 -20273.476562 3320.016357 55664.007812 1.024869
652700 296.767090 -25.596100 -20273.476562 3320.016357 55664.007812 1.024869
652800 296.767090 -25.596104 -20273.476562 3320.016357 55664.007812 1.024869
652900 296.767090 -25.596104 -20273.476562 3320.016357 55664.007812 1.024869
653000 296.767090 -25.596104 -20273.476562 3320.016357 55664.007812 1.024869
653100 296.767090 -25.596100 -20273.476562 3320.016357 55664.007812 1.024869
653200 296.767090 -25.596100 -20273.476562 3320.016357 55664.007812 1.024869
653300 296.767090 -25.596096 -20273.476562 3320.016357 55664.007812 1.024869
653400 296.767090 -25.596100 -20273.476562 3320.016357 55664.007812 1.024869
653500 296.767090 -25.596100 -20273.476562 3320.016357 55664.007812 1.024869
653600 296.767090 -25.596100 -20273.476562 3320.016357 55664.007812 1.024869
653700 296.767090 -25.596100 -20273.476562 3320.016357 55664.007812 1.024869
653800 296.767090 -25.596092 -20273.476562 3320.016357 55664.007812 1.024869
653900 296.767090 -25.596092 -20273.476562 3320.016357 55664.007812 1.024869
654000 296.767090 -25.596092 -20273.476562 3320.016357 55664.007812 1.024869
654100 296.767090 -25.596092 -20273.476562 3320.016357 55664.007812 1.024869
654200 296.767090 -25.596096 -20273.476562 3320.016357 55664.007812 1.024869
654300 296.767090 -25.596092 -20273.476562 3320.016357 55664.007812 1.024869
654400 296.767090 -25.596092 -20273.476562 3320.016357 55664.007812 1.024869
654500 296.767090 -25.596096 -20273.476562 3320.016357 55664.007812 1.024869
654600 296.767090 -25.596096 -20273.476562 3320.016357 55664.007812 1.024869
654700 296.767090 -25.596096 -20273.476562 3320.016357 55664.007812 1.024869
654800 296.767090 -25.596100 -20273.476562 3320.016357 55664.007812 1.024869
654900 296.767090 -25.596092 -20273.476562 3320.016357 55664.007812 1.024869
655000 296.767090 -25.596096 -20273.476562 3320.016357 55664.007812 1.024869
655100 296.767090 -25.596092 -20273.476562 3320.016357 55664.007812 1.024869
655200 296.767090 -25.596096 -20273.476562 3320.016357 55664.007812 1.024869
655300 296.767090 -25.596096 -20273.476562 3320.016357 55664.007812 1.024869
655400 296.767090 -25.596096 -20273.476562 3320.016357 55664.007812 1.024869
655500 296.767090 -25.596096 -20273.476562 3320.016357 55664.007812 1.024869
655600 296.767090 -25.596100 -20273.476562 3320.016357 55664.007812 1.024869
655700 296.767090 -25.596100 -20273.476562 3320.016357 55664.007812 1.024869
655800 296.767090 -25.596100 -20273.476562 3320.016357 55664.007812 1.024869
655900 296.767090 -25.596100 -20273.476562 3320.016357 55664.007812 1.024869
656000 296.767090 -25.596096 -20273.476562 3320.016357 55664.007812 1.024869
656100 296.767090 -25.596092 -20273.476562 3320.016357 55664.007812 1.024869
656200 296.767090 -25.596096 -20273.476562 3320.016357 55664.007812 1.024869
656300 296.767090 -25.596100 -20273.476562 3320.016357 55664.007812 1.024869
656400 296.767090 -25.596100 -20273.476562 3320.016357 55664.007812 1.024869
656500 296.767090 -25.596100 -20273.476562 3320.016357 55664.007812 1.024869
656600 296.767090 -25.596096 -20273.476562 3320.016357 55664.007812 1.024869
656700 296.767090 -25.596100 -20273.476562 3320.016357 55664.007812 1.024869
656800 296.767090 -25.596100 -20273.476562 3320.016357 55664.007812 1.024869
656900 296.767090 -25.596096 -20273.476562 3320.016357 55664.007812 1.024869
657000 296.767090 -25.596100 -20273.476562 3320.016357 55664.007812 1.024869
657100 296.767090 -25.596100 -20273.476562 3320.016357 55664.007812 1.024869
657200 296.767090 -25.596100 -20273.476562 3320.016357 55664.007812 1.024869
657300 296.767090 -25.596100 -20273.476562 3320.016357 55664.007812 1.024869
657400 296.767090 -25.596100 -20273.476562 3320.016357 55664.007812 1.024869
657500 296.767090 -25.596100 -20273.476562 3320.016357 55664.007812 1.024869
657600 296.767090 -25.596100 -20273.476562 3320.016357 55664.007812 1.024869
657700 296.767090 -25.596104 -20273.476562 3320.016357 55664.007812 1.024869
657800 296.767090 -25.596096 -20273.476562 3320.016357 55664.007812 1.024869
657900 296.767090 -25.596100 -20273.476562 3320.016357 55664.007812 1.024869
658000 296.767090 -25.596100 -20273.476562 3320.016357 55664.007812 1.024869
658100 296.767090 -25.596100 -20273.476562 3320.016357 55664.007812 1.024869
658200 296.767090 -25.596100 -20273.476562 3320.016357 55664.007812 1.024869
658300 296.767090 -25.596092 -20273.476562 3320.016357 55664.007812 1.024869
658400 296.767090 -25.596092 -20273.476562 3320.016357 55664.007812 1.024869
658500 296.767090 -25.596092 -20273.476562 3320.016357 55664.007812 1.024869
658600 296.767090 -25.596096 -20273.476562 3320.016357 55664.007812 1.024869
658700 296.767090 -25.596100 -20273.476562 3320.016357 55664.007812 1.024869
658800 296.767090 -25.596096 -20273.476562 3320.016357 55664.007812 1.024869
658900 296.767090 -25.596100 -20273.476562 3320.016357 55664.007812 1.024869
659000 296.767090 -25.596104 -20273.476562 3320.016357 55664.007812 1.024869
659100 296.767090 -25.596100 -20273.476562 3320.016357 55664.007812 1.024869
659200 296.767090 -25.596100 -20273.476562 3320.016357 55664.007812 1.024869
659300 296.767090 -25.596104 -20273.476562 3320.016357 55664.007812 1.024869
659400 296.767090 -25.596100 -20273.476562 3320.016357 55664.007812 1.024869
659500 296.767090 -25.596104 -20273.476562 3320.016357 55664.007812 1.024869
659600 296.767090 -25.596100 -20273.476562 3320.016357 55664.007812 1.024869
659700 296.767090 -25.596104 -20273.476562 3320.016357 55664.007812 1.024869
659800 296.767090 -25.596104 -20273.476562 3320.016357 55664.007812 1.024869
659900 296.767090 -25.596100 -20273.476562 3320.016357 55664.007812 1.024869
660000 296.767090 -25.596100 -20273.476562 3320.016357 55664.007812 1.024869
660100 296.767090 -25.596100 -20273.476562 3320.016357 55664.007812 1.024869
660200 296.767090 -25.596096 -20273.476562 3320.016357 55664.007812 1.024869
660300 296.767090 -25.596104 -20273.476562 3320.016357 55664.007812 1.024869
660400 296.767090 -25.596104 -20273.476562 3320.016357 55664.007812 1.024869
660500 296.767090 -25.596100 -20273.476562 3320.016357 55664.007812 1.024869
660600 296.767090 -25.596100 -20273.476562 3320.016357 55664.007812 1.024869
660700 296.767090 -25.596100 -20273.476562 3320.016357 55664.007812 1.024869
660800 296.767090 -25.596100 -20273.476562 3320.016357 55664.007812 1.024869
660900 296.767090 -25.596096 -20273.476562 3320.016357 55664.007812 1.024869
661000 296.767090 -25.596100 -20273.476562 3320.016357 55664.007812 1.024869
661100 296.767090 -25.596100 -20273.476562 3320.016357 55664.007812 1.024869
661200 296.767090 -25.596092 -20273.476562 3320.016357 55664.007812 1.024869
661300 296.767090 -25.596096 -20273.476562 3320.016357 55664.007812 1.024869
661400 296.767090 -25.596096 -20273.476562 3320.016357 55664.007812 1.024869
661500 296.767090 -25.596100 -20273.476562 3320.016357 55664.007812 1.024869
661600 296.767090 -25.596100 -20273.476562 3320.016357 55664.007812 1.024869
661700 296.767090 -25.596104 -20273.476562 3320.016357 55664.007812 1.024869
661800 296.767090 -25.596100 -20273.476562 3320.016357 55664.007812 1.024869
661900 296.767090 -25.596100 -20273.476562 3320.016357 55664.007812 1.024869
662000 296.767090 -25.596104 -20273.476562 3320.016357 55664.007812 1.024869
662100 296.767090 -25.596100 -20273.476562 3320.016357 55664.007812 1.024869
662200 296.767090 -25.596100 -20273.476562 3320.016357 55664.007812 1.024869
662300 296.767090 -25.596104 -20273.476562 3320.016357 55664.007812 1.024869
662400 296.767090 -25.596096 -20273.476562 3320.016357 55664.007812 1.024869
662500 296.767090 -25.596104 -20273.476562 3320.016357 55664.007812 1.024869
662600 296.767090 -25.596104 -20273.476562 3320.016357 55664.007812 1.024869
662700 296.767090 -25.596100 -20273.476562 3320.016357 55664.007812 1.024869
662800 296.767090 -25.596104 -20273.476562 3320.016357 55664.007812 1.024869
662900 296.767090 -25.596100 -20273.476562 3320.016357 55664.007812 1.024869
663000 296.767090 -25.596096 -20273.476562 3320.016357 55664.007812 1.024869
663100 296.767090 -25.596100 -20273.476562 3320.016357 55664.007812 1.024869
663200 296.767090 -25.596100 -20273.476562 3320.016357 55664.007812 1.024869
663300 296.767090 -25.596100 -20273.476562 3320.016357 55664.007812 1.024869
663400 296.767090 -25.596092 -20273.476562 3320.016357 55664.007812 1.024869
663500 296.767090 -25.596092 -20273.476562 3320.016357 55664.007812 1.024869
663600 296.767090 -25.596100 -20273.476562 3320.016357 55664.007812 1.024869
663700 296.767090 -25.596100 -20273.476562 3320.016357 55664.007812 1.024869
663800 296.767090 -25.596092 -20273.476562 3320.016357 55664.007812 1.024869
663900 296.767090 -25.596096 -20273.476562 3320.016357 55664.007812 1.024869
664000 296.767090 -25.596100 -20273.476562 3320.016357 55664.007812 1.024869
664100 296.767090 -25.596104 -20273.476562 3320.016357 55664.007812 1.024869
664200 296.767090 -25.596104 -20273.476562 3320.016357 55664.007812 1.024869
664300 296.767090 -25.596104 -20273.476562 3320.016357 55664.007812 1.024869
664400 296.767090 -25.596100 -20273.476562 3320.016357 55664.007812 1.024869
664500 296.767090 -25.596104 -20273.476562 3320.016357 55664.007812 1.024869
664600 296.767090 -25.596100 -20273.476562 3320.016357 55664.007812 1.024869
664700 296.767090 -25.596100 -20273.476562 3320.016357 55664.007812 1.024869
664800 296.767090 -25.596104 -20273.476562 3320.016357 55664.007812 1.024869
664900 296.767090 -25.596096 -20273.476562 3320.016357 55664.007812 1.024869
665000 296.767090 -25.596104 -20273.476562 3320.016357 55664.007812 1.024869
665100 296.767090 -25.596100 -20273.476562 3320.016357 55664.007812 1.024869
665200 296.767090 -25.596100 -20273.476562 3320.016357 55664.007812 1.024869
665300 296.767090 -25.596096 -20273.476562 3320.016357 55664.007812 1.024869
665400 296.767090 -25.596100 -20273.476562 3320.016357 55664.007812 1.024869
665500 296.767090 -25.596104 -20273.476562 3320.016357 55664.007812 1.024869
665600 296.767090 -25.596104 -20273.476562 3320.016357 55664.007812 1.024869
665700 296.767090 -25.596100 -20273.476562 3320.016357 55664.007812 1.024869
665800 296.767090 -25.596100 -20273.476562 3320.016357 55664.007812 1.024869
665900 296.767090 -25.596092 -20273.476562 3320.016357 55664.007812 1.024869
666000 296.767090 -25.596100 -20273.476562 3320.016357 55664.007812 1.024869
666100 296.767090 -25.596104 -20273.476562 3320.016357 55664.007812 1.024869
666200 296.767090 -25.596100 -20273.476562 3320.016357 55664.007812 1.024869
666300 296.767090 -25.596100 -20273.476562 3320.016357 55664.007812 1.024869
666400 296.767090 -25.596100 -20273.476562 3320.016357 55664.007812 1.024869
666500 296.767090 -25.596096 -20273.476562 3320.016357 55664.007812 1.024869
666600 296.767090 -25.596096 -20273.476562 3320.016357 55664.007812 1.024869
666700 296.767090 -25.596100 -20273.476562 3320.016357 55664.007812 1.024869
666800 296.767090 -25.596100 -20273.476562 3320.016357 55664.007812 1.024869
666900 296.767090 -25.596100 -20273.476562 3320.016357 55664.007812 1.024869
667000 296.767090 -25.596096 -20273.476562 3320.016357 55664.007812 1.024869
667100 296.767090 -25.596100 -20273.476562 3320.016357 55664.007812 1.024869
667200 296.767090 -25.596096 -20273.476562 3320.016357 55664.007812 1.024869
667300 296.767090 -25.596100 -20273.476562 3320.016357 55664.007812 1.024869
667400 296.767090 -25.596096 -20273.476562 3320.016357 55664.007812 1.024869
667500 296.767090 -25.596096 -20273.476562 3320.016357 55664.007812 1.024869
667600 296.767090 -25.596092 -20273.476562 3320.016357 55664.007812 1.024869
667700 296.767090 -25.596096 -20273.476562 3320.016357 55664.007812 1.024869
667800 296.767090 -25.596096 -20273.476562 3320.016357 55664.007812 1.024869
667900 296.767090 -25.596104 -20273.476562 3320.016357 55664.007812 1.024869
668000 296.767090 -25.596096 -20273.476562 3320.016357 55664.007812 1.024869
668100 296.767090 -25.596096 -20273.476562 3320.016357 55664.007812 1.024869
668200 296.767090 -25.596096 -20273.476562 3320.016357 55664.007812 1.024869
668300 296.767090 -25.596096 -20273.476562 3320.016357 55664.007812 1.024869
668400 296.767090 -25.596096 -20273.476562 3320.016357 55664.007812 1.024869
668500 296.767090 -25.596100 -20273.476562 3320.016357 55664.007812 1.024869
668600 296.767090 -25.596092 -20273.476562 3320.016357 55664.007812 1.024869
668700 296.767090 -25.596092 -20273.476562 3320.016357 55664.007812 1.024869
668800 296.767090 -25.596100 -20273.476562 3320.016357 55664.007812 1.024869
668900 296.767090 -25.596100 -20273.476562 3320.016357 55664.007812 1.024869
669000 296.767090 -25.596096 -20273.476562 3320.016357 55664.007812 1.024869
669100 296.767090 -25.596100 -20273.476562 3320.016357 55664.007812 1.024869
669200 296.767090 -25.596104 -20273.476562 3320.016357 55664.007812 1.024869
669300 296.767090 -25.596104 -20273.476562 3320.016357 55664.007812 1.024869
669400 296.767090 -25.596096 -20273.476562 3320.016357 55664.007812 1.024869
669500 296.767090 -25.596092 -20273.476562 3320.016357 55664.007812 1.024869
669600 296.767090 -25.596100 -20273.476562 3320.016357 55664.007812 1.024869
669700 296.767090 -25.596100 -20273.476562 3320.016357 55664.007812 1.024869
669800 296.767090 -25.596100 -20273.476562 3320.016357 55664.007812 1.024869
669900 296.767090 -25.596100 -20273.476562 3320.016357 55664.007812 1.024869
670000 296.767090 -25.596100 -20273.476562 3320.016357 55664.007812 1.024869
670100 296.767090 -25.596096 -20273.476562 3320.016357 55664.007812 1.024869
670200 296.767090 -25.596096 -20273.476562 3320.016357 55664.007812 1.024869
670300 296.767090 -25.596096 -20273.476562 3320.016357 55664.007812 1.024869
670400 296.767090 -25.596096 -20273.476562 3320.016357 55664.007812 1.024869
670500 296.767090 -25.596096 -20273.476562 3320.016357 55664.007812 1.024869
670600 296.767090 -25.596100 -20273.476562 3320.016357 55664.007812 1.024869
670700 296.767090 -25.596104 -20273.476562 3320.016357 55664.007812 1.024869
670800 296.767090 -25.596096 -20273.476562 3320.016357 55664.007812 1.024869
670900 296.767090 -25.596104 -20273.476562 3320.016357 55664.007812 1.024869
671000 296.767090 -25.596100 -20273.476562 3320.016357 55664.007812 1.024869
671100 296.767090 -25.596100 -20273.476562 3320.016357 55664.007812 1.024869
671200 296.767090 -25.596104 -20273.476562 3320.016357 55664.007812 1.024869
671300 296.767090 -25.596100 -20273.476562 3320.016357 55664.007812 1.024869
671400 296.767090 -25.596100 -20273.476562 3320.016357 55664.007812 1.024869
671500 296.767090 -25.596104 -20273.476562 3320.016357 55664.007812 1.024869
671600 296.767090 -25.596104 -20273.476562 3320.016357 55664.007812 1.024869
671700 296.767090 -25.596100 -20273.476562 3320.016357 55664.007812 1.024869
671800 296.767090 -25.596100 -20273.476562 3320.016357 55664.007812 1.024869
671900 296.767090 -25.596100 -20273.476562 3320.016357 55664.007812 1.024869
672000 296.767090 -25.596104 -20273.476562 3320.016357 55664.007812 1.024869
672100 296.767090 -25.596100 -20273.476562 3320.016357 55664.007812 1.024869
672200 296.767090 -25.596100 -20273.476562 3320.016357 55664.007812 1.024869
672300 296.767090 -25.596096 -20273.476562 3320.016357 55664.007812 1.024869
672400 296.767090 -25.596096 -20273.476562 3320.016357 55664.007812 1.024869
672500 296.767090 -25.596096 -20273.476562 3320.016357 55664.007812 1.024869
672600 296.767090 -25.596096 -20273.476562 3320.016357 55664.007812 1.024869
672700 296.767090 -25.596096 -20273.476562 3320.016357 55664.007812 1.024869
672800 296.767090 -25.596096 -20273.476562 3320.016357 55664.007812 1.024869
672900 296.767090 -25.596092 -20273.476562 3320.016357 55664.007812 1.024869
673000 296.767090 -25.596100 -20273.476562 3320.016357 55664.007812 1.024869
673100 296.767090 -25.596096 -20273.476562 3320.016357 55664.007812 1.024869
673200 296.767090 -25.596100 -20273.476562 3320.016357 55664.007812 1.024869
673300 296.767090 -25.596096 -20273.476562 3320.016357 55664.007812 1.024869
673400 296.767090 -25.596100 -20273.476562 3320.016357 55664.007812 1.024869
673500 296.767090 -25.596100 -20273.476562 3320.016357 55664.007812 1.024869
673600 296.767090 -25.596096 -20273.476562 3320.016357 55664.007812 1.024869
673700 296.767090 -25.596096 -20273.476562 3320.016357 55664.007812 1.024869
673800 296.767090 -25.596100 -20273.476562 3320.016357 55664.007812 1.024869
673900 296.767090 -25.596100 -20273.476562 3320.016357 55664.007812 1.024869
674000 296.767090 -25.596096 -20273.476562 3320.016357 55664.007812 1.024869
674100 296.767090 -25.596100 -20273.476562 3320.016357 55664.007812 1.024869
674200 296.767090 -25.596096 -20273.476562 3320.016357 55664.007812 1.024869
674300 296.767090 -25.596096 -20273.476562 3320.016357 55664.007812 1.024869
674400 296.767090 -25.596092 -20273.476562 3320.016357 55664.007812 1.024869
674500 296.767090 -25.596100 -20273.476562 3320.016357 55664.007812 1.024869
674600 296.767090 -25.596100 -20273.476562 3320.016357 55664.007812 1.024869
674700 296.767090 -25.596096 -20273.476562 3320.016357 55664.007812 1.024869
674800 296.767090 -25.596096 -20273.476562 3320.016357 55664.007812 1.024869
674900 296.767090 -25.596100 -20273.476562 3320.016357 55664.007812 1.024869
675000 296.767090 -25.596100 -20273.476562 3320.016357 55664.007812 1.024869
675100 296.767090 -25.596096 -20273.476562 3320.016357 55664.007812 1.024869
675200 296.767090 -25.596096 -20273.476562 3320.016357 55664.007812 1.024869
675300 296.767090 -25.596100 -20273.476562 3320.016357 55664.007812 1.024869
675400 296.767090 -25.596096 -20273.476562 3320.016357 55664.007812 1.024869
675500 296.767090 -25.596096 -20273.476562 3320.016357 55664.007812 1.024869
675600 296.767090 -25.596096 -20273.476562 3320.016357 55664.007812 1.024869
675700 296.767090 -25.596092 -20273.476562 3320.016357 55664.007812 1.024869
675800 296.767090 -25.596096 -20273.476562 3320.016357 55664.007812 1.024869
675900 296.767090 -25.596100 -20273.476562 3320.016357 55664.007812 1.024869
676000 296.767090 -25.596096 -20273.476562 3320.016357 55664.007812 1.024869
676100 296.767090 -25.596096 -20273.476562 3320.016357 55664.007812 1.024869
676200 296.767090 -25.596092 -20273.476562 3320.016357 55664.007812 1.024869
676300 296.767090 -25.596096 -20273.476562 3320.016357 55664.007812 1.024869
676400 296.767090 -25.596092 -20273.476562 3320.016357 55664.007812 1.024869
676500 296.767090 -25.596096 -20273.476562 3320.016357 55664.007812 1.024869
676600 296.767090 -25.596100 -20273.476562 3320.016357 55664.007812 1.024869
676700 296.767090 -25.596100 -20273.476562 3320.016357 55664.007812 1.024869
676800 296.767090 -25.596104 -20273.476562 3320.016357 55664.007812 1.024869
676900 296.767090 -25.596096 -20273.476562 3320.016357 55664.007812 1.024869
677000 296.767090 -25.596100 -20273.476562 3320.016357 55664.007812 1.024869
677100 296.767090 -25.596100 -20273.476562 3320.016357 55664.007812 1.024869
677200 296.767090 -25.596092 -20273.476562 3320.016357 55664.007812 1.024869
677300 296.767090 -25.596100 -20273.476562 3320.016357 55664.007812 1.024869
677400 296.767090 -25.596096 -20273.476562 3320.016357 55664.007812 1.024869
677500 296.767090 -25.596096 -20273.476562 3320.016357 55664.007812 1.024869
677600 296.767090 -25.596100 -20273.476562 3320.016357 55664.007812 1.024869
677700 296.767090 -25.596100 -20273.476562 3320.016357 55664.007812 1.024869
677800 296.767090 -25.596096 -20273.476562 3320.016357 55664.007812 1.024869
677900 296.767090 -25.596096 -20273.476562 3320.016357 55664.007812 1.024869
678000 296.767090 -25.596092 -20273.476562 3320.016357 55664.007812 1.024869
678100 296.767090 -25.596096 -20273.476562 3320.016357 55664.007812 1.024869
678200 296.767090 -25.596096 -20273.476562 3320.016357 55664.007812 1.024869
678300 296.767090 -25.596100 -20273.476562 3320.016357 55664.007812 1.024869
678400 296.767090 -25.596100 -20273.476562 3320.016357 55664.007812 1.024869
678500 296.767090 -25.596100 -20273.476562 3320.016357 55664.007812 1.024869
678600 296.767090 -25.596096 -20273.476562 3320.016357 55664.007812 1.024869
678700 296.767090 -25.596096 -20273.476562 3320.016357 55664.007812 1.024869
678800 296.767090 -25.596096 -20273.476562 3320.016357 55664.007812 1.024869
678900 296.767090 -25.596100 -20273.476562 3320.016357 55664.007812 1.024869
679000 296.767090 -25.596100 -20273.476562 3320.016357 55664.007812 1.024869
679100 296.767090 -25.596100 -20273.476562 3320.016357 55664.007812 1.024869
679200 296.767090 -25.596096 -20273.476562 3320.016357 55664.007812 1.024869
679300 296.767090 -25.596100 -20273.476562 3320.016357 55664.007812 1.024869
679400 296.767090 -25.596104 -20273.476562 3320.016357 55664.007812 1.024869
679500 296.767090 -25.596100 -20273.476562 3320.016357 55664.007812 1.024869
679600 296.767090 -25.596096 -20273.476562 3320.016357 55664.007812 1.024869
679700 296.767090 -25.596092 -20273.476562 3320.016357 55664.007812 1.024869
679800 296.767090 -25.596100 -20273.476562 3320.016357 55664.007812 1.024869
679900 296.767090 -25.596092 -20273.476562 3320.016357 55664.007812 1.024869
680000 296.767090 -25.596096 -20273.476562 3320.016357 55664.007812 1.024869
680100 296.767090 -25.596100 -20273.476562 3320.016357 55664.007812 1.024869
680200 296.767090 -25.596096 -20273.476562 3320.016357 55664.007812 1.024869
680300 296.767090 -25.596096 -20273.476562 3320.016357 55664.007812 1.024869
680400 296.767090 -25.596096 -20273.476562 3320.016357 55664.007812 1.024869
680500 296.767090 -25.596100 -20273.476562 3320.016357 55664.007812 1.024869
680600 296.767090 -25.596100 -20273.476562 3320.016357 55664.007812 1.024869
680700 296.767090 -25.596100 -20273.476562 3320.016357 55664.007812 1.024869
680800 296.767090 -25.596096 -20273.476562 3320.016357 55664.007812 1.024869
680900 296.767090 -25.596096 -20273.476562 3320.016357 55664.007812 1.024869
681000 296.767090 -25.596100 -20273.476562 3320.016357 55664.007812 1.024869
681100 296.767090 -25.596092 -20273.476562 3320.016357 55664.007812 1.024869
681200 296.767090 -25.596092 -20273.476562 3320.016357 55664.007812 1.024869
681300 296.767090 -25.596092 -20273.476562 3320.016357 55664.007812 1.024869
681400 296.767090 -25.596092 -20273.476562 3320.016357 55664.007812 1.024869
681500 296.767090 -25.596092 -20273.476562 3320.016357 55664.007812 1.024869
681600 296.767090 -25.596096 -20273.476562 3320.016357 55664.007812 1.024869
681700 296.767090 -25.596100 -20273.476562 3320.016357 55664.007812 1.024869
681800 296.767090 -25.596096 -20273.476562 3320.016357 55664.007812 1.024869
681900 296.767090 -25.596096 -20273.476562 3320.016357 55664.007812 1.024869
682000 296.767090 -25.596100 -20273.476562 3320.016357 55664.007812 1.024869
682100 296.767090 -25.596104 -20273.476562 3320.016357 55664.007812 1.024869
682200 296.767090 -25.596100 -20273.476562 3320.016357 55664.007812 1.024869
682300 296.767090 -25.596096 -20273.476562 3320.016357 55664.007812 1.024869
682400 296.767090 -25.596096 -20273.476562 3320.016357 55664.007812 1.024869
682500 296.767090 -25.596096 -20273.476562 3320.016357 55664.007812 1.024869
682600 296.767090 -25.596096 -20273.476562 3320.016357 55664.007812 1.024869
682700 296.767090 -25.596092 -20273.476562 3320.016357 55664.007812 1.024869
682800 296.767090 -25.596096 -20273.476562 3320.016357 55664.007812 1.024869
682900 296.767090 -25.596104 -20273.476562 3320.016357 55664.007812 1.024869
683000 296.767090 -25.596096 -20273.476562 3320.016357 55664.007812 1.024869
683100 296.767090 -25.596096 -20273.476562 3320.016357 55664.007812 1.024869
683200 296.767090 -25.596100 -20273.476562 3320.016357 55664.007812 1.024869
683300 296.767090 -25.596104 -20273.476562 3320.016357 55664.007812 1.024869
683400 296.767090 -25.596104 -20273.476562 3320.016357 55664.007812 1.024869
683500 296.767090 -25.596100 -20273.476562 3320.016357 55664.007812 1.024869
683600 296.767090 -25.596100 -20273.476562 3320.016357 55664.007812 1.024869
683700 296.767090 -25.596104 -20273.476562 3320.016357 55664.007812 1.024869
683800 296.767090 -25.596100 -20273.476562 3320.016357 55664.007812 1.024869
683900 296.767090 -25.596100 -20273.476562 3320.016357 55664.007812 1.024869
684000 296.767090 -25.596104 -20273.476562 3320.016357 55664.007812 1.024869
684100 296.767090 -25.596100 -20273.476562 3320.016357 55664.007812 1.024869
684200 296.767090 -25.596096 -20273.476562 3320.016357 55664.007812 1.024869
684300 296.767090 -25.596100 -20273.476562 3320.016357 55664.007812 1.024869
684400 296.767090 -25.596100 -20273.476562 3320.016357 55664.007812 1.024869
684500 296.767090 -25.596096 -20273.476562 3320.016357 55664.007812 1.024869
684600 296.767090 -25.596096 -20273.476562 3320.016357 55664.007812 1.024869
684700 296.767090 -25.596096 -20273.476562 3320.016357 55664.007812 1.024869
684800 296.767090 -25.596092 -20273.476562 3320.016357 55664.007812 1.024869
684900 296.767090 -25.596096 -20273.476562 3320.016357 55664.007812 1.024869
685000 296.767090 -25.596100 -20273.476562 3320.016357 55664.007812 1.024869
685100 296.767090 -25.596096 -20273.476562 3320.016357 55664.007812 1.024869
685200 296.767090 -25.596100 -20273.476562 3320.016357 55664.007812 1.024869
685300 296.767090 -25.596096 -20273.476562 3320.016357 55664.007812 1.024869
685400 296.767090 -25.596100 -20273.476562 3320.016357 55664.007812 1.024869
685500 296.767090 -25.596104 -20273.476562 3320.016357 55664.007812 1.024869
685600 296.767090 -25.596096 -20273.476562 3320.016357 55664.007812 1.024869
685700 296.767090 -25.596096 -20273.476562 3320.016357 55664.007812 1.024869
685800 296.767090 -25.596100 -20273.476562 3320.016357 55664.007812 1.024869
685900 296.767090 -25.596092 -20273.476562 3320.016357 55664.007812 1.024869
686000 296.767090 -25.596096 -20273.476562 3320.016357 55664.007812 1.024869
686100 296.767090 -25.596096 -20273.476562 3320.016357 55664.007812 1.024869
686200 296.767090 -25.596096 -20273.476562 3320.016357 55664.007812 1.024869
686300 296.767090 -25.596096 -20273.476562 3320.016357 55664.007812 1.024869
686400 296.767090 -25.596100 -20273.476562 3320.016357 55664.007812 1.024869
686500 296.767090 -25.596096 -20273.476562 3320.016357 55664.007812 1.024869
686600 296.767090 -25.596100 -20273.476562 3320.016357 55664.007812 1.024869
686700 296.767090 -25.596096 -20273.476562 3320.016357 55664.007812 1.024869
686800 296.767090 -25.596100 -20273.476562 3320.016357 55664.007812 1.024869
686900 296.767090 -25.596096 -20273.476562 3320.016357 55664.007812 1.024869
687000 296.767090 -25.596092 -20273.476562 3320.016357 55664.007812 1.024869
687100 296.767090 -25.596096 -20273.476562 3320.016357 55664.007812 1.024869
687200 296.767090 -25.596096 -20273.476562 3320.016357 55664.007812 1.024869
687300 296.767090 -25.596096 -20273.476562 3320.016357 55664.007812 1.024869
687400 296.767090 -25.596096 -20273.476562 3320.016357 55664.007812 1.024869
687500 296.767090 -25.596096 -20273.476562 3320.016357 55664.007812 1.024869
687600 296.767090 -25.596096 -20273.476562 3320.016357 55664.007812 1.024869
687700 296.767090 -25.596092 -20273.476562 3320.016357 55664.007812 1.024869
687800 296.767090 -25.596100 -20273.476562 3320.016357 55664.007812 1.024869
687900 296.767090 -25.596100 -20273.476562 3320.016357 55664.007812 1.024869
688000 296.767090 -25.596096 -20273.476562 3320.016357 55664.007812 1.024869
688100 296.767090 -25.596100 -20273.476562 3320.016357 55664.007812 1.024869
688200 296.767090 -25.596092 -20273.476562 3320.016357 55664.007812 1.024869
688300 296.767090 -25.596096 -20273.476562 3320.016357 55664.007812 1.024869
688400 296.767090 -25.596096 -20273.476562 3320.016357 55664.007812 1.024869
688500 296.767090 -25.596104 -20273.476562 3320.016357 55664.007812 1.024869
688600 296.767090 -25.596096 -20273.476562 3320.016357 55664.007812 1.024869
688700 296.767090 -25.596100 -20273.476562 3320.016357 55664.007812 1.024869
688800 296.767090 -25.596092 -20273.476562 3320.016357 55664.007812 1.024869
688900 296.767090 -25.596096 -20273.476562 3320.016357 55664.007812 1.024869
689000 296.767090 -25.596100 -20273.476562 3320.016357 55664.007812 1.024869
689100 296.767090 -25.596096 -20273.476562 3320.016357 55664.007812 1.024869
689200 296.767090 -25.596100 -20273.476562 3320.016357 55664.007812 1.024869
689300 296.767090 -25.596096 -20273.476562 3320.016357 55664.007812 1.024869
689400 296.767090 -25.596096 -20273.476562 3320.016357 55664.007812 1.024869
689500 296.767090 -25.596096 -20273.476562 3320.016357 55664.007812 1.024869
689600 296.767090 -25.596096 -20273.476562 3320.016357 55664.007812 1.024869
689700 296.767090 -25.596104 -20273.476562 3320.016357 55664.007812 1.024869
689800 296.767090 -25.596100 -20273.476562 3320.016357 55664.007812 1.024869
689900 296.767090 -25.596096 -20273.476562 3320.016357 55664.007812 1.024869
690000 296.767090 -25.596100 -20273.476562 3320.016357 55664.007812 1.024869
690100 296.767090 -25.596096 -20273.476562 3320.016357 55664.007812 1.024869
690200 296.767090 -25.596100 -20273.476562 3320.016357 55664.007812 1.024869
690300 296.767090 -25.596100 -20273.476562 3320.016357 55664.007812 1.024869
690400 296.767090 -25.596100 -20273.476562 3320.016357 55664.007812 1.024869
690500 296.767090 -25.596100 -20273.476562 3320.016357 55664.007812 1.024869
690600 296.767090 -25.596100 -20273.476562 3320.016357 55664.007812 1.024869
690700 296.767090 -25.596100 -20273.476562 3320.016357 55664.007812 1.024869
690800 296.767090 -25.596096 -20273.476562 3320.016357 55664.007812 1.024869
690900 296.767090 -25.596100 -20273.476562 3320.016357 55664.007812 1.024869
691000 296.767090 -25.596100 -20273.476562 3320.016357 55664.007812 1.024869
691100 296.767090 -25.596100 -20273.476562 3320.016357 55664.007812 1.024869
691200 296.767090 -25.596100 -20273.476562 3320.016357 55664.007812 1.024869
691300 296.767090 -25.596100 -20273.476562 3320.016357 55664.007812 1.024869
691400 296.767090 -25.596100 -20273.476562 3320.016357 55664.007812 1.024869
691500 296.767090 -25.596096 -20273.476562 3320.016357 55664.007812 1.024869
691600 296.767090 -25.596100 -20273.476562 3320.016357 55664.007812 1.024869
691700 296.767090 -25.596100 -20273.476562 3320.016357 55664.007812 1.024869
691800 296.767090 -25.596100 -20273.476562 3320.016357 55664.007812 1.024869
691900 296.767090 -25.596104 -20273.476562 3320.016357 55664.007812 1.024869
692000 296.767090 -25.596096 -20273.476562 3320.016357 55664.007812 1.024869
692100 296.767090 -25.596096 -20273.476562 3320.016357 55664.007812 1.024869
692200 296.767090 -25.596096 -20273.476562 3320.016357 55664.007812 1.024869
692300 296.767090 -25.596096 -20273.476562 3320.016357 55664.007812 1.024869
692400 296.767090 -25.596100 -20273.476562 3320.016357 55664.007812 1.024869
692500 296.767090 -25.596092 -20273.476562 3320.016357 55664.007812 1.024869
692600 296.767090 -25.596096 -20273.476562 3320.016357 55664.007812 1.024869
692700 296.767090 -25.596096 -20273.476562 3320.016357 55664.007812 1.024869
692800 296.767090 -25.596096 -20273.476562 3320.016357 55664.007812 1.024869
692900 296.767090 -25.596092 -20273.476562 3320.016357 55664.007812 1.024869
693000 296.767090 -25.596096 -20273.476562 3320.016357 55664.007812 1.024869
693100 296.767090 -25.596100 -20273.476562 3320.016357 55664.007812 1.024869
693200 296.767090 -25.596092 -20273.476562 3320.016357 55664.007812 1.024869
693300 296.767090 -25.596100 -20273.476562 3320.016357 55664.007812 1.024869
693400 296.767090 -25.596100 -20273.476562 3320.016357 55664.007812 1.024869
693500 296.767090 -25.596100 -20273.476562 3320.016357 55664.007812 1.024869
693600 296.767090 -25.596100 -20273.476562 3320.016357 55664.007812 1.024869
693700 296.767090 -25.596100 -20273.476562 3320.016357 55664.007812 1.024869
693800 296.767090 -25.596104 -20273.476562 3320.016357 55664.007812 1.024869
693900 296.767090 -25.596100 -20273.476562 3320.016357 55664.007812 1.024869
694000 296.767090 -25.596104 -20273.476562 3320.016357 55664.007812 1.024869
694100 296.767090 -25.596104 -20273.476562 3320.016357 55664.007812 1.024869
694200 296.767090 -25.596096 -20273.476562 3320.016357 55664.007812 1.024869
694300 296.767090 -25.596096 -20273.476562 3320.016357 55664.007812 1.024869
694400 296.767090 -25.596096 -20273.476562 3320.016357 55664.007812 1.024869
694500 296.767090 -25.596096 -20273.476562 3320.016357 55664.007812 1.024869
694600 296.767090 -25.596096 -20273.476562 3320.016357 55664.007812 1.024869
694700 296.767090 -25.596096 -20273.476562 3320.016357 55664.007812 1.024869
694800 296.767090 -25.596100 -20273.476562 3320.016357 55664.007812 1.024869
694900 296.767090 -25.596096 -20273.476562 3320.016357 55664.007812 1.024869
695000 296.767090 -25.596096 -20273.476562 3320.016357 55664.007812 1.024869
695100 296.767090 -25.596092 -20273.476562 3320.016357 55664.007812 1.024869
695200 296.767090 -25.596100 -20273.476562 3320.016357 55664.007812 1.024869
695300 296.767090 -25.596100 -20273.476562 3320.016357 55664.007812 1.024869
695400 296.767090 -25.596100 -20273.476562 3320.016357 55664.007812 1.024869
695500 296.767090 -25.596104 -20273.476562 3320.016357 55664.007812 1.024869
695600 296.767090 -25.596100 -20273.476562 3320.016357 55664.007812 1.024869
695700 296.767090 -25.596100 -20273.476562 3320.016357 55664.007812 1.024869
695800 296.767090 -25.596092 -20273.476562 3320.016357 55664.007812 1.024869
695900 296.767090 -25.596096 -20273.476562 3320.016357 55664.007812 1.024869
696000 296.767090 -25.596096 -20273.476562 3320.016357 55664.007812 1.024869
696100 296.767090 -25.596096 -20273.476562 3320.016357 55664.007812 1.024869
696200 296.767090 -25.596096 -20273.476562 3320.016357 55664.007812 1.024869
696300 296.767090 -25.596096 -20273.476562 3320.016357 55664.007812 1.024869
696400 296.767090 -25.596092 -20273.476562 3320.016357 55664.007812 1.024869
696500 296.767090 -25.596100 -20273.476562 3320.016357 55664.007812 1.024869
696600 296.767090 -25.596092 -20273.476562 3320.016357 55664.007812 1.024869
696700 296.767090 -25.596100 -20273.476562 3320.016357 55664.007812 1.024869
696800 296.767090 -25.596096 -20273.476562 3320.016357 55664.007812 1.024869
696900 296.767090 -25.596096 -20273.476562 3320.016357 55664.007812 1.024869
697000 296.767090 -25.596096 -20273.476562 3320.016357 55664.007812 1.024869
697100 296.767090 -25.596096 -20273.476562 3320.016357 55664.007812 1.024869
697200 296.767090 -25.596100 -20273.476562 3320.016357 55664.007812 1.024869
697300 296.767090 -25.596100 -20273.476562 3320.016357 55664.007812 1.024869
697400 296.767090 -25.596100 -20273.476562 3320.016357 55664.007812 1.024869
697500 296.767090 -25.596100 -20273.476562 3320.016357 55664.007812 1.024869
697600 296.767090 -25.596100 -20273.476562 3320.016357 55664.007812 1.024869
697700 296.767090 -25.596096 -20273.476562 3320.016357 55664.007812 1.024869
697800 296.767090 -25.596100 -20273.476562 3320.016357 55664.007812 1.024869
697900 296.767090 -25.596096 -20273.476562 3320.016357 55664.007812 1.024869
698000 296.767090 -25.596104 -20273.476562 3320.016357 55664.007812 1.024869
698100 296.767090 -25.596104 -20273.476562 3320.016357 55664.007812 1.024869
698200 296.767090 -25.596104 -20273.476562 3320.016357 55664.007812 1.024869
698300 296.767090 -25.596096 -20273.476562 3320.016357 55664.007812 1.024869
698400 296.767090 -25.596092 -20273.476562 3320.016357 55664.007812 1.024869
698500 296.767090 -25.596096 -20273.476562 3320.016357 55664.007812 1.024869
698600 296.767090 -25.596096 -20273.476562 3320.016357 55664.007812 1.024869
698700 296.767090 -25.596096 -20273.476562 3320.016357 55664.007812 1.024869
698800 296.767090 -25.596096 -20273.476562 3320.016357 55664.007812 1.024869
698900 296.767090 -25.596104 -20273.476562 3320.016357 55664.007812 1.024869
699000 296.767090 -25.596104 -20273.476562 3320.016357 55664.007812 1.024869
699100 296.767090 -25.596092 -20273.476562 3320.016357 55664.007812 1.024869
699200 296.767090 -25.596100 -20273.476562 3320.016357 55664.007812 1.024869
699300 296.767090 -25.596092 -20273.476562 3320.016357 55664.007812 1.024869
699400 296.767090 -25.596100 -20273.476562 3320.016357 55664.007812 1.024869
699500 296.767090 -25.596096 -20273.476562 3320.016357 55664.007812 1.024869
699600 296.767090 -25.596096 -20273.476562 3320.016357 55664.007812 1.024869
699700 296.767090 -25.596096 -20273.476562 3320.016357 55664.007812 1.024869
699800 296.767090 -25.596096 -20273.476562 3320.016357 55664.007812 1.024869
699900 296.767090 -25.596096 -20273.476562 3320.016357 55664.007812 1.024869
700000 296.767090 -25.596096 -20273.476562 3320.016357 55664.007812 1.024869
