# TimeStep Temp Press PotEng KinEng Volume Density
0 297.02 -49.26 -21156.12 3350.00 54000.00 1.0454
100 298.12 -160.06 -21066.20 3350.00 54000.00 1.0470
200 298.72 -168.28 -21041.08 3350.00 54000.00 1.0473
300 299.14 -163.48 -21015.00 3350.00 54000.00 1.0476
400 299.42 -153.80 -20991.49 3350.00 54000.00 1.0477
500 299.61 -143.31 -20971.89 3350.00 54000.00 1.0477
600 299.73 -133.70 -20956.38 3350.00 54000.00 1.0477
700 299.82 -125.58 -20944.50 3350.00 54000.00 1.0477
800 299.87 -119.02 -20935.63 3350.00 54000.00 1.0477
900 299.91 -113.86 -20929.12 3350.00 54000.00 1.0477
1000 299.94 -109.89 -20924.43 3350.00 54000.00 1.0476
1100 299.96 -106.86 -20921.09 3350.00 54000.00 1.0476
1200 299.97 -104.55 -20918.73 3350.00 54000.00 1.0476
1300 299.98 -102.80 -20917.08 3350.00 54000.00 1.0476
1400 299.99 -101.48 -20915.94 3350.00 54000.00 1.0476
1500 299.99 -100.46 -20915.16 3350.00 54000.00 1.0476
1600 300.00 -99.69 -20914.63 3350.00 54000.00 1.0476
1700 300.00 -99.09 -20914.28 3350.00 54000.00 1.0476
1800 300.00 -98.62 -20914.05 3350.00 54000.00 1.0476
1900 300.01 -98.25 -20913.89 3350.00 54000.00 1.0477
2000 300.01 -97.96 -20913.80 3350.00 54000.00 1.0477
2100 300.01 -97.73 -20913.75 3350.00 54000.00 1.0477
2200 300.01 -97.53 -20913.74 3350.00 54000.00 1.0477
2300 300.01 -97.37 -20913.74 3350.00 54000.00 1.0477
2400 300.01 -97.24 -20913.75 3350.00 54000.00 1.0477
2500 300.01 -97.12 -20913.77 3350.00 54000.00 1.0477
2600 300.01 -97.02 -20913.79 3350.00 54000.00 1.0477
2700 300.01 -96.94 -20913.81 3350.00 54000.00 1.0477
2800 300.01 -96.86 -20913.85 3350.00 54000.00 1.0477
2900 300.01 -96.79 -20913.88 3350.00 54000.00 1.0477
3000 300.01 -96.73 -20913.91 3350.00 54000.00 1.0477
3100 300.01 -96.67 -20913.94 3350.00 54000.00 1.0477
3200 300.01 -96.62 -20913.97 3350.00 54000.00 1.0477
3300 300.01 -96.57 -20914.00 3350.00 54000.00 1.0477
3400 300.01 -96.53 -20914.03 3350.00 54000.00 1.0477
3500 300.01 -96.48 -20914.05 3350.00 54000.00 1.0477
3600 300.01 -96.44 -20914.08 3350.00 54000.00 1.0477
3700 300.01 -96.41 -20914.11 3350.00 54000.00 1.0477
3800 300.01 -96.37 -20914.13 3350.00 54000.00 1.0477
3900 300.01 -96.34 -20914.15 3350.00 54000.00 1.0477
4000 300.01 -96.30 -20914.17 3350.00 54000.00 1.0477
4100 300.01 -96.28 -20914.20 3350.00 54000.00 1.0477
4200 300.01 -96.25 -20914.22 3350.00 54000.00 1.0477
4300 300.01 -96.21 -20914.24 3350.00 54000.00 1.0477
4400 300.01 -96.18 -20914.26 3350.00 54000.00 1.0477
4500 300.01 -96.16 -20914.28 3350.00 54000.00 1.0477
4600 300.01 -96.13 -20914.29 3350.00 54000.00 1.0477
4700 300.01 -96.11 -20914.31 3350.00 54000.00 1.0477
4800 300.01 -96.09 -20914.33 3350.00 54000.00 1.0477
4900 300.01 -96.06 -20914.34 3350.00 54000.00 1.0477
5000 300.01 -96.04 -20914.35 3350.00 54000.00 1.0477
5100 300.01 -96.01 -20914.36 3350.00 54000.00 1.0477
5200 300.01 -95.99 -20914.38 3350.00 54000.00 1.0477
5300 300.01 -95.97 -20914.39 3350.00 54000.00 1.0477
5400 300.01 -95.95 -20914.40 3350.00 54000.00 1.0477
5500 300.01 -95.93 -20914.42 3350.00 54000.00 1.0477
5600 300.01 -95.91 -20914.43 3350.00 54000.00 1.0477
5700 300.01 -95.89 -20914.44 3350.00 54000.00 1.0477
5800 300.01 -95.88 -20914.45 3350.00 54000.00 1.0477
5900 300.01 -95.86 -20914.46 3350.00 54000.00 1.0477
6000 300.01 -95.85 -20914.47 3350.00 54000.00 1.0477
6100 300.01 -95.83 -20914.48 3350.00 54000.00 1.0477
6200 300.01 -95.82 -20914.49 3350.00 54000.00 1.0477
6300 300.01 -95.81 -20914.50 3350.00 54000.00 1.0477
6400 300.01 -95.79 -20914.51 3350.00 54000.00 1.0477
6500 300.01 -95.78 -20914.51 3350.00 54000.00 1.0477
6600 300.01 -95.76 -20914.52 3350.00 54000.00 1.0477
6700 300.01 -95.75 -20914.52 3350.00 54000.00 1.0477
6800 300.01 -95.74 -20914.53 3350.00 54000.00 1.0477
6900 300.01 -95.72 -20914.54 3350.00 54000.00 1.0477
7000 300.01 -95.71 -20914.56 3350.00 54000.00 1.0477
7100 300.01 -95.70 -20914.56 3350.00 54000.00 1.0477
7200 300.01 -95.69 -20914.57 3350.00 54000.00 1.0477
7300 300.01 -95.68 -20914.57 3350.00 54000.00 1.0477
7400 300.01 -95.67 -20914.58 3350.00 54000.00 1.0477
7500 300.01 -95.66 -20914.59 3350.00 54000.00 1.0477
7600 300.01 -95.65 -20914.59 3350.00 54000.00 1.0477
7700 300.01 -95.64 -20914.59 3350.00 54000.00 1.0477
7800 300.01 -95.63 -20914.59 3350.00 54000.00 1.0477
7900 300.01 -95.62 -20914.60 3350.00 54000.00 1.0477
8000 300.01 -95.61 -20914.60 3350.00 54000.00 1.0477
8100 300.01 -95.60 -20914.61 3350.00 54000.00 1.0477
8200 300.01 -95.59 -20914.61 3350.00 54000.00 1.0477
8300 300.01 -95.58 -20914.62 3350.00 54000.00 1.0477
8400 300.01 -95.57 -20914.62 3350.00 54000.00 1.0477
8500 300.01 -95.57 -20914.62 3350.00 54000.00 1.0477
8600 300.01 -95.56 -20914.63 3350.00 54000.00 1.0477
8700 300.01 -95.55 -20914.63 3350.00 54000.00 1.0477
8800 300.01 -95.54 -20914.64 3350.00 54000.00 1.0477
8900 300.01 -95.54 -20914.64 3350.00 54000.00 1.0477
9000 300.01 -95.53 -20914.65 3350.00 54000.00 1.0477
9100 300.01 -95.53 -20914.65 3350.00 54000.00 1.0477
9200 300.01 -95.52 -20914.65 3350.00 54000.00 1.0477
9300 300.01 -95.51 -20914.65 3350.00 54000.00 1.0477
9400 300.01 -95.51 -20914.65 3350.00 54000.00 1.0477
9500 300.01 -95.50 -20914.66 3350.00 54000.00 1.0477
9600 300.01 -95.49 -20914.66 3350.00 54000.00 1.0477
9700 300.01 -95.49 -20914.66 3350.00 54000.00 1.0477
9800 300.01 -95.48 -20914.66 3350.00 54000.00 1.0477
9900 300.01 -95.48 -20914.66 3350.00 54000.00 1.0477
10000 300.01 -95.47 -20914.67 3350.00 54000.00 1.0477
10100 300.01 -95.46 -20914.67 3350.00 54000.00 1.0477
10200 300.01 -95.46 -20914.67 3350.00 54000.00 1.0477
10300 300.01 -95.45 -20914.67 3350.00 54000.00 1.0477
10400 300.01 -95.45 -20914.67 3350.00 54000.00 1.0477
10500 300.01 -95.44 -20914.67 3350.00 54000.00 1.0477
10600 300.01 -95.44 -20914.67 3350.00 54000.00 1.0477
10700 300.01 -95.43 -20914.68 3350.00 54000.00 1.0477
10800 300.01 -95.43 -20914.68 3350.00 54000.00 1.0477
10900 300.01 -95.43 -20914.69 3350.00 54000.00 1.0477
11000 300.01 -95.42 -20914.69 3350.00 54000.00 1.0477
11100 300.01 -95.42 -20914.69 3350.00 54000.00 1.0477
11200 300.01 -95.42 -20914.69 3350.00 54000.00 1.0477
11300 300.01 -95.41 -20914.70 3350.00 54000.00 1.0477
11400 300.01 -95.41 -20914.70 3350.00 54000.00 1.0477
11500 300.01 -95.41 -20914.70 3350.00 54000.00 1.0477
11600 300.01 -95.41 -20914.70 3350.00 54000.00 1.0477
11700 300.01 -95.40 -20914.70 3350.00 54000.00 1.0477
11800 300.01 -95.40 -20914.70 3350.00 54000.00 1.0477
11900 300.01 -95.40 -20914.70 3350.00 54000.00 1.0477
12000 300.01 -95.39 -20914.70 3350.00 54000.00 1.0477
12100 300.01 -95.39 -20914.71 3350.00 54000.00 1.0477
12200 300.01 -95.39 -20914.71 3350.00 54000.00 1.0477
12300 300.01 -95.38 -20914.71 3350.00 54000.00 1.0477
12400 300.01 -95.38 -20914.71 3350.00 54000.00 1.0477
12500 300.01 -95.37 -20914.71 3350.00 54000.00 1.0477
12600 300.01 -95.37 -20914.70 3350.00 54000.00 1.0477
12700 300.01 -95.37 -20914.70 3350.00 54000.00 1.0477
12800 300.01 -95.36 -20914.70 3350.00 54000.00 1.0477
12900 300.01 -95.36 -20914.70 3350.00 54000.00 1.0477
13000 300.01 -95.36 -20914.70 3350.00 54000.00 1.0477
13100 300.01 -95.36 -20914.71 3350.00 54000.00 1.0477
13200 300.01 -95.35 -20914.71 3350.00 54000.00 1.0477
13300 300.01 -95.35 -20914.71 3350.00 54000.00 1.0477
13400 300.01 -95.35 -20914.71 3350.00 54000.00 1.0477
13500 300.01 -95.35 -20914.71 3350.00 54000.00 1.0477
13600 300.01 -95.34 -20914.71 3350.00 54000.00 1.0477
13700 300.01 -95.34 -20914.71 3350.00 54000.00 1.0477
13800 300.01 -95.34 -20914.71 3350.00 54000.00 1.0477
13900 300.01 -95.34 -20914.71 3350.00 54000.00 1.0477
14000 300.01 -95.33 -20914.71 3350.00 54000.00 1.0477
14100 300.01 -95.33 -20914.72 3350.00 54000.00 1.0477
14200 300.01 -95.33 -20914.72 3350.00 54000.00 1.0477
14300 300.01 -95.33 -20914.72 3350.00 54000.00 1.0477
14400 300.01 -95.33 -20914.73 3350.00 54000.00 1.0477
14500 300.01 -95.33 -20914.73 3350.00 54000.00 1.0477
14600 300.01 -95.32 -20914.73 3350.00 54000.00 1.0477
14700 300.01 -95.32 -20914.73 3350.00 54000.00 1.0477
14800 300.01 -95.32 -20914.73 3350.00 54000.00 1.0477
14900 300.01 -95.32 -20914.73 3350.00 54000.00 1.0477
15000 300.01 -95.32 -20914.73 3350.00 54000.00 1.0477
15100 300.01 -95.32 -20914.73 3350.00 54000.00 1.0477
15200 300.01 -95.31 -20914.73 3350.00 54000.00 1.0477
15300 300.01 -95.31 -20914.73 3350.00 54000.00 1.0477
15400 300.01 -95.31 -20914.73 3350.00 54000.00 1.0477
15500 300.01 -95.31 -20914.73 3350.00 54000.00 1.0477
15600 300.01 -95.31 -20914.73 3350.00 54000.00 1.0477
15700 300.01 -95.30 -20914.73 3350.00 54000.00 1.0477
15800 300.01 -95.30 -20914.73 3350.00 54000.00 1.0477
15900 300.01 -95.30 -20914.73 3350.00 54000.00 1.0477
16000 300.01 -95.30 -20914.73 3350.00 54000.00 1.0477
16100 300.01 -95.29 -20914.73 3350.00 54000.00 1.0477
16200 300.01 -95.29 -20914.74 3350.00 54000.00 1.0477
16300 300.01 -95.29 -20914.74 3350.00 54000.00 1.0477
16400 300.01 -95.29 -20914.74 3350.00 54000.00 1.0477
16500 300.01 -95.29 -20914.74 3350.00 54000.00 1.0477
16600 300.01 -95.29 -20914.74 3350.00 54000.00 1.0477
16700 300.01 -95.29 -20914.74 3350.00 54000.00 1.0477
16800 300.01 -95.29 -20914.74 3350.00 54000.00 1.0477
16900 300.01 -95.29 -20914.74 3350.00 54000.00 1.0477
17000 300.01 -95.29 -20914.74 3350.00 54000.00 1.0477
17100 300.01 -95.29 -20914.74 3350.00 54000.00 1.0477
17200 300.01 -95.29 -20914.75 3350.00 54000.00 1.0477
17300 300.01 -95.29 -20914.75 3350.00 54000.00 1.0477
17400 300.01 -95.28 -20914.75 3350.00 54000.00 1.0477
17500 300.01 -95.28 -20914.75 3350.00 54000.00 1.0477
17600 300.01 -95.28 -20914.75 3350.00 54000.00 1.0477
17700 300.01 -95.28 -20914.75 3350.00 54000.00 1.0477
17800 300.01 -95.28 -20914.75 3350.00 54000.00 1.0477
17900 300.01 -95.28 -20914.75 3350.00 54000.00 1.0477
18000 300.01 -95.28 -20914.76 3350.00 54000.00 1.0477
18100 300.01 -95.28 -20914.76 3350.00 54000.00 1.0477
18200 300.01 -95.28 -20914.76 3350.00 54000.00 1.0477
18300 300.01 -95.28 -20914.76 3350.00 54000.00 1.0477
18400 300.01 -95.28 -20914.76 3350.00 54000.00 1.0477
18500 300.01 -95.28 -20914.76 3350.00 54000.00 1.0477
18600 300.01 -95.27 -20914.76 3350.00 54000.00 1.0477
18700 300.01 -95.27 -20914.76 3350.00 54000.00 1.0477
18800 300.01 -95.27 -20914.76 3350.00 54000.00 1.0477
18900 300.01 -95.27 -20914.76 3350.00 54000.00 1.0477
19000 300.01 -95.27 -20914.76 3350.00 54000.00 1.0477
19100 300.01 -95.27 -20914.76 3350.00 54000.00 1.0477
19200 300.01 -95.27 -20914.76 3350.00 54000.00 1.0477
19300 300.01 -95.27 -20914.75 3350.00 54000.00 1.0477
19400 300.01 -95.26 -20914.75 3350.00 54000.00 1.0477
19500 300.01 -95.26 -20914.75 3350.00 54000.00 1.0477
19600 300.01 -95.26 -20914.75 3350.00 54000.00 1.0477
19700 300.01 -95.26 -20914.75 3350.00 54000.00 1.0477
19800 300.01 -95.26 -20914.75 3350.00 54000.00 1.0477
19900 300.01 -95.26 -20914.75 3350.00 54000.00 1.0477
20000 300.01 -95.26 -20914.75 3350.00 54000.00 1.0477
20100 300.01 -95.26 -20914.75 3350.00 54000.00 1.0477
20200 300.01 -95.26 -20914.75 3350.00 54000.00 1.0477
20300 300.01 -95.26 -20914.75 3350.00 54000.00 1.0477
20400 300.01 -95.26 -20914.75 3350.00 54000.00 1.0477
20500 300.01 -95.26 -20914.75 3350.00 54000.00 1.0477
20600 300.01 -95.26 -20914.75 3350.00 54000.00 1.0477
20700 300.01 -95.26 -20914.75 3350.00 54000.00 1.0477
20800 300.01 -95.26 -20914.75 3350.00 54000.00 1.0477
20900 300.01 -95.25 -20914.75 3350.00 54000.00 1.0477
21000 300.01 -95.25 -20914.75 3350.00 54000.00 1.0477
21100 300.01 -95.25 -20914.75 3350.00 54000.00 1.0477
21200 300.01 -95.25 -20914.75 3350.00 54000.00 1.0477
21300 300.01 -95.25 -20914.75 3350.00 54000.00 1.0477
21400 300.01 -95.25 -20914.75 3350.00 54000.00 1.0477
21500 300.01 -95.25 -20914.75 3350.00 54000.00 1.0477
21600 300.01 -95.25 -20914.75 3350.00 54000.00 1.0477
21700 300.01 -95.25 -20914.75 3350.00 54000.00 1.0477
21800 300.01 -95.25 -20914.75 3350.00 54000.00 1.0477
21900 300.01 -95.25 -20914.75 3350.00 54000.00 1.0477
22000 300.01 -95.25 -20914.75 3350.00 54000.00 1.0477
22100 300.01 -95.25 -20914.75 3350.00 54000.00 1.0477
22200 300.01 -95.25 -20914.75 3350.00 54000.00 1.0477
22300 300.01 -95.25 -20914.75 3350.00 54000.00 1.0477
22400 300.01 -95.25 -20914.75 3350.00 54000.00 1.0477
22500 300.01 -95.25 -20914.75 3350.00 54000.00 1.0477
22600 300.01 -95.25 -20914.75 3350.00 54000.00 1.0477
22700 300.01 -95.25 -20914.75 3350.00 54000.00 1.0477
22800 300.01 -95.24 -20914.75 3350.00 54000.00 1.0477
22900 300.01 -95.24 -20914.75 3350.00 54000.00 1.0477
23000 300.01 -95.24 -20914.76 3350.00 54000.00 1.0477
23100 300.01 -95.24 -20914.76 3350.00 54000.00 1.0477
23200 300.01 -95.24 -20914.76 3350.00 54000.00 1.0477
23300 300.01 -95.24 -20914.76 3350.00 54000.00 1.0477
23400 300.01 -95.24 -20914.76 3350.00 54000.00 1.0477
23500 300.01 -95.24 -20914.76 3350.00 54000.00 1.0477
23600 300.01 -95.24 -20914.76 3350.00 54000.00 1.0477
23700 300.01 -95.24 -20914.76 3350.00 54000.00 1.0477
23800 300.01 -95.24 -20914.76 3350.00 54000.00 1.0477
23900 300.01 -95.24 -20914.76 3350.00 54000.00 1.0477
24000 300.01 -95.24 -20914.76 3350.00 54000.00 1.0477
24100 300.01 -95.24 -20914.76 3350.00 54000.00 1.0477
24200 300.01 -95.24 -20914.76 3350.00 54000.00 1.0477
24300 300.01 -95.24 -20914.76 3350.00 54000.00 1.0477
24400 300.01 -95.24 -20914.76 3350.00 54000.00 1.0477
24500 300.01 -95.24 -20914.76 3350.00 54000.00 1.0477
24600 300.01 -95.24 -20914.76 3350.00 54000.00 1.0477
24700 300.01 -95.24 -20914.76 3350.00 54000.00 1.0477
24800 300.01 -95.24 -20914.76 3350.00 54000.00 1.0477
24900 300.01 -95.23 -20914.76 3350.00 54000.00 1.0477
25000 300.01 -95.23 -20914.76 3350.00 54000.00 1.0477
25100 300.01 -95.24 -20914.76 3350.00 54000.00 1.0477
25200 300.01 -95.24 -20914.76 3350.00 54000.00 1.0477
25300 300.01 -95.24 -20914.76 3350.00 54000.00 1.0477
25400 300.01 -95.24 -20914.76 3350.00 54000.00 1.0477
25500 300.01 -95.23 -20914.76 3350.00 54000.00 1.0477
25600 300.01 -95.23 -20914.76 3350.00 54000.00 1.0477
25700 300.01 -95.23 -20914.76 3350.00 54000.00 1.0477
25800 300.01 -95.23 -20914.76 3350.00 54000.00 1.0477
25900 300.01 -95.23 -20914.76 3350.00 54000.00 1.0477
26000 300.01 -95.23 -20914.76 3350.00 54000.00 1.0477
26100 300.01 -95.23 -20914.76 3350.00 54000.00 1.0477
26200 300.01 -95.23 -20914.76 3350.00 54000.00 1.0477
26300 300.01 -95.23 -20914.76 3350.00 54000.00 1.0477
26400 300.01 -95.23 -20914.76 3350.00 54000.00 1.0477
26500 300.01 -95.23 -20914.76 3350.00 54000.00 1.0477
26600 300.01 -95.23 -20914.76 3350.00 54000.00 1.0477
26700 300.01 -95.23 -20914.76 3350.00 54000.00 1.0477
26800 300.01 -95.23 -20914.76 3350.00 54000.00 1.0477
26900 300.01 -95.23 -20914.76 3350.00 54000.00 1.0477
27000 300.01 -95.23 -20914.76 3350.00 54000.00 1.0477
27100 300.01 -95.23 -20914.77 3350.00 54000.00 1.0477
27200 300.01 -95.23 -20914.77 3350.00 54000.00 1.0477
27300 300.01 -95.23 -20914.77 3350.00 54000.00 1.0477
27400 300.01 -95.23 -20914.76 3350.00 54000.00 1.0477
27500 300.01 -95.23 -20914.76 3350.00 54000.00 1.0477
27600 300.01 -95.23 -20914.77 3350.00 54000.00 1.0477
27700 300.01 -95.23 -20914.76 3350.00 54000.00 1.0477
27800 300.01 -95.23 -20914.77 3350.00 54000.00 1.0477
27900 300.01 -95.23 -20914.77 3350.00 54000.00 1.0477
28000 300.01 -95.23 -20914.77 3350.00 54000.00 1.0477
28100 300.01 -95.23 -20914.77 3350.00 54000.00 1.0477
28200 300.01 -95.23 -20914.77 3350.00 54000.00 1.0477
28300 300.01 -95.23 -20914.77 3350.00 54000.00 1.0477
28400 300.01 -95.23 -20914.77 3350.00 54000.00 1.0477
28500 300.01 -95.23 -20914.77 3350.00 54000.00 1.0477
28600 300.01 -95.23 -20914.77 3350.00 54000.00 1.0477
28700 300.01 -95.23 -20914.77 3350.00 54000.00 1.0477
28800 300.01 -95.23 -20914.77 3350.00 54000.00 1.0477
28900 300.01 -95.23 -20914.77 3350.00 54000.00 1.0477
29000 300.01 -95.23 -20914.77 3350.00 54000.00 1.0477
29100 300.01 -95.23 -20914.77 3350.00 54000.00 1.0477
29200 300.01 -95.23 -20914.77 3350.00 54000.00 1.0477
29300 300.01 -95.23 -20914.77 3350.00 54000.00 1.0477
29400 300.01 -95.23 -20914.77 3350.00 54000.00 1.0477
29500 300.01 -95.23 -20914.77 3350.00 54000.00 1.0477
29600 300.01 -95.23 -20914.77 3350.00 54000.00 1.0477
29700 300.01 -95.23 -20914.77 3350.00 54000.00 1.0477
29800 300.01 -95.23 -20914.77 3350.00 54000.00 1.0477
29900 300.01 -95.23 -20914.77 3350.00 54000.00 1.0477
30000 300.01 -95.23 -20914.77 3350.00 54000.00 1.0477
30100 300.01 -95.23 -20914.77 3350.00 54000.00 1.0477
30200 300.01 -95.23 -20914.77 3350.00 54000.00 1.0477
30300 300.01 -95.23 -20914.77 3350.00 54000.00 1.0477
30400 300.01 -95.23 -20914.77 3350.00 54000.00 1.0477
30500 300.01 -95.23 -20914.77 3350.00 54000.00 1.0477
30600 300.01 -95.23 -20914.77 3350.00 54000.00 1.0477
30700 300.01 -95.23 -20914.77 3350.00 54000.00 1.0477
30800 300.01 -95.23 -20914.77 3350.00 54000.00 1.0477
30900 300.01 -95.23 -20914.76 3350.00 54000.00 1.0477
31000 300.01 -95.23 -20914.76 3350.00 54000.00 1.0477
31100 300.01 -95.23 -20914.76 3350.00 54000.00 1.0477
31200 300.01 -95.23 -20914.76 3350.00 54000.00 1.0477
31300 300.01 -95.22 -20914.76 3350.00 54000.00 1.0477
31400 300.01 -95.22 -20914.76 3350.00 54000.00 1.0477
31500 300.01 -95.22 -20914.76 3350.00 54000.00 1.0477
31600 300.01 -95.22 -20914.76 3350.00 54000.00 1.0477
31700 300.01 -95.22 -20914.76 3350.00 54000.00 1.0477
31800 300.01 -95.22 -20914.76 3350.00 54000.00 1.0477
31900 300.01 -95.22 -20914.76 3350.00 54000.00 1.0477
32000 300.01 -95.22 -20914.76 3350.00 54000.00 1.0477
32100 300.01 -95.22 -20914.76 3350.00 54000.00 1.0477
32200 300.01 -95.22 -20914.76 3350.00 54000.00 1.0477
32300 300.01 -95.22 -20914.76 3350.00 54000.00 1.0477
32400 300.01 -95.22 -20914.76 3350.00 54000.00 1.0477
32500 300.01 -95.22 -20914.76 3350.00 54000.00 1.0477
32600 300.01 -95.22 -20914.76 3350.00 54000.00 1.0477
32700 300.01 -95.22 -20914.76 3350.00 54000.00 1.0477
32800 300.01 -95.22 -20914.76 3350.00 54000.00 1.0477
32900 300.01 -95.22 -20914.76 3350.00 54000.00 1.0477
33000 300.01 -95.22 -20914.76 3350.00 54000.00 1.0477
33100 300.01 -95.22 -20914.76 3350.00 54000.00 1.0477
33200 300.01 -95.22 -20914.76 3350.00 54000.00 1.0477
33300 300.01 -95.22 -20914.76 3350.00 54000.00 1.0477
33400 300.01 -95.22 -20914.76 3350.00 54000.00 1.0477
33500 300.01 -95.22 -20914.76 3350.00 54000.00 1.0477
33600 300.01 -95.22 -20914.76 3350.00 54000.00 1.0477
33700 300.01 -95.22 -20914.76 3350.00 54000.00 1.0477
33800 300.01 -95.22 -20914.76 3350.00 54000.00 1.0477
33900 300.01 -95.22 -20914.76 3350.00 54000.00 1.0477
34000 300.01 -95.22 -20914.76 3350.00 54000.00 1.0477
34100 300.01 -95.22 -20914.76 3350.00 54000.00 1.0477
34200 300.01 -95.22 -20914.76 3350.00 54000.00 1.0477
34300 300.01 -95.22 -20914.76 3350.00 54000.00 1.0477
34400 300.01 -95.22 -20914.76 3350.00 54000.00 1.0477
34500 300.01 -95.22 -20914.76 3350.00 54000.00 1.0477
34600 300.01 -95.22 -20914.76 3350.00 54000.00 1.0477
34700 300.01 -95.22 -20914.76 3350.00 54000.00 1.0477
34800 300.01 -95.22 -20914.76 3350.00 54000.00 1.0477
34900 300.01 -95.22 -20914.76 3350.00 54000.00 1.0477
35000 300.01 -95.22 -20914.76 3350.00 54000.00 1.0477
35100 300.01 -95.22 -20914.76 3350.00 54000.00 1.0477
35200 300.01 -95.22 -20914.76 3350.00 54000.00 1.0477
35300 300.01 -95.22 -20914.76 3350.00 54000.00 1.0477
35400 300.01 -95.22 -20914.77 3350.00 54000.00 1.0477
35500 300.01 -95.22 -20914.77 3350.00 54000.00 1.0477
35600 300.01 -95.22 -20914.77 3350.00 54000.00 1.0477
35700 300.01 -95.22 -20914.77 3350.00 54000.00 1.0477
35800 300.01 -95.22 -20914.77 3350.00 54000.00 1.0477
35900 300.01 -95.22 -20914.77 3350.00 54000.00 1.0477
36000 300.01 -95.22 -20914.77 3350.00 54000.00 1.0477
36100 300.01 -95.22 -20914.77 3350.00 54000.00 1.0477
36200 300.01 -95.22 -20914.77 3350.00 54000.00 1.0477
36300 300.01 -95.22 -20914.77 3350.00 54000.00 1.0477
36400 300.01 -95.22 -20914.77 3350.00 54000.00 1.0477
36500 300.01 -95.22 -20914.77 3350.00 54000.00 1.0477
36600 300.01 -95.22 -20914.77 3350.00 54000.00 1.0477
36700 300.01 -95.22 -20914.77 3350.00 54000.00 1.0477
36800 300.01 -95.22 -20914.76 3350.00 54000.00 1.0477
36900 300.01 -95.22 -20914.76 3350.00 54000.00 1.0477
37000 300.01 -95.22 -20914.76 3350.00 54000.00 1.0477
37100 300.01 -95.22 -20914.76 3350.00 54000.00 1.0477
37200 300.01 -95.21 -20914.76 3350.00 54000.00 1.0477
37300 300.01 -95.21 -20914.76 3350.00 54000.00 1.0477
37400 300.01 -95.21 -20914.77 3350.00 54000.00 1.0477
37500 300.01 -95.21 -20914.77 3350.00 54000.00 1.0477
37600 300.01 -95.21 -20914.77 3350.00 54000.00 1.0477
37700 300.01 -95.21 -20914.77 3350.00 54000.00 1.0477
37800 300.01 -95.21 -20914.77 3350.00 54000.00 1.0477
37900 300.01 -95.21 -20914.77 3350.00 54000.00 1.0477
38000 300.01 -95.21 -20914.77 3350.00 54000.00 1.0477
38100 300.01 -95.21 -20914.77 3350.00 54000.00 1.0477
38200 300.01 -95.21 -20914.77 3350.00 54000.00 1.0477
38300 300.01 -95.21 -20914.77 3350.00 54000.00 1.0477
38400 300.01 -95.21 -20914.77 3350.00 54000.00 1.0477
38500 300.01 -95.21 -20914.77 3350.00 54000.00 1.0477
38600 300.01 -95.21 -20914.77 3350.00 54000.00 1.0477
38700 300.01 -95.21 -20914.77 3350.00 54000.00 1.0477
38800 300.01 -95.21 -20914.77 3350.00 54000.00 1.0477
38900 300.01 -95.21 -20914.77 3350.00 54000.00 1.0477
39000 300.01 -95.21 -20914.77 3350.00 54000.00 1.0477
39100 300.01 -95.21 -20914.77 3350.00 54000.00 1.0477
39200 300.01 -95.21 -20914.77 3350.00 54000.00 1.0477
39300 300.01 -95.21 -20914.77 3350.00 54000.00 1.0477
39400 300.01 -95.21 -20914.77 3350.00 54000.00 1.0477
39500 300.01 -95.21 -20914.77 3350.00 54000.00 1.0477
39600 300.01 -95.21 -20914.77 3350.00 54000.00 1.0477
39700 300.01 -95.21 -20914.77 3350.00 54000.00 1.0477
39800 300.01 -95.21 -20914.77 3350.00 54000.00 1.0477
39900 300.01 -95.21 -20914.77 3350.00 54000.00 1.0477
40000 300.01 -95.21 -20914.77 3350.00 54000.00 1.0477
40100 300.01 -95.21 -20914.77 3350.00 54000.00 1.0477
40200 300.01 -95.21 -20914.77 3350.00 54000.00 1.0477
40300 300.01 -95.21 -20914.77 3350.00 54000.00 1.0477
40400 300.01 -95.21 -20914.77 3350.00 54000.00 1.0477
40500 300.01 -95.21 -20914.77 3350.00 54000.00 1.0477
40600 300.01 -95.21 -20914.77 3350.00 54000.00 1.0477
40700 300.01 -95.21 -20914.77 3350.00 54000.00 1.0477
40800 300.01 -95.21 -20914.77 3350.00 54000.00 1.0477
40900 300.01 -95.21 -20914.77 3350.00 54000.00 1.0477
41000 300.01 -95.21 -20914.77 3350.00 54000.00 1.0477
41100 300.01 -95.21 -20914.77 3350.00 54000.00 1.0477
41200 300.01 -95.21 -20914.77 3350.00 54000.00 1.0477
41300 300.01 -95.21 -20914.77 3350.00 54000.00 1.0477
41400 300.01 -95.21 -20914.77 3350.00 54000.00 1.0477
41500 300.01 -95.21 -20914.77 3350.00 54000.00 1.0477
41600 300.01 -95.21 -20914.77 3350.00 54000.00 1.0477
41700 300.01 -95.21 -20914.77 3350.00 54000.00 1.0477
41800 300.01 -95.21 -20914.77 3350.00 54000.00 1.0477
41900 300.01 -95.21 -20914.77 3350.00 54000.00 1.0477
42000 300.01 -95.21 -20914.77 3350.00 54000.00 1.0477
42100 300.01 -95.21 -20914.77 3350.00 54000.00 1.0477
42200 300.01 -95.21 -20914.77 3350.00 54000.00 1.0477
42300 300.01 -95.21 -20914.77 3350.00 54000.00 1.0477
42400 300.01 -95.21 -20914.77 3350.00 54000.00 1.0477
42500 300.01 -95.21 -20914.77 3350.00 54000.00 1.0477
42600 300.01 -95.21 -20914.77 3350.00 54000.00 1.0477
42700 300.01 -95.21 -20914.77 3350.00 54000.00 1.0477
42800 300.01 -95.21 -20914.77 3350.00 54000.00 1.0477
42900 300.01 -95.21 -20914.77 3350.00 54000.00 1.0477
43000 300.01 -95.21 -20914.77 3350.00 54000.00 1.0477
43100 300.01 -95.21 -20914.77 3350.00 54000.00 1.0477
43200 300.01 -95.21 -20914.77 3350.00 54000.00 1.0477
43300 300.01 -95.21 -20914.77 3350.00 54000.00 1.0477
43400 300.01 -95.21 -20914.77 3350.00 54000.00 1.0477
43500 300.01 -95.21 -20914.77 3350.00 54000.00 1.0477
43600 300.01 -95.21 -20914.77 3350.00 54000.00 1.0477
43700 300.01 -95.21 -20914.77 3350.00 54000.00 1.0477
43800 300.01 -95.21 -20914.77 3350.00 54000.00 1.0477
43900 300.01 -95.21 -20914.77 3350.00 54000.00 1.0477
44000 300.01 -95.21 -20914.77 3350.00 54000.00 1.0477
44100 300.01 -95.21 -20914.77 3350.00 54000.00 1.0477
44200 300.01 -95.21 -20914.77 3350.00 54000.00 1.0477
44300 300.01 -95.21 -20914.77 3350.00 54000.00 1.0477
44400 300.01 -95.21 -20914.77 3350.00 54000.00 1.0477
44500 300.01 -95.21 -20914.77 3350.00 54000.00 1.0477
44600 300.01 -95.21 -20914.77 3350.00 54000.00 1.0477
44700 300.01 -95.21 -20914.77 3350.00 54000.00 1.0477
44800 300.01 -95.21 -20914.77 3350.00 54000.00 1.0477
44900 300.01 -95.21 -20914.77 3350.00 54000.00 1.0477
45000 300.01 -95.21 -20914.77 3350.00 54000.00 1.0477
45100 300.01 -95.21 -20914.77 3350.00 54000.00 1.0477
45200 300.01 -95.21 -20914.77 3350.00 54000.00 1.0477
45300 300.01 -95.21 -20914.77 3350.00 54000.00 1.0477
45400 300.01 -95.21 -20914.77 3350.00 54000.00 1.0477
45500 300.01 -95.21 -20914.77 3350.00 54000.00 1.0477
45600 300.01 -95.21 -20914.77 3350.00 54000.00 1.0477
45700 300.01 -95.21 -20914.77 3350.00 54000.00 1.0477
45800 300.01 -95.21 -20914.77 3350.00 54000.00 1.0477
45900 300.01 -95.21 -20914.77 3350.00 54000.00 1.0477
46000 300.01 -95.21 -20914.77 3350.00 54000.00 1.0477
46100 300.01 -95.21 -20914.77 3350.00 54000.00 1.0477
46200 300.01 -95.21 -20914.77 3350.00 54000.00 1.0477
46300 300.01 -95.21 -20914.77 3350.00 54000.00 1.0477
46400 300.01 -95.21 -20914.77 3350.00 54000.00 1.0477
46500 300.01 -95.21 -20914.77 3350.00 54000.00 1.0477
46600 300.01 -95.21 -20914.77 3350.00 54000.00 1.0477
46700 300.01 -95.21 -20914.77 3350.00 54000.00 1.0477
46800 300.01 -95.21 -20914.77 3350.00 54000.00 1.0477
46900 300.01 -95.21 -20914.77 3350.00 54000.00 1.0477
47000 300.01 -95.21 -20914.77 3350.00 54000.00 1.0477
47100 300.01 -95.21 -20914.77 3350.00 54000.00 1.0477
47200 300.01 -95.21 -20914.77 3350.00 54000.00 1.0477
47300 300.01 -95.21 -20914.77 3350.00 54000.00 1.0477
47400 300.01 -95.21 -20914.76 3350.00 54000.00 1.0477
47500 300.01 -95.21 -20914.76 3350.00 54000.00 1.0477
47600 300.01 -95.21 -20914.76 3350.00 54000.00 1.0477
47700 300.01 -95.21 -20914.77 3350.00 54000.00 1.0477
47800 300.01 -95.21 -20914.77 3350.00 54000.00 1.0477
47900 300.01 -95.21 -20914.77 3350.00 54000.00 1.0477
48000 300.01 -95.21 -20914.77 3350.00 54000.00 1.0477
48100 300.01 -95.21 -20914.77 3350.00 54000.00 1.0477
48200 300.01 -95.21 -20914.77 3350.00 54000.00 1.0477
48300 300.01 -95.21 -20914.77 3350.00 54000.00 1.0477
48400 300.01 -95.21 -20914.77 3350.00 54000.00 1.0477
48500 300.01 -95.21 -20914.77 3350.00 54000.00 1.0477
48600 300.01 -95.21 -20914.77 3350.00 54000.00 1.0477
48700 300.01 -95.21 -20914.77 3350.00 54000.00 1.0477
48800 300.01 -95.21 -20914.77 3350.00 54000.00 1.0477
48900 300.01 -95.21 -20914.77 3350.00 54000.00 1.0477
49000 300.01 -95.21 -20914.77 3350.00 54000.00 1.0477
49100 300.01 -95.21 -20914.77 3350.00 54000.00 1.0477
49200 300.01 -95.21 -20914.77 3350.00 54000.00 1.0477
49300 300.01 -95.21 -20914.77 3350.00 54000.00 1.0477
49400 300.01 -95.21 -20914.77 3350.00 54000.00 1.0477
49500 300.01 -95.21 -20914.77 3350.00 54000.00 1.0477
49600 300.01 -95.21 -20914.77 3350.00 54000.00 1.0477
49700 300.01 -95.21 -20914.77 3350.00 54000.00 1.0477
49800 300.01 -95.21 -20914.77 3350.00 54000.00 1.0477
49900 300.01 -95.21 -20914.77 3350.00 54000.00 1.0477
50000 300.01 -95.21 -20914.77 3350.00 54000.00 1.0477
50100 300.01 -95.21 -20914.77 3350.00 54000.00 1.0477
50200 300.01 -95.21 -20914.77 3350.00 54000.00 1.0477
50300 300.01 -95.21 -20914.77 3350.00 54000.00 1.0477
50400 300.01 -95.21 -20914.77 3350.00 54000.00 1.0477
50500 300.01 -95.21 -20914.77 3350.00 54000.00 1.0477
50600 300.01 -95.21 -20914.77 3350.00 54000.00 1.0477
50700 300.01 -95.21 -20914.77 3350.00 54000.00 1.0477
50800 300.01 -95.21 -20914.77 3350.00 54000.00 1.0477
50900 300.01 -95.21 -20914.77 3350.00 54000.00 1.0477
51000 300.01 -95.21 -20914.77 3350.00 54000.00 1.0477
51100 300.01 -95.21 -20914.77 3350.00 54000.00 1.0477
51200 300.01 -95.21 -20914.77 3350.00 54000.00 1.0477
51300 300.01 -95.21 -20914.77 3350.00 54000.00 1.0477
51400 300.01 -95.21 -20914.77 3350.00 54000.00 1.0477
51500 300.01 -95.21 -20914.77 3350.00 54000.00 1.0477
51600 300.01 -95.21 -20914.77 3350.00 54000.00 1.0477
51700 300.01 -95.21 -20914.77 3350.00 54000.00 1.0477
51800 300.01 -95.21 -20914.77 3350.00 54000.00 1.0477
51900 300.01 -95.21 -20914.77 3350.00 54000.00 1.0477
52000 300.01 -95.21 -20914.77 3350.00 54000.00 1.0477
52100 300.01 -95.21 -20914.77 3350.00 54000.00 1.0477
52200 300.01 -95.21 -20914.77 3350.00 54000.00 1.0477
52300 300.01 -95.21 -20914.76 3350.00 54000.00 1.0477
52400 300.01 -95.21 -20914.76 3350.00 54000.00 1.0477
52500 300.01 -95.21 -20914.76 3350.00 54000.00 1.0477
52600 300.01 -95.21 -20914.76 3350.00 54000.00 1.0477
52700 300.01 -95.21 -20914.76 3350.00 54000.00 1.0477
52800 300.01 -95.21 -20914.76 3350.00 54000.00 1.0477
52900 300.01 -95.21 -20914.76 3350.00 54000.00 1.0477
53000 300.01 -95.21 -20914.76 3350.00 54000.00 1.0477
53100 300.01 -95.21 -20914.76 3350.00 54000.00 1.0477
53200 300.01 -95.21 -20914.76 3350.00 54000.00 1.0477
53300 300.01 -95.21 -20914.76 3350.00 54000.00 1.0477
53400 300.01 -95.21 -20914.76 3350.00 54000.00 1.0477
53500 300.01 -95.21 -20914.76 3350.00 54000.00 1.0477
53600 300.01 -95.21 -20914.76 3350.00 54000.00 1.0477
53700 300.01 -95.21 -20914.76 3350.00 54000.00 1.0477
53800 300.01 -95.21 -20914.76 3350.00 54000.00 1.0477
53900 300.01 -95.21 -20914.76 3350.00 54000.00 1.0477
54000 300.01 -95.21 -20914.76 3350.00 54000.00 1.0477
54100 300.01 -95.21 -20914.76 3350.00 54000.00 1.0477
54200 300.01 -95.21 -20914.76 3350.00 54000.00 1.0477
54300 300.01 -95.21 -20914.76 3350.00 54000.00 1.0477
54400 300.01 -95.21 -20914.76 3350.00 54000.00 1.0477
54500 300.01 -95.21 -20914.76 3350.00 54000.00 1.0477
54600 300.01 -95.21 -20914.76 3350.00 54000.00 1.0477
54700 300.01 -95.21 -20914.76 3350.00 54000.00 1.0477
54800 300.01 -95.21 -20914.76 3350.00 54000.00 1.0477
54900 300.01 -95.21 -20914.76 3350.00 54000.00 1.0477
55000 300.01 -95.21 -20914.76 3350.00 54000.00 1.0477
55100 300.01 -95.21 -20914.76 3350.00 54000.00 1.0477
55200 300.01 -95.21 -20914.76 3350.00 54000.00 1.0477
55300 300.01 -95.21 -20914.76 3350.00 54000.00 1.0477
55400 300.01 -95.21 -20914.76 3350.00 54000.00 1.0477
55500 300.01 -95.21 -20914.76 3350.00 54000.00 1.0477
55600 300.01 -95.21 -20914.76 3350.00 54000.00 1.0477
55700 300.01 -95.21 -20914.76 3350.00 54000.00 1.0477
55800 300.01 -95.21 -20914.76 3350.00 54000.00 1.0477
55900 300.01 -95.21 -20914.76 3350.00 54000.00 1.0477
56000 300.01 -95.21 -20914.76 3350.00 54000.00 1.0477
56100 300.01 -95.21 -20914.76 3350.00 54000.00 1.0477
56200 300.01 -95.21 -20914.76 3350.00 54000.00 1.0477
56300 300.01 -95.21 -20914.76 3350.00 54000.00 1.0477
56400 300.01 -95.21 -20914.76 3350.00 54000.00 1.0477
56500 300.01 -95.21 -20914.76 3350.00 54000.00 1.0477
56600 300.01 -95.21 -20914.76 3350.00 54000.00 1.0477
56700 300.01 -95.21 -20914.76 3350.00 54000.00 1.0477
56800 300.01 -95.21 -20914.76 3350.00 54000.00 1.0477
56900 300.01 -95.21 -20914.76 3350.00 54000.00 1.0477
57000 300.01 -95.21 -20914.76 3350.00 54000.00 1.0477
57100 300.01 -95.21 -20914.76 3350.00 54000.00 1.0477
57200 300.01 -95.21 -20914.76 3350.00 54000.00 1.0477
57300 300.01 -95.21 -20914.76 3350.00 54000.00 1.0477
57400 300.01 -95.21 -20914.76 3350.00 54000.00 1.0477
57500 300.01 -95.21 -20914.76 3350.00 54000.00 1.0477
57600 300.01 -95.21 -20914.76 3350.00 54000.00 1.0477
57700 300.01 -95.21 -20914.76 3350.00 54000.00 1.0477
57800 300.01 -95.21 -20914.76 3350.00 54000.00 1.0477
57900 300.01 -95.21 -20914.76 3350.00 54000.00 1.0477
58000 300.01 -95.21 -20914.76 3350.00 54000.00 1.0477
58100 300.01 -95.21 -20914.76 3350.00 54000.00 1.0477
58200 300.01 -95.21 -20914.76 3350.00 54000.00 1.0477
58300 300.01 -95.21 -20914.76 3350.00 54000.00 1.0477
58400 300.01 -95.21 -20914.76 3350.00 54000.00 1.0477
58500 300.01 -95.21 -20914.76 3350.00 54000.00 1.0477
58600 300.01 -95.21 -20914.76 3350.00 54000.00 1.0477
58700 300.01 -95.21 -20914.76 3350.00 54000.00 1.0477
58800 300.01 -95.21 -20914.76 3350.00 54000.00 1.0477
58900 300.01 -95.21 -20914.76 3350.00 54000.00 1.0477
59000 300.01 -95.21 -20914.76 3350.00 54000.00 1.0477
59100 300.01 -95.21 -20914.76 3350.00 54000.00 1.0477
59200 300.01 -95.21 -20914.76 3350.00 54000.00 1.0477
59300 300.01 -95.21 -20914.76 3350.00 54000.00 1.0477
59400 300.01 -95.21 -20914.76 3350.00 54000.00 1.0477
59500 300.01 -95.21 -20914.76 3350.00 54000.00 1.0477
59600 300.01 -95.21 -20914.76 3350.00 54000.00 1.0477
59700 300.01 -95.21 -20914.76 3350.00 54000.00 1.0477
59800 300.01 -95.21 -20914.76 3350.00 54000.00 1.0477
59900 300.01 -95.21 -20914.76 3350.00 54000.00 1.0477
60000 300.01 -95.21 -20914.76 3350.00 54000.00 1.0477
60100 300.01 -95.21 -20914.76 3350.00 54000.00 1.0477
60200 300.01 -95.21 -20914.76 3350.00 54000.00 1.0477
60300 300.01 -95.21 -20914.76 3350.00 54000.00 1.0477
60400 300.01 -95.21 -20914.76 3350.00 54000.00 1.0477
60500 300.01 -95.21 -20914.76 3350.00 54000.00 1.0477
60600 300.01 -95.21 -20914.76 3350.00 54000.00 1.0477
60700 300.01 -95.21 -20914.76 3350.00 54000.00 1.0477
60800 300.01 -95.21 -20914.76 3350.00 54000.00 1.0477
60900 300.01 -95.21 -20914.76 3350.00 54000.00 1.0477
61000 300.01 -95.21 -20914.76 3350.00 54000.00 1.0477
61100 300.01 -95.21 -20914.76 3350.00 54000.00 1.0477
61200 300.01 -95.21 -20914.76 3350.00 54000.00 1.0477
61300 300.01 -95.21 -20914.76 3350.00 54000.00 1.0477
61400 300.01 -95.21 -20914.76 3350.00 54000.00 1.0477
61500 300.01 -95.21 -20914.76 3350.00 54000.00 1.0477
61600 300.01 -95.21 -20914.76 3350.00 54000.00 1.0477
61700 300.01 -95.21 -20914.76 3350.00 54000.00 1.0477
61800 300.01 -95.21 -20914.76 3350.00 54000.00 1.0477
61900 300.01 -95.21 -20914.76 3350.00 54000.00 1.0477
62000 300.01 -95.21 -20914.76 3350.00 54000.00 1.0477
62100 300.01 -95.21 -20914.76 3350.00 54000.00 1.0477
62200 300.01 -95.21 -20914.76 3350.00 54000.00 1.0477
62300 300.01 -95.21 -20914.76 3350.00 54000.00 1.0477
62400 300.01 -95.21 -20914.76 3350.00 54000.00 1.0477
62500 300.01 -95.21 -20914.76 3350.00 54000.00 1.0477
62600 300.01 -95.21 -20914.76 3350.00 54000.00 1.0477
62700 300.01 -95.21 -20914.76 3350.00 54000.00 1.0477
62800 300.01 -95.21 -20914.76 3350.00 54000.00 1.0477
62900 300.01 -95.21 -20914.76 3350.00 54000.00 1.0477
63000 300.01 -95.21 -20914.76 3350.00 54000.00 1.0477
63100 300.01 -95.21 -20914.76 3350.00 54000.00 1.0477
63200 300.01 -95.21 -20914.76 3350.00 54000.00 1.0477
63300 300.01 -95.21 -20914.76 3350.00 54000.00 1.0477
63400 300.01 -95.21 -20914.76 3350.00 54000.00 1.0477
63500 300.01 -95.21 -20914.76 3350.00 54000.00 1.0477
63600 300.01 -95.21 -20914.76 3350.00 54000.00 1.0477
63700 300.01 -95.21 -20914.76 3350.00 54000.00 1.0477
63800 300.01 -95.21 -20914.76 3350.00 54000.00 1.0477
63900 300.01 -95.21 -20914.76 3350.00 54000.00 1.0477
64000 300.01 -95.21 -20914.76 3350.00 54000.00 1.0477
64100 300.01 -95.21 -20914.76 3350.00 54000.00 1.0477
64200 300.01 -95.21 -20914.76 3350.00 54000.00 1.0477
64300 300.01 -95.21 -20914.76 3350.00 54000.00 1.0477
64400 300.01 -95.21 -20914.76 3350.00 54000.00 1.0477
64500 300.01 -95.21 -20914.76 3350.00 54000.00 1.0477
64600 300.01 -95.21 -20914.76 3350.00 54000.00 1.0477
64700 300.01 -95.21 -20914.76 3350.00 54000.00 1.0477
64800 300.01 -95.21 -20914.76 3350.00 54000.00 1.0477
64900 300.01 -95.21 -20914.76 3350.00 54000.00 1.0477
65000 300.01 -95.21 -20914.76 3350.00 54000.00 1.0477
65100 300.01 -95.21 -20914.76 3350.00 54000.00 1.0477
65200 300.01 -95.21 -20914.76 3350.00 54000.00 1.0477
65300 300.01 -95.21 -20914.76 3350.00 54000.00 1.0477
65400 300.01 -95.21 -20914.76 3350.00 54000.00 1.0477
65500 300.01 -95.21 -20914.76 3350.00 54000.00 1.0477
65600 300.01 -95.21 -20914.76 3350.00 54000.00 1.0477
65700 300.01 -95.21 -20914.76 3350.00 54000.00 1.0477
65800 300.01 -95.21 -20914.76 3350.00 54000.00 1.0477
65900 300.01 -95.21 -20914.76 3350.00 54000.00 1.0477
66000 300.01 -95.21 -20914.76 3350.00 54000.00 1.0477
66100 300.01 -95.21 -20914.76 3350.00 54000.00 1.0477
66200 300.01 -95.21 -20914.76 3350.00 54000.00 1.0477
66300 300.01 -95.21 -20914.76 3350.00 54000.00 1.0477
66400 300.01 -95.21 -20914.76 3350.00 54000.00 1.0477
66500 300.01 -95.21 -20914.76 3350.00 54000.00 1.0477
66600 300.01 -95.21 -20914.76 3350.00 54000.00 1.0477
66700 300.01 -95.21 -20914.76 3350.00 54000.00 1.0477
66800 300.01 -95.21 -20914.76 3350.00 54000.00 1.0477
66900 300.01 -95.21 -20914.76 3350.00 54000.00 1.0477
67000 300.01 -95.21 -20914.76 3350.00 54000.00 1.0477
67100 300.01 -95.21 -20914.76 3350.00 54000.00 1.0477
67200 300.01 -95.21 -20914.76 3350.00 54000.00 1.0477
67300 300.01 -95.21 -20914.76 3350.00 54000.00 1.0477
67400 300.01 -95.21 -20914.76 3350.00 54000.00 1.0477
67500 300.01 -95.21 -20914.76 3350.00 54000.00 1.0477
67600 300.01 -95.21 -20914.76 3350.00 54000.00 1.0477
67700 300.01 -95.21 -20914.76 3350.00 54000.00 1.0477
67800 300.01 -95.21 -20914.76 3350.00 54000.00 1.0477
67900 300.01 -95.21 -20914.76 3350.00 54000.00 1.0477
68000 300.01 -95.21 -20914.76 3350.00 54000.00 1.0477
68100 300.01 -95.21 -20914.76 3350.00 54000.00 1.0477
68200 300.01 -95.21 -20914.76 3350.00 54000.00 1.0477
68300 300.01 -95.21 -20914.76 3350.00 54000.00 1.0477
68400 300.01 -95.21 -20914.76 3350.00 54000.00 1.0477
68500 300.01 -95.21 -20914.76 3350.00 54000.00 1.0477
68600 300.01 -95.21 -20914.76 3350.00 54000.00 1.0477
68700 300.01 -95.21 -20914.76 3350.00 54000.00 1.0477
68800 300.01 -95.21 -20914.76 3350.00 54000.00 1.0477
68900 300.01 -95.21 -20914.76 3350.00 54000.00 1.0477
69000 300.01 -95.21 -20914.76 3350.00 54000.00 1.0477
69100 300.01 -95.21 -20914.76 3350.00 54000.00 1.0477
69200 300.01 -95.21 -20914.76 3350.00 54000.00 1.0477
69300 300.01 -95.21 -20914.76 3350.00 54000.00 1.0477
69400 300.01 -95.21 -20914.76 3350.00 54000.00 1.0477
69500 300.01 -95.21 -20914.76 3350.00 54000.00 1.0477
69600 300.01 -95.21 -20914.76 3350.00 54000.00 1.0477
69700 300.01 -95.21 -20914.76 3350.00 54000.00 1.0477
69800 300.01 -95.21 -20914.76 3350.00 54000.00 1.0477
69900 300.01 -95.21 -20914.76 3350.00 54000.00 1.0477
70000 300.01 -95.21 -20914.76 3350.00 54000.00 1.0477
70100 300.01 -95.21 -20914.76 3350.00 54000.00 1.0477
70200 300.01 -95.21 -20914.76 3350.00 54000.00 1.0477
70300 300.01 -95.21 -20914.76 3350.00 54000.00 1.0477
70400 300.01 -95.21 -20914.76 3350.00 54000.00 1.0477
70500 300.01 -95.21 -20914.76 3350.00 54000.00 1.0477
70600 300.01 -95.21 -20914.76 3350.00 54000.00 1.0477
70700 300.01 -95.21 -20914.76 3350.00 54000.00 1.0477
70800 300.01 -95.21 -20914.76 3350.00 54000.00 1.0477
70900 300.01 -95.21 -20914.76 3350.00 54000.00 1.0477
71000 300.01 -95.21 -20914.76 3350.00 54000.00 1.0477
71100 300.01 -95.21 -20914.76 3350.00 54000.00 1.0477
71200 300.01 -95.21 -20914.76 3350.00 54000.00 1.0477
71300 300.01 -95.21 -20914.76 3350.00 54000.00 1.0477
71400 300.01 -95.21 -20914.76 3350.00 54000.00 1.0477
71500 300.01 -95.21 -20914.76 3350.00 54000.00 1.0477
71600 300.01 -95.21 -20914.76 3350.00 54000.00 1.0477
71700 300.01 -95.21 -20914.76 3350.00 54000.00 1.0477
71800 300.01 -95.21 -20914.76 3350.00 54000.00 1.0477
71900 300.01 -95.21 -20914.76 3350.00 54000.00 1.0477
72000 300.01 -95.21 -20914.76 3350.00 54000.00 1.0477
72100 300.01 -95.21 -20914.76 3350.00 54000.00 1.0477
72200 300.01 -95.21 -20914.76 3350.00 54000.00 1.0477
72300 300.01 -95.21 -20914.76 3350.00 54000.00 1.0477
72400 300.01 -95.21 -20914.76 3350.00 54000.00 1.0477
72500 300.01 -95.21 -20914.76 3350.00 54000.00 1.0477
72600 300.01 -95.21 -20914.76 3350.00 54000.00 1.0477
72700 300.01 -95.21 -20914.76 3350.00 54000.00 1.0477
72800 300.01 -95.21 -20914.76 3350.00 54000.00 1.0477
72900 300.01 -95.21 -20914.76 3350.00 54000.00 1.0477
73000 300.01 -95.21 -20914.76 3350.00 54000.00 1.0477
73100 300.01 -95.21 -20914.76 3350.00 54000.00 1.0477
73200 300.01 -95.21 -20914.76 3350.00 54000.00 1.0477
73300 300.01 -95.21 -20914.76 3350.00 54000.00 1.0477
73400 300.01 -95.21 -20914.76 3350.00 54000.00 1.0477
73500 300.01 -95.21 -20914.76 3350.00 54000.00 1.0477
73600 300.01 -95.21 -20914.76 3350.00 54000.00 1.0477
73700 300.01 -95.21 -20914.76 3350.00 54000.00 1.0477
73800 300.01 -95.21 -20914.76 3350.00 54000.00 1.0477
73900 300.01 -95.21 -20914.76 3350.00 54000.00 1.0477
74000 300.01 -95.21 -20914.76 3350.00 54000.00 1.0477
74100 300.01 -95.21 -20914.76 3350.00 54000.00 1.0477
74200 300.01 -95.21 -20914.76 3350.00 54000.00 1.0477
74300 300.01 -95.21 -20914.76 3350.00 54000.00 1.0477
74400 300.01 -95.21 -20914.76 3350.00 54000.00 1.0477
74500 300.01 -95.21 -20914.76 3350.00 54000.00 1.0477
74600 300.01 -95.21 -20914.76 3350.00 54000.00 1.0477
74700 300.01 -95.21 -20914.76 3350.00 54000.00 1.0477
74800 300.01 -95.21 -20914.76 3350.00 54000.00 1.0477
74900 300.01 -95.21 -20914.76 3350.00 54000.00 1.0477
75000 300.01 -95.21 -20914.76 3350.00 54000.00 1.0477
75100 300.01 -95.21 -20914.76 3350.00 54000.00 1.0477
75200 300.01 -95.21 -20914.76 3350.00 54000.00 1.0477
75300 300.01 -95.21 -20914.76 3350.00 54000.00 1.0477
75400 300.01 -95.21 -20914.76 3350.00 54000.00 1.0477
75500 300.01 -95.21 -20914.76 3350.00 54000.00 1.0477
75600 300.01 -95.21 -20914.76 3350.00 54000.00 1.0477
75700 300.01 -95.21 -20914.76 3350.00 54000.00 1.0477
75800 300.01 -95.21 -20914.76 3350.00 54000.00 1.0477
75900 300.01 -95.21 -20914.76 3350.00 54000.00 1.0477
76000 300.01 -95.21 -20914.76 3350.00 54000.00 1.0477
76100 300.01 -95.21 -20914.76 3350.00 54000.00 1.0477
76200 300.01 -95.21 -20914.76 3350.00 54000.00 1.0477
76300 300.01 -95.21 -20914.76 3350.00 54000.00 1.0477
76400 300.01 -95.21 -20914.76 3350.00 54000.00 1.0477
76500 300.01 -95.21 -20914.76 3350.00 54000.00 1.0477
76600 300.01 -95.21 -20914.76 3350.00 54000.00 1.0477
76700 300.01 -95.21 -20914.76 3350.00 54000.00 1.0477
76800 300.01 -95.21 -20914.76 3350.00 54000.00 1.0477
76900 300.01 -95.21 -20914.76 3350.00 54000.00 1.0477
77000 300.01 -95.21 -20914.76 3350.00 54000.00 1.0477
77100 300.01 -95.21 -20914.76 3350.00 54000.00 1.0477
77200 300.01 -95.21 -20914.76 3350.00 54000.00 1.0477
77300 300.01 -95.21 -20914.76 3350.00 54000.00 1.0477
77400 300.01 -95.21 -20914.76 3350.00 54000.00 1.0477
77500 300.01 -95.21 -20914.76 3350.00 54000.00 1.0477
77600 300.01 -95.21 -20914.76 3350.00 54000.00 1.0477
77700 300.01 -95.21 -20914.76 3350.00 54000.00 1.0477
77800 300.01 -95.21 -20914.76 3350.00 54000.00 1.0477
77900 300.01 -95.21 -20914.76 3350.00 54000.00 1.0477
78000 300.01 -95.21 -20914.76 3350.00 54000.00 1.0477
78100 300.01 -95.21 -20914.76 3350.00 54000.00 1.0477
78200 300.01 -95.21 -20914.76 3350.00 54000.00 1.0477
78300 300.01 -95.21 -20914.76 3350.00 54000.00 1.0477
78400 300.01 -95.21 -20914.76 3350.00 54000.00 1.0477
78500 300.01 -95.21 -20914.76 3350.00 54000.00 1.0477
78600 300.01 -95.21 -20914.76 3350.00 54000.00 1.0477
78700 300.01 -95.21 -20914.76 3350.00 54000.00 1.0477
78800 300.01 -95.21 -20914.76 3350.00 54000.00 1.0477
78900 300.01 -95.21 -20914.76 3350.00 54000.00 1.0477
79000 300.01 -95.21 -20914.76 3350.00 54000.00 1.0477
79100 300.01 -95.21 -20914.76 3350.00 54000.00 1.0477
79200 300.01 -95.21 -20914.76 3350.00 54000.00 1.0477
79300 300.01 -95.21 -20914.76 3350.00 54000.00 1.0477
79400 300.01 -95.21 -20914.76 3350.00 54000.00 1.0477
79500 300.01 -95.21 -20914.76 3350.00 54000.00 1.0477
79600 300.01 -95.21 -20914.76 3350.00 54000.00 1.0477
79700 300.01 -95.21 -20914.76 3350.00 54000.00 1.0477
79800 300.01 -95.21 -20914.76 3350.00 54000.00 1.0477
79900 300.01 -95.21 -20914.76 3350.00 54000.00 1.0477
80000 300.01 -95.21 -20914.76 3350.00 54000.00 1.0477
80100 300.01 -95.21 -20914.76 3350.00 54000.00 1.0477
80200 300.01 -95.21 -20914.76 3350.00 54000.00 1.0477
80300 300.01 -95.21 -20914.76 3350.00 54000.00 1.0477
80400 300.01 -95.21 -20914.76 3350.00 54000.00 1.0477
80500 300.01 -95.21 -20914.76 3350.00 54000.00 1.0477
80600 300.01 -95.21 -20914.76 3350.00 54000.00 1.0477
80700 300.01 -95.21 -20914.76 3350.00 54000.00 1.0477
80800 300.01 -95.21 -20914.76 3350.00 54000.00 1.0477
80900 300.01 -95.21 -20914.76 3350.00 54000.00 1.0477
81000 300.01 -95.21 -20914.76 3350.00 54000.00 1.0477
81100 300.01 -95.21 -20914.76 3350.00 54000.00 1.0477
81200 300.01 -95.21 -20914.76 3350.00 54000.00 1.0477
81300 300.01 -95.21 -20914.76 3350.00 54000.00 1.0477
81400 300.01 -95.21 -20914.76 3350.00 54000.00 1.0477
81500 300.01 -95.21 -20914.76 3350.00 54000.00 1.0477
81600 300.01 -95.21 -20914.76 3350.00 54000.00 1.0477
81700 300.01 -95.21 -20914.76 3350.00 54000.00 1.0477
81800 300.01 -95.21 -20914.76 3350.00 54000.00 1.0477
81900 300.01 -95.21 -20914.76 3350.00 54000.00 1.0477
82000 300.01 -95.21 -20914.76 3350.00 54000.00 1.0477
82100 300.01 -95.21 -20914.76 3350.00 54000.00 1.0477
82200 300.01 -95.21 -20914.76 3350.00 54000.00 1.0477
82300 300.01 -95.21 -20914.76 3350.00 54000.00 1.0477
82400 300.01 -95.21 -20914.76 3350.00 54000.00 1.0477
82500 300.01 -95.21 -20914.76 3350.00 54000.00 1.0477
82600 300.01 -95.21 -20914.76 3350.00 54000.00 1.0477
82700 300.01 -95.21 -20914.76 3350.00 54000.00 1.0477
82800 300.01 -95.21 -20914.76 3350.00 54000.00 1.0477
82900 300.01 -95.21 -20914.76 3350.00 54000.00 1.0477
83000 300.01 -95.21 -20914.76 3350.00 54000.00 1.0477
83100 300.01 -95.21 -20914.76 3350.00 54000.00 1.0477
83200 300.01 -95.21 -20914.76 3350.00 54000.00 1.0477
83300 300.01 -95.21 -20914.76 3350.00 54000.00 1.0477
83400 300.01 -95.21 -20914.76 3350.00 54000.00 1.0477
83500 300.01 -95.21 -20914.76 3350.00 54000.00 1.0477
83600 300.01 -95.21 -20914.76 3350.00 54000.00 1.0477
83700 300.01 -95.21 -20914.76 3350.00 54000.00 1.0477
83800 300.01 -95.21 -20914.76 3350.00 54000.00 1.0477
83900 300.01 -95.21 -20914.76 3350.00 54000.00 1.0477
84000 300.01 -95.21 -20914.76 3350.00 54000.00 1.0477
84100 300.01 -95.21 -20914.76 3350.00 54000.00 1.0477
84200 300.01 -95.21 -20914.76 3350.00 54000.00 1.0477
84300 300.01 -95.21 -20914.76 3350.00 54000.00 1.0477
84400 300.01 -95.21 -20914.76 3350.00 54000.00 1.0477
84500 300.01 -95.21 -20914.76 3350.00 54000.00 1.0477
84600 300.01 -95.21 -20914.76 3350.00 54000.00 1.0477
84700 300.01 -95.21 -20914.76 3350.00 54000.00 1.0477
84800 300.01 -95.21 -20914.76 3350.00 54000.00 1.0477
84900 300.01 -95.21 -20914.76 3350.00 54000.00 1.0477
85000 300.01 -95.21 -20914.76 3350.00 54000.00 1.0477
85100 300.01 -95.21 -20914.76 3350.00 54000.00 1.0477
85200 300.01 -95.21 -20914.76 3350.00 54000.00 1.0477
85300 300.01 -95.21 -20914.76 3350.00 54000.00 1.0477
85400 300.01 -95.21 -20914.76 3350.00 54000.00 1.0477
85500 300.01 -95.21 -20914.76 3350.00 54000.00 1.0477
85600 300.01 -95.21 -20914.76 3350.00 54000.00 1.0477
85700 300.01 -95.21 -20914.76 3350.00 54000.00 1.0477
85800 300.01 -95.21 -20914.76 3350.00 54000.00 1.0477
85900 300.01 -95.21 -20914.76 3350.00 54000.00 1.0477
86000 300.01 -95.21 -20914.76 3350.00 54000.00 1.0477
86100 300.01 -95.21 -20914.76 3350.00 54000.00 1.0477
86200 300.01 -95.21 -20914.76 3350.00 54000.00 1.0477
86300 300.01 -95.21 -20914.76 3350.00 54000.00 1.0477
86400 300.01 -95.21 -20914.76 3350.00 54000.00 1.0477
86500 300.01 -95.21 -20914.76 3350.00 54000.00 1.0477
86600 300.01 -95.21 -20914.76 3350.00 54000.00 1.0477
86700 300.01 -95.21 -20914.76 3350.00 54000.00 1.0477
86800 300.01 -95.21 -20914.76 3350.00 54000.00 1.0477
86900 300.01 -95.21 -20914.76 3350.00 54000.00 1.0477
87000 300.01 -95.21 -20914.76 3350.00 54000.00 1.0477
87100 300.01 -95.21 -20914.76 3350.00 54000.00 1.0477
87200 300.01 -95.21 -20914.76 3350.00 54000.00 1.0477
87300 300.01 -95.21 -20914.76 3350.00 54000.00 1.0477
87400 300.01 -95.21 -20914.76 3350.00 54000.00 1.0477
87500 300.01 -95.21 -20914.76 3350.00 54000.00 1.0477
87600 300.01 -95.21 -20914.76 3350.00 54000.00 1.0477
87700 300.01 -95.21 -20914.76 3350.00 54000.00 1.0477
87800 300.01 -95.21 -20914.76 3350.00 54000.00 1.0477
87900 300.01 -95.21 -20914.76 3350.00 54000.00 1.0477
88000 300.01 -95.21 -20914.76 3350.00 54000.00 1.0477
88100 300.01 -95.21 -20914.76 3350.00 54000.00 1.0477
88200 300.01 -95.21 -20914.76 3350.00 54000.00 1.0477
88300 300.01 -95.21 -20914.76 3350.00 54000.00 1.0477
88400 300.01 -95.21 -20914.76 3350.00 54000.00 1.0477
88500 300.01 -95.21 -20914.76 3350.00 54000.00 1.0477
88600 300.01 -95.21 -20914.76 3350.00 54000.00 1.0477
88700 300.01 -95.21 -20914.76 3350.00 54000.00 1.0477
88800 300.01 -95.21 -20914.76 3350.00 54000.00 1.0477
88900 300.01 -95.21 -20914.76 3350.00 54000.00 1.0477
89000 300.01 -95.21 -20914.76 3350.00 54000.00 1.0477
89100 300.01 -95.21 -20914.76 3350.00 54000.00 1.0477
89200 300.01 -95.21 -20914.76 3350.00 54000.00 1.0477
89300 300.01 -95.21 -20914.76 3350.00 54000.00 1.0477
89400 300.01 -95.21 -20914.76 3350.00 54000.00 1.0477
89500 300.01 -95.21 -20914.76 3350.00 54000.00 1.0477
89600 300.01 -95.21 -20914.76 3350.00 54000.00 1.0477
89700 300.01 -95.21 -20914.76 3350.00 54000.00 1.0477
89800 300.01 -95.21 -20914.76 3350.00 54000.00 1.0477
89900 300.01 -95.21 -20914.76 3350.00 54000.00 1.0477
90000 300.01 -95.21 -20914.76 3350.00 54000.00 1.0477
90100 300.01 -95.21 -20914.76 3350.00 54000.00 1.0477
90200 300.01 -95.21 -20914.76 3350.00 54000.00 1.0477
90300 300.01 -95.21 -20914.76 3350.00 54000.00 1.0477
90400 300.01 -95.21 -20914.76 3350.00 54000.00 1.0477
90500 300.01 -95.21 -20914.76 3350.00 54000.00 1.0477
90600 300.01 -95.21 -20914.76 3350.00 54000.00 1.0477
90700 300.01 -95.21 -20914.76 3350.00 54000.00 1.0477
90800 300.01 -95.21 -20914.76 3350.00 54000.00 1.0477
90900 300.01 -95.21 -20914.76 3350.00 54000.00 1.0477
91000 300.01 -95.21 -20914.76 3350.00 54000.00 1.0477
91100 300.01 -95.21 -20914.76 3350.00 54000.00 1.0477
91200 300.01 -95.21 -20914.76 3350.00 54000.00 1.0477
91300 300.01 -95.21 -20914.76 3350.00 54000.00 1.0477
91400 300.01 -95.21 -20914.76 3350.00 54000.00 1.0477
91500 300.01 -95.21 -20914.76 3350.00 54000.00 1.0477
91600 300.01 -95.21 -20914.76 3350.00 54000.00 1.0477
91700 300.01 -95.21 -20914.76 3350.00 54000.00 1.0477
91800 300.01 -95.21 -20914.76 3350.00 54000.00 1.0477
91900 300.01 -95.21 -20914.76 3350.00 54000.00 1.0477
92000 300.01 -95.21 -20914.76 3350.00 54000.00 1.0477
92100 300.01 -95.21 -20914.76 3350.00 54000.00 1.0477
92200 300.01 -95.21 -20914.76 3350.00 54000.00 1.0477
92300 300.01 -95.21 -20914.76 3350.00 54000.00 1.0477
92400 300.01 -95.21 -20914.76 3350.00 54000.00 1.0477
92500 300.01 -95.21 -20914.76 3350.00 54000.00 1.0477
92600 300.01 -95.21 -20914.76 3350.00 54000.00 1.0477
92700 300.01 -95.21 -20914.76 3350.00 54000.00 1.0477
92800 300.01 -95.21 -20914.76 3350.00 54000.00 1.0477
92900 300.01 -95.21 -20914.76 3350.00 54000.00 1.0477
93000 300.01 -95.21 -20914.76 3350.00 54000.00 1.0477
93100 300.01 -95.21 -20914.76 3350.00 54000.00 1.0477
93200 300.01 -95.21 -20914.76 3350.00 54000.00 1.0477
93300 300.01 -95.21 -20914.76 3350.00 54000.00 1.0477
93400 300.01 -95.21 -20914.76 3350.00 54000.00 1.0477
93500 300.01 -95.21 -20914.76 3350.00 54000.00 1.0477
93600 300.01 -95.21 -20914.76 3350.00 54000.00 1.0477
93700 300.01 -95.21 -20914.76 3350.00 54000.00 1.0477
93800 300.01 -95.21 -20914.76 3350.00 54000.00 1.0477
93900 300.01 -95.21 -20914.76 3350.00 54000.00 1.0477
94000 300.01 -95.21 -20914.76 3350.00 54000.00 1.0477
94100 300.01 -95.21 -20914.76 3350.00 54000.00 1.0477
94200 300.01 -95.21 -20914.76 3350.00 54000.00 1.0477
94300 300.01 -95.21 -20914.76 3350.00 54000.00 1.0477
94400 300.01 -95.21 -20914.76 3350.00 54000.00 1.0477
94500 300.01 -95.21 -20914.76 3350.00 54000.00 1.0477
94600 300.01 -95.21 -20914.76 3350.00 54000.00 1.0477
94700 300.01 -95.21 -20914.76 3350.00 54000.00 1.0477
94800 300.01 -95.21 -20914.76 3350.00 54000.00 1.0477
94900 300.01 -95.21 -20914.76 3350.00 54000.00 1.0477
95000 300.01 -95.21 -20914.76 3350.00 54000.00 1.0477
95100 300.01 -95.21 -20914.76 3350.00 54000.00 1.0477
95200 300.01 -95.21 -20914.76 3350.00 54000.00 1.0477
95300 300.01 -95.21 -20914.76 3350.00 54000.00 1.0477
95400 300.01 -95.21 -20914.76 3350.00 54000.00 1.0477
95500 300.01 -95.21 -20914.76 3350.00 54000.00 1.0477
95600 300.01 -95.21 -20914.76 3350.00 54000.00 1.0477
95700 300.01 -95.21 -20914.76 3350.00 54000.00 1.0477
95800 300.01 -95.21 -20914.76 3350.00 54000.00 1.0477
95900 300.01 -95.21 -20914.76 3350.00 54000.00 1.0477
96000 300.01 -95.21 -20914.76 3350.00 54000.00 1.0477
96100 300.01 -95.21 -20914.76 3350.00 54000.00 1.0477
96200 300.01 -95.21 -20914.76 3350.00 54000.00 1.0477
96300 300.01 -95.21 -20914.76 3350.00 54000.00 1.0477
96400 300.01 -95.21 -20914.76 3350.00 54000.00 1.0477
96500 300.01 -95.21 -20914.76 3350.00 54000.00 1.0477
96600 300.01 -95.21 -20914.76 3350.00 54000.00 1.0477
96700 300.01 -95.21 -20914.76 3350.00 54000.00 1.0477
96800 300.01 -95.21 -20914.76 3350.00 54000.00 1.0477
96900 300.01 -95.21 -20914.76 3350.00 54000.00 1.0477
97000 300.01 -95.21 -20914.76 3350.00 54000.00 1.0477
97100 300.01 -95.21 -20914.76 3350.00 54000.00 1.0477
97200 300.01 -95.21 -20914.76 3350.00 54000.00 1.0477
97300 300.01 -95.21 -20914.76 3350.00 54000.00 1.0477
97400 300.01 -95.21 -20914.76 3350.00 54000.00 1.0477
97500 300.01 -95.21 -20914.76 3350.00 54000.00 1.0477
97600 300.01 -95.21 -20914.76 3350.00 54000.00 1.0477
97700 300.01 -95.21 -20914.76 3350.00 54000.00 1.0477
97800 300.01 -95.21 -20914.76 3350.00 54000.00 1.0477
97900 300.01 -95.21 -20914.76 3350.00 54000.00 1.0477
98000 300.01 -95.21 -20914.76 3350.00 54000.00 1.0477
98100 300.01 -95.21 -20914.76 3350.00 54000.00 1.0477
98200 300.01 -95.21 -20914.76 3350.00 54000.00 1.0477
98300 300.01 -95.21 -20914.76 3350.00 54000.00 1.0477
98400 300.01 -95.21 -20914.76 3350.00 54000.00 1.0477
98500 300.01 -95.21 -20914.76 3350.00 54000.00 1.0477
98600 300.01 -95.21 -20914.76 3350.00 54000.00 1.0477
98700 300.01 -95.21 -20914.76 3350.00 54000.00 1.0477
98800 300.01 -95.21 -20914.76 3350.00 54000.00 1.0477
98900 300.01 -95.21 -20914.76 3350.00 54000.00 1.0477
99000 300.01 -95.21 -20914.76 3350.00 54000.00 1.0477
99100 300.01 -95.21 -20914.76 3350.00 54000.00 1.0477
99200 300.01 -95.21 -20914.76 3350.00 54000.00 1.0477
99300 300.01 -95.21 -20914.76 3350.00 54000.00 1.0477
99400 300.01 -95.21 -20914.76 3350.00 54000.00 1.0477
99500 300.01 -95.21 -20914.76 3350.00 54000.00 1.0477
99600 300.01 -95.21 -20914.76 3350.00 54000.00 1.0477
99700 300.01 -95.21 -20914.76 3350.00 54000.00 1.0477
99800 300.01 -95.21 -20914.76 3350.00 54000.00 1.0477
99900 300.01 -95.21 -20914.76 3350.00 54000.00 1.0477
