# Time-averaged data for fix thermo_detailed
# TimeStep v_temp v_press v_pe v_ke v_vol v_dens
600100 300.497040 -148.691284 -20804.396484 3361.744141 54704.343750 1.042848
600200 300.687897 9.457687 -20800.695312 3363.879395 54535.042969 1.046085
600300 300.792603 38.895134 -20776.933594 3365.050781 54553.496094 1.045731
600400 300.843536 55.794090 -20763.500000 3365.620605 54573.058594 1.045356
600500 300.864227 65.729362 -20756.183594 3365.852051 54589.238281 1.045046
600600 300.871643 71.880188 -20752.427734 3365.935059 54601.328125 1.044815
600700 300.873474 75.891792 -20750.703125 3365.955566 54609.941406 1.044650
600800 300.873138 78.595802 -20750.095703 3365.951904 54615.964844 1.044535
600900 300.872101 80.462898 -20750.060547 3365.940186 54620.156250 1.044455
601000 300.870911 81.754402 -20750.302734 3365.926758 54623.093750 1.044399
601100 300.869812 82.651680 -20750.644531 3365.914551 54625.187500 1.044359
601200 300.868805 83.255730 -20751.005859 3365.903320 54626.695312 1.044330
601300 300.867920 83.652328 -20751.332031 3365.893311 54627.792969 1.044309
601400 300.867126 83.884186 -20751.609375 3365.884521 54628.621094 1.044293
601500 300.866425 84.003868 -20751.839844 3365.876465 54629.253906 1.044281
601600 300.865845 84.050842 -20752.015625 3365.870361 54629.738281 1.044272
601700 300.865356 84.032196 -20752.156250 3365.864746 54630.117188 1.044264
601800 300.864929 83.977547 -20752.253906 3365.860107 54630.421875 1.044259
601900 300.864655 83.901695 -20752.330078 3365.856689 54630.660156 1.044254
602000 300.864441 83.802788 -20752.382812 3365.854492 54630.851562 1.044250
602100 300.864288 83.699127 -20752.416016 3365.852783 54631.003906 1.044248
602200 300.864197 83.595688 -20752.435547 3365.851807 54631.136719 1.044245
602300 300.864166 83.486504 -20752.445312 3365.851318 54631.238281 1.044243
602400 300.864197 83.376266 -20752.443359 3365.851807 54631.328125 1.044241
602500 300.864227 83.267052 -20752.439453 3365.852051 54631.402344 1.044240
602600 300.864349 83.161308 -20752.435547 3365.853516 54631.464844 1.044239
602700 300.864471 83.061821 -20752.427734 3365.854736 54631.519531 1.044238
602800 300.864532 82.968513 -20752.414062 3365.855469 54631.566406 1.044237
602900 300.864685 82.879158 -20752.396484 3365.856934 54631.609375 1.044236
603000 300.864777 82.795326 -20752.382812 3365.858398 54631.640625 1.044235
603100 300.864899 82.720589 -20752.365234 3365.859619 54631.675781 1.044235
603200 300.865051 82.647423 -20752.353516 3365.861328 54631.695312 1.044234
603300 300.865143 82.583771 -20752.337891 3365.862305 54631.718750 1.044234
603400 300.865234 82.523460 -20752.320312 3365.863281 54631.734375 1.044234
603500 300.865356 82.460854 -20752.306641 3365.864746 54631.750000 1.044233
603600 300.865448 82.401451 -20752.291016 3365.865723 54631.753906 1.044233
603700 300.865540 82.350166 -20752.277344 3365.866699 54631.757812 1.044233
603800 300.865631 82.303123 -20752.263672 3365.867676 54631.765625 1.044233
603900 300.865784 82.257088 -20752.255859 3365.869629 54631.773438 1.044233
604000 300.865845 82.218170 -20752.246094 3365.870361 54631.781250 1.044233
604100 300.865906 82.181358 -20752.234375 3365.870850 54631.785156 1.044233
604200 300.865997 82.146858 -20752.224609 3365.871826 54631.785156 1.044233
604300 300.866028 82.115082 -20752.210938 3365.872314 54631.789062 1.044232
604400 300.866089 82.078270 -20752.197266 3365.872803 54631.789062 1.044232
604500 300.866150 82.050003 -20752.189453 3365.873535 54631.796875 1.044232
604600 300.866211 82.024178 -20752.179688 3365.874268 54631.796875 1.044232
604700 300.866241 81.999367 -20752.171875 3365.874512 54631.796875 1.044232
604800 300.866302 81.976898 -20752.164062 3365.875244 54631.796875 1.044232
604900 300.866364 81.955742 -20752.158203 3365.875977 54631.796875 1.044232
605000 300.866394 81.939400 -20752.148438 3365.876221 54631.789062 1.044232
605100 300.866455 81.921181 -20752.142578 3365.876953 54631.796875 1.044232
605200 300.866486 81.906677 -20752.136719 3365.877197 54631.789062 1.044232
605300 300.866486 81.892357 -20752.130859 3365.877197 54631.789062 1.044232
605400 300.866516 81.879715 -20752.125000 3365.877441 54631.789062 1.044232
605500 300.866547 81.869370 -20752.121094 3365.877930 54631.789062 1.044232
605600 300.866577 81.856110 -20752.115234 3365.878418 54631.789062 1.044232
605700 300.866608 81.843491 -20752.109375 3365.878906 54631.785156 1.044233
605800 300.866669 81.834106 -20752.105469 3365.879395 54631.785156 1.044233
605900 300.866699 81.827240 -20752.103516 3365.879883 54631.781250 1.044233
606000 300.866730 81.819000 -20752.097656 3365.880127 54631.781250 1.044233
606100 300.866730 81.810127 -20752.093750 3365.880127 54631.785156 1.044233
606200 300.866791 81.803162 -20752.089844 3365.880859 54631.785156 1.044233
606300 300.866791 81.797630 -20752.083984 3365.880859 54631.785156 1.044233
606400 300.866821 81.793594 -20752.082031 3365.881104 54631.781250 1.044233
606500 300.866821 81.791885 -20752.080078 3365.881104 54631.781250 1.044233
606600 300.866852 81.789154 -20752.080078 3365.881592 54631.773438 1.044233
606700 300.866852 81.787544 -20752.076172 3365.881592 54631.765625 1.044233
606800 300.866882 81.788177 -20752.072266 3365.881836 54631.765625 1.044233
606900 300.866882 81.786324 -20752.066406 3365.881836 54631.765625 1.044233
607000 300.866913 81.784454 -20752.064453 3365.882080 54631.757812 1.044233
607100 300.866913 81.783653 -20752.062500 3365.882080 54631.753906 1.044233
607200 300.866943 81.783821 -20752.060547 3365.882568 54631.753906 1.044233
607300 300.866943 81.785011 -20752.056641 3365.882568 54631.750000 1.044233
607400 300.866974 81.787994 -20752.056641 3365.882812 54631.738281 1.044233
607500 300.866974 81.786064 -20752.054688 3365.882812 54631.750000 1.044233
607600 300.867004 81.788017 -20752.052734 3365.883057 54631.750000 1.044233
607700 300.867004 81.791008 -20752.050781 3365.883057 54631.750000 1.044233
607800 300.867004 81.789772 -20752.046875 3365.883057 54631.750000 1.044233
607900 300.867004 81.788719 -20752.046875 3365.883057 54631.738281 1.044233
608000 300.867035 81.789185 -20752.044922 3365.883545 54631.734375 1.044234
608100 300.867035 81.789566 -20752.044922 3365.883545 54631.734375 1.044234
608200 300.867035 81.792343 -20752.042969 3365.883545 54631.734375 1.044234
608300 300.867065 81.795959 -20752.041016 3365.883789 54631.726562 1.044234
608400 300.867065 81.800072 -20752.039062 3365.883789 54631.726562 1.044234
608500 300.867065 81.802208 -20752.037109 3365.883789 54631.726562 1.044234
608600 300.867096 81.807770 -20752.035156 3365.884033 54631.722656 1.044234
608700 300.867096 81.810440 -20752.031250 3365.884033 54631.718750 1.044234
608800 300.867096 81.815773 -20752.027344 3365.884033 54631.718750 1.044234
608900 300.867126 81.817879 -20752.025391 3365.884521 54631.707031 1.044234
609000 300.867126 81.820404 -20752.021484 3365.884521 54631.703125 1.044234
609100 300.867157 81.825333 -20752.019531 3365.884766 54631.695312 1.044234
609200 300.867188 81.826744 -20752.019531 3365.885010 54631.695312 1.044234
609300 300.867188 81.828796 -20752.017578 3365.885010 54631.695312 1.044234
609400 300.867218 81.832970 -20752.015625 3365.885498 54631.691406 1.044234
609500 300.867218 81.838776 -20752.013672 3365.885498 54631.687500 1.044235
609600 300.867188 81.844116 -20752.009766 3365.885010 54631.687500 1.044235
609700 300.867188 81.846901 -20752.005859 3365.885010 54631.687500 1.044235
609800 300.867188 81.849846 -20752.001953 3365.885010 54631.687500 1.044235
609900 300.867188 81.855896 -20751.998047 3365.885010 54631.675781 1.044235
610000 300.867188 81.864601 -20751.994141 3365.885010 54631.675781 1.044235
610100 300.867188 81.868073 -20751.992188 3365.885010 54631.671875 1.044235
610200 300.867218 81.875557 -20751.988281 3365.885498 54631.667969 1.044235
610300 300.867188 81.888321 -20751.986328 3365.885010 54631.667969 1.044235
610400 300.867218 81.896965 -20751.984375 3365.885498 54631.660156 1.044235
610500 300.867188 81.907097 -20751.980469 3365.885010 54631.660156 1.044235
610600 300.867218 81.910660 -20751.978516 3365.885498 54631.660156 1.044235
610700 300.867218 81.916275 -20751.976562 3365.885498 54631.656250 1.044235
610800 300.867249 81.922989 -20751.976562 3365.885742 54631.644531 1.044235
610900 300.867249 81.930458 -20751.974609 3365.885742 54631.644531 1.044235
611000 300.867279 81.936043 -20751.974609 3365.886230 54631.640625 1.044235
611100 300.867279 81.939865 -20751.970703 3365.886230 54631.636719 1.044235
611200 300.867310 81.943100 -20751.968750 3365.886475 54631.628906 1.044236
611300 300.867310 81.949081 -20751.966797 3365.886475 54631.628906 1.044236
611400 300.867340 81.953392 -20751.966797 3365.886719 54631.625000 1.044236
611500 300.867340 81.962173 -20751.964844 3365.886719 54631.625000 1.044236
611600 300.867340 81.973122 -20751.962891 3365.886719 54631.613281 1.044236
611700 300.867340 81.980194 -20751.960938 3365.886719 54631.609375 1.044236
611800 300.867340 81.985321 -20751.958984 3365.886719 54631.605469 1.044236
611900 300.867340 81.991631 -20751.957031 3365.886719 54631.605469 1.044236
612000 300.867340 82.003746 -20751.953125 3365.886719 54631.593750 1.044236
612100 300.867310 82.011757 -20751.951172 3365.886475 54631.582031 1.044236
612200 300.867340 82.020134 -20751.947266 3365.886719 54631.582031 1.044236
612300 300.867340 82.027832 -20751.943359 3365.886719 54631.578125 1.044237
612400 300.867371 82.030716 -20751.941406 3365.887207 54631.574219 1.044237
612500 300.867371 82.035126 -20751.937500 3365.887207 54631.574219 1.044237
612600 300.867401 82.047882 -20751.933594 3365.887451 54631.566406 1.044237
612700 300.867401 82.056786 -20751.929688 3365.887451 54631.562500 1.044237
612800 300.867401 82.064125 -20751.927734 3365.887451 54631.550781 1.044237
612900 300.867432 82.069702 -20751.925781 3365.887695 54631.550781 1.044237
613000 300.867401 82.080696 -20751.923828 3365.887451 54631.546875 1.044237
613100 300.867401 82.088112 -20751.919922 3365.887451 54631.546875 1.044237
613200 300.867401 82.094955 -20751.917969 3365.887451 54631.542969 1.044237
613300 300.867432 82.100464 -20751.914062 3365.887695 54631.542969 1.044237
613400 300.867432 82.108574 -20751.908203 3365.887695 54631.542969 1.044237
613500 300.867432 82.118034 -20751.904297 3365.887695 54631.542969 1.044237
613600 300.867462 82.133362 -20751.898438 3365.888184 54631.531250 1.044237
613700 300.867462 82.145798 -20751.896484 3365.888184 54631.519531 1.044238
613800 300.867462 82.156487 -20751.892578 3365.888184 54631.515625 1.044238
613900 300.867493 82.167465 -20751.886719 3365.888672 54631.511719 1.044238
614000 300.867493 82.179047 -20751.882812 3365.888672 54631.511719 1.044238
614100 300.867493 82.188828 -20751.876953 3365.888672 54631.500000 1.044238
614200 300.867493 82.197853 -20751.873047 3365.888672 54631.500000 1.044238
614300 300.867493 82.207596 -20751.871094 3365.888672 54631.488281 1.044238
614400 300.867493 82.216446 -20751.869141 3365.888672 54631.484375 1.044238
614500 300.867493 82.227982 -20751.865234 3365.888672 54631.480469 1.044238
614600 300.867493 82.238525 -20751.861328 3365.888672 54631.472656 1.044239
614700 300.867493 82.242256 -20751.857422 3365.888672 54631.472656 1.044239
614800 300.867493 82.250862 -20751.853516 3365.888672 54631.472656 1.044239
614900 300.867523 82.256668 -20751.849609 3365.889160 54631.464844 1.044239
615000 300.867523 82.264801 -20751.843750 3365.889160 54631.464844 1.044239
615100 300.867523 82.277512 -20751.841797 3365.889160 54631.464844 1.044239
615200 300.867523 82.291901 -20751.837891 3365.889160 54631.453125 1.044239
615300 300.867584 82.310196 -20751.833984 3365.889648 54631.445312 1.044239
615400 300.867584 82.325935 -20751.828125 3365.889648 54631.433594 1.044239
615500 300.867584 82.338226 -20751.820312 3365.889648 54631.421875 1.044240
615600 300.867615 82.352097 -20751.816406 3365.890137 54631.417969 1.044240
615700 300.867645 82.365295 -20751.816406 3365.890381 54631.414062 1.044240
615800 300.867676 82.373680 -20751.810547 3365.890625 54631.414062 1.044240
615900 300.867676 82.383911 -20751.808594 3365.890625 54631.402344 1.044240
616000 300.867676 82.399956 -20751.802734 3365.890625 54631.398438 1.044240
616100 300.867676 82.414963 -20751.798828 3365.890625 54631.390625 1.044240
616200 300.867676 82.426025 -20751.794922 3365.890625 54631.386719 1.044240
616300 300.867676 82.437370 -20751.792969 3365.890625 54631.386719 1.044240
616400 300.867676 82.451286 -20751.789062 3365.890625 54631.382812 1.044240
616500 300.867676 82.462280 -20751.783203 3365.890625 54631.371094 1.044240
616600 300.867706 82.474052 -20751.777344 3365.891113 54631.359375 1.044241
616700 300.867706 82.493652 -20751.769531 3365.891113 54631.351562 1.044241
616800 300.867737 82.510178 -20751.765625 3365.891357 54631.335938 1.044241
616900 300.867737 82.523315 -20751.761719 3365.891357 54631.328125 1.044241
617000 300.867767 82.535904 -20751.757812 3365.891846 54631.324219 1.044241
617100 300.867737 82.545418 -20751.753906 3365.891357 54631.324219 1.044241
617200 300.867737 82.560066 -20751.753906 3365.891357 54631.320312 1.044242
617300 300.867767 82.571968 -20751.746094 3365.891846 54631.320312 1.044242
617400 300.867767 82.584511 -20751.740234 3365.891846 54631.308594 1.044242
617500 300.867798 82.598846 -20751.736328 3365.892090 54631.304688 1.044242
617600 300.867828 82.617294 -20751.730469 3365.892334 54631.289062 1.044242
617700 300.867828 82.632248 -20751.728516 3365.892334 54631.277344 1.044242
617800 300.867828 82.651649 -20751.722656 3365.892334 54631.273438 1.044242
617900 300.867828 82.674538 -20751.712891 3365.892334 54631.257812 1.044243
618000 300.867859 82.692513 -20751.707031 3365.892822 54631.246094 1.044243
618100 300.867859 82.702599 -20751.703125 3365.892822 54631.242188 1.044243
618200 300.867859 82.719284 -20751.699219 3365.892822 54631.230469 1.044243
618300 300.867859 82.727951 -20751.695312 3365.892822 54631.214844 1.044243
618400 300.867859 82.743103 -20751.689453 3365.892822 54631.210938 1.044244
618500 300.867859 82.757797 -20751.683594 3365.892822 54631.210938 1.044244
618600 300.867889 82.776085 -20751.679688 3365.893066 54631.199219 1.044244
618700 300.867889 82.794266 -20751.671875 3365.893066 54631.183594 1.044244
618800 300.867889 82.811623 -20751.666016 3365.893066 54631.179688 1.044244
618900 300.867889 82.826958 -20751.658203 3365.893066 54631.175781 1.044244
619000 300.867859 82.850243 -20751.652344 3365.892822 54631.160156 1.044245
619100 300.867859 82.866776 -20751.646484 3365.892822 54631.152344 1.044245
619200 300.867859 82.884583 -20751.640625 3365.892822 54631.148438 1.044245
619300 300.867859 82.898087 -20751.632812 3365.892822 54631.144531 1.044245
619400 300.867889 82.915955 -20751.625000 3365.893066 54631.128906 1.044245
619500 300.867889 82.932121 -20751.619141 3365.893066 54631.128906 1.044245
619600 300.867889 82.953209 -20751.615234 3365.893066 54631.117188 1.044245
619700 300.867920 82.972900 -20751.609375 3365.893311 54631.105469 1.044246
619800 300.867920 82.989250 -20751.605469 3365.893311 54631.089844 1.044246
619900 300.867920 83.009422 -20751.603516 3365.893311 54631.085938 1.044246
620000 300.867950 83.021584 -20751.597656 3365.893799 54631.082031 1.044246
620100 300.867981 83.034378 -20751.585938 3365.894043 54631.066406 1.044246
620200 300.868011 83.053024 -20751.578125 3365.894287 54631.054688 1.044247
620300 300.868042 83.073418 -20751.574219 3365.894775 54631.042969 1.044247
620400 300.868073 83.091629 -20751.568359 3365.895020 54631.027344 1.044247
620500 300.868073 83.104904 -20751.562500 3365.895020 54631.027344 1.044247
620600 300.868103 83.126144 -20751.556641 3365.895264 54631.019531 1.044247
620700 300.868134 83.141678 -20751.548828 3365.895752 54631.015625 1.044247
620800 300.868103 83.160744 -20751.546875 3365.895264 54631.003906 1.044248
620900 300.868103 83.183929 -20751.541016 3365.895264 54631.000000 1.044248
621000 300.868103 83.203781 -20751.535156 3365.895264 54630.988281 1.044248
621100 300.868103 83.218483 -20751.527344 3365.895264 54630.972656 1.044248
621200 300.868103 83.236893 -20751.523438 3365.895264 54630.960938 1.044248
621300 300.868103 83.254433 -20751.513672 3365.895264 54630.960938 1.044248
621400 300.868134 83.275345 -20751.507812 3365.895752 54630.953125 1.044249
621500 300.868164 83.293251 -20751.498047 3365.895996 54630.937500 1.044249
621600 300.868195 83.313591 -20751.494141 3365.896240 54630.929688 1.044249
621700 300.868195 83.332893 -20751.488281 3365.896240 54630.921875 1.044249
621800 300.868256 83.353561 -20751.482422 3365.896973 54630.910156 1.044249
621900 300.868256 83.371216 -20751.474609 3365.896973 54630.906250 1.044249
622000 300.868256 83.389038 -20751.466797 3365.896973 54630.906250 1.044249
622100 300.868286 83.405624 -20751.460938 3365.897461 54630.898438 1.044250
622200 300.868286 83.427696 -20751.453125 3365.897461 54630.882812 1.044250
622300 300.868286 83.442871 -20751.447266 3365.897461 54630.878906 1.044250
622400 300.868286 83.463463 -20751.441406 3365.897461 54630.863281 1.044250
622500 300.868286 83.483955 -20751.433594 3365.897461 54630.847656 1.044250
622600 300.868317 83.506355 -20751.431641 3365.897705 54630.832031 1.044251
622700 300.868317 83.522018 -20751.425781 3365.897705 54630.820312 1.044251
622800 300.868317 83.544914 -20751.416016 3365.897705 54630.812500 1.044251
622900 300.868317 83.567413 -20751.408203 3365.897705 54630.804688 1.044251
623000 300.868317 83.587982 -20751.402344 3365.897705 54630.800781 1.044251
623100 300.868347 83.603973 -20751.396484 3365.897949 54630.792969 1.044252
623200 300.868347 83.621590 -20751.390625 3365.897949 54630.777344 1.044252
623300 300.868378 83.642082 -20751.382812 3365.898438 54630.761719 1.044252
623400 300.868378 83.660133 -20751.375000 3365.898438 54630.750000 1.044252
623500 300.868408 83.674690 -20751.371094 3365.898926 54630.750000 1.044252
623600 300.868439 83.695717 -20751.363281 3365.899414 54630.746094 1.044253
623700 300.868408 83.713806 -20751.355469 3365.898926 54630.730469 1.044253
623800 300.868439 83.731422 -20751.347656 3365.899414 54630.718750 1.044253
623900 300.868439 83.747833 -20751.341797 3365.899414 54630.718750 1.044253
624000 300.868439 83.765930 -20751.333984 3365.899414 54630.707031 1.044253
624100 300.868408 83.785080 -20751.326172 3365.898926 54630.691406 1.044253
624200 300.868408 83.806099 -20751.320312 3365.898926 54630.683594 1.044254
624300 300.868469 83.831047 -20751.316406 3365.899658 54630.667969 1.044254
624400 300.868439 83.854149 -20751.308594 3365.899414 54630.660156 1.044254
624500 300.868469 83.874588 -20751.300781 3365.899658 54630.652344 1.044254
624600 300.868500 83.896004 -20751.292969 3365.899902 54630.644531 1.044254
624700 300.868500 83.918762 -20751.289062 3365.899902 54630.625000 1.044255
624800 300.868500 83.936203 -20751.285156 3365.899902 54630.621094 1.044255
624900 300.868500 83.954590 -20751.279297 3365.899902 54630.605469 1.044255
625000 300.868500 83.973854 -20751.275391 3365.899902 54630.597656 1.044255
625100 300.868500 83.987122 -20751.271484 3365.899902 54630.593750 1.044255
625200 300.868530 84.007141 -20751.263672 3365.900391 54630.589844 1.044255
625300 300.868561 84.025665 -20751.257812 3365.900635 54630.574219 1.044256
625400 300.868591 84.043518 -20751.248047 3365.900879 54630.562500 1.044256
625500 300.868622 84.059235 -20751.242188 3365.901367 54630.546875 1.044256
625600 300.868622 84.076385 -20751.232422 3365.901367 54630.546875 1.044256
625700 300.868622 84.099449 -20751.228516 3365.901367 54630.542969 1.044256
625800 300.868622 84.119545 -20751.224609 3365.901367 54630.531250 1.044257
625900 300.868622 84.136589 -20751.218750 3365.901367 54630.527344 1.044257
626000 300.868622 84.152809 -20751.212891 3365.901367 54630.515625 1.044257
626100 300.868591 84.169579 -20751.205078 3365.900879 54630.511719 1.044257
626200 300.868622 84.194786 -20751.199219 3365.901367 54630.507812 1.044257
626300 300.868622 84.212311 -20751.193359 3365.901367 54630.496094 1.044257
626400 300.868622 84.228333 -20751.185547 3365.901367 54630.476562 1.044258
626500 300.868622 84.246162 -20751.179688 3365.901367 54630.468750 1.044258
626600 300.868622 84.263130 -20751.171875 3365.901367 54630.453125 1.044258
626700 300.868622 84.278519 -20751.167969 3365.901367 54630.453125 1.044258
626800 300.868622 84.296097 -20751.166016 3365.901367 54630.445312 1.044258
626900 300.868622 84.312653 -20751.162109 3365.901367 54630.433594 1.044258
627000 300.868652 84.329521 -20751.156250 3365.901611 54630.421875 1.044259
627100 300.868652 84.346176 -20751.154297 3365.901611 54630.417969 1.044259
627200 300.868683 84.364571 -20751.148438 3365.901855 54630.414062 1.044259
627300 300.868683 84.380028 -20751.140625 3365.901855 54630.402344 1.044259
627400 300.868683 84.395065 -20751.132812 3365.901855 54630.402344 1.044259
627500 300.868713 84.412903 -20751.125000 3365.902344 54630.382812 1.044259
627600 300.868713 84.428108 -20751.121094 3365.902344 54630.371094 1.044260
627700 300.868713 84.445641 -20751.117188 3365.902344 54630.355469 1.044260
627800 300.868713 84.462166 -20751.113281 3365.902344 54630.347656 1.044260
627900 300.868744 84.476143 -20751.109375 3365.902588 54630.335938 1.044260
628000 300.868744 84.490364 -20751.101562 3365.902588 54630.335938 1.044260
628100 300.868744 84.507324 -20751.099609 3365.902588 54630.324219 1.044261
628200 300.868713 84.524986 -20751.095703 3365.902344 54630.320312 1.044261
628300 300.868713 84.540894 -20751.093750 3365.902344 54630.316406 1.044261
628400 300.868744 84.554825 -20751.087891 3365.902588 54630.304688 1.044261
628500 300.868744 84.569054 -20751.082031 3365.902588 54630.292969 1.044261
628600 300.868774 84.582657 -20751.076172 3365.903076 54630.289062 1.044261
628700 300.868805 84.597305 -20751.072266 3365.903320 54630.273438 1.044261
628800 300.868805 84.613113 -20751.068359 3365.903320 54630.269531 1.044262
628900 300.868835 84.627419 -20751.064453 3365.903564 54630.257812 1.044262
629000 300.868835 84.648758 -20751.060547 3365.903564 54630.242188 1.044262
629100 300.868866 84.661873 -20751.058594 3365.904053 54630.238281 1.044262
629200 300.868866 84.673859 -20751.050781 3365.904053 54630.238281 1.044262
629300 300.868866 84.689537 -20751.046875 3365.904053 54630.230469 1.044262
629400 300.868896 84.701485 -20751.042969 3365.904297 54630.226562 1.044262
629500 300.868927 84.712654 -20751.039062 3365.904541 54630.226562 1.044262
629600 300.868927 84.727722 -20751.033203 3365.904541 54630.210938 1.044263
629700 300.868927 84.741783 -20751.031250 3365.904541 54630.207031 1.044263
629800 300.868958 84.750366 -20751.027344 3365.905029 54630.199219 1.044263
629900 300.868927 84.761734 -20751.023438 3365.904541 54630.199219 1.044263
630000 300.868927 84.770943 -20751.021484 3365.904541 54630.195312 1.044263
630100 300.868927 84.782257 -20751.019531 3365.904541 54630.195312 1.044263
630200 300.868927 84.793343 -20751.015625 3365.904541 54630.191406 1.044263
630300 300.868927 84.800156 -20751.011719 3365.904541 54630.179688 1.044263
630400 300.868927 84.811172 -20751.007812 3365.904541 54630.175781 1.044263
630500 300.868958 84.823761 -20751.005859 3365.905029 54630.164062 1.044264
630600 300.868958 84.835403 -20751.001953 3365.905029 54630.160156 1.044264
630700 300.868958 84.849709 -20750.996094 3365.905029 54630.148438 1.044264
630800 300.868958 84.862000 -20750.992188 3365.905029 54630.136719 1.044264
630900 300.868958 84.873077 -20750.988281 3365.905029 54630.132812 1.044264
631000 300.868958 84.886879 -20750.984375 3365.905029 54630.132812 1.044264
631100 300.868958 84.899139 -20750.976562 3365.905029 54630.128906 1.044264
631200 300.868958 84.913185 -20750.974609 3365.905029 54630.117188 1.044264
631300 300.869019 84.922157 -20750.974609 3365.905518 54630.113281 1.044265
631400 300.869019 84.932610 -20750.970703 3365.905518 54630.109375 1.044265
631500 300.869019 84.946266 -20750.964844 3365.905518 54630.097656 1.044265
631600 300.869019 84.955612 -20750.960938 3365.905518 54630.085938 1.044265
631700 300.869019 84.966248 -20750.960938 3365.905518 54630.082031 1.044265
631800 300.869019 84.976547 -20750.958984 3365.905518 54630.078125 1.044265
631900 300.869019 84.985573 -20750.957031 3365.905518 54630.078125 1.044265
632000 300.869019 84.994835 -20750.953125 3365.905518 54630.070312 1.044265
632100 300.869019 85.004181 -20750.951172 3365.905518 54630.078125 1.044265
632200 300.868988 85.010567 -20750.947266 3365.905273 54630.078125 1.044265
632300 300.868988 85.018326 -20750.943359 3365.905273 54630.070312 1.044265
632400 300.869019 85.028496 -20750.939453 3365.905518 54630.070312 1.044265
632500 300.869049 85.037552 -20750.933594 3365.906006 54630.062500 1.044266
632600 300.869049 85.046257 -20750.929688 3365.906006 54630.054688 1.044266
632700 300.869080 85.058510 -20750.927734 3365.906250 54630.050781 1.044266
632800 300.869080 85.067535 -20750.925781 3365.906250 54630.046875 1.044266
632900 300.869080 85.075546 -20750.923828 3365.906250 54630.039062 1.044266
633000 300.869080 85.085617 -20750.921875 3365.906250 54630.031250 1.044266
633100 300.869080 85.094734 -20750.919922 3365.906250 54630.023438 1.044266
633200 300.869110 85.103065 -20750.919922 3365.906494 54630.019531 1.044266
633300 300.869110 85.109421 -20750.917969 3365.906494 54630.019531 1.044266
633400 300.869080 85.118706 -20750.917969 3365.906250 54630.015625 1.044266
633500 300.869080 85.125229 -20750.916016 3365.906250 54630.015625 1.044266
633600 300.869080 85.132828 -20750.914062 3365.906250 54630.007812 1.044267
633700 300.869080 85.138771 -20750.910156 3365.906250 54630.000000 1.044267
633800 300.869080 85.143745 -20750.910156 3365.906250 54630.000000 1.044267
633900 300.869080 85.152557 -20750.908203 3365.906250 54629.992188 1.044267
634000 300.869080 85.160545 -20750.906250 3365.906250 54629.992188 1.044267
634100 300.869080 85.166878 -20750.904297 3365.906250 54629.992188 1.044267
634200 300.869080 85.170616 -20750.902344 3365.906250 54629.992188 1.044267
634300 300.869080 85.175713 -20750.900391 3365.906250 54629.992188 1.044267
634400 300.869080 85.184364 -20750.900391 3365.906250 54629.988281 1.044267
634500 300.869110 85.192703 -20750.900391 3365.906494 54629.984375 1.044267
634600 300.869110 85.202156 -20750.898438 3365.906494 54629.976562 1.044267
634700 300.869110 85.209862 -20750.898438 3365.906494 54629.968750 1.044267
634800 300.869110 85.213120 -20750.896484 3365.906494 54629.960938 1.044267
634900 300.869110 85.218765 -20750.896484 3365.906494 54629.960938 1.044267
635000 300.869110 85.223679 -20750.894531 3365.906494 54629.957031 1.044268
635100 300.869110 85.229897 -20750.890625 3365.906494 54629.957031 1.044268
635200 300.869110 85.236549 -20750.888672 3365.906494 54629.953125 1.044268
635300 300.869141 85.243515 -20750.886719 3365.906982 54629.945312 1.044268
635400 300.869141 85.251450 -20750.884766 3365.906982 54629.937500 1.044268
635500 300.869141 85.260880 -20750.882812 3365.906982 54629.929688 1.044268
635600 300.869141 85.266457 -20750.882812 3365.906982 54629.929688 1.044268
635700 300.869171 85.272720 -20750.878906 3365.907227 54629.929688 1.044268
635800 300.869171 85.282578 -20750.875000 3365.907227 54629.929688 1.044268
635900 300.869202 85.289597 -20750.873047 3365.907471 54629.925781 1.044268
636000 300.869202 85.296326 -20750.873047 3365.907471 54629.925781 1.044268
636100 300.869202 85.303474 -20750.873047 3365.907471 54629.925781 1.044268
636200 300.869202 85.308029 -20750.871094 3365.907471 54629.925781 1.044268
636300 300.869202 85.314766 -20750.871094 3365.907471 54629.921875 1.044268
636400 300.869202 85.318871 -20750.871094 3365.907471 54629.914062 1.044268
636500 300.869171 85.327171 -20750.871094 3365.907227 54629.906250 1.044268
636600 300.869171 85.332001 -20750.871094 3365.907227 54629.906250 1.044268
636700 300.869202 85.336075 -20750.869141 3365.907471 54629.902344 1.044269
636800 300.869202 85.339630 -20750.867188 3365.907471 54629.902344 1.044269
636900 300.869202 85.343269 -20750.865234 3365.907471 54629.902344 1.044269
637000 300.869202 85.348274 -20750.863281 3365.907471 54629.902344 1.044269
637100 300.869202 85.352165 -20750.859375 3365.907471 54629.902344 1.044269
637200 300.869202 85.355186 -20750.857422 3365.907471 54629.894531 1.044269
637300 300.869202 85.357864 -20750.853516 3365.907471 54629.894531 1.044269
637400 300.869232 85.360725 -20750.851562 3365.907959 54629.894531 1.044269
637500 300.869232 85.365616 -20750.849609 3365.907959 54629.894531 1.044269
637600 300.869202 85.369820 -20750.849609 3365.907471 54629.890625 1.044269
637700 300.869202 85.373024 -20750.849609 3365.907471 54629.890625 1.044269
637800 300.869202 85.373085 -20750.847656 3365.907471 54629.886719 1.044269
637900 300.869202 85.375671 -20750.847656 3365.907471 54629.886719 1.044269
638000 300.869202 85.379181 -20750.847656 3365.907471 54629.886719 1.044269
638100 300.869202 85.380318 -20750.847656 3365.907471 54629.886719 1.044269
638200 300.869232 85.382080 -20750.847656 3365.907959 54629.886719 1.044269
638300 300.869232 85.386337 -20750.847656 3365.907959 54629.875000 1.044269
638400 300.869263 85.389824 -20750.847656 3365.908203 54629.871094 1.044269
638500 300.869263 85.395096 -20750.847656 3365.908203 54629.871094 1.044269
638600 300.869263 85.397865 -20750.845703 3365.908203 54629.871094 1.044269
638700 300.869263 85.402130 -20750.843750 3365.908203 54629.871094 1.044269
638800 300.869263 85.405937 -20750.837891 3365.908203 54629.871094 1.044269
638900 300.869232 85.409233 -20750.833984 3365.907959 54629.871094 1.044269
639000 300.869232 85.413422 -20750.832031 3365.907959 54629.871094 1.044269
639100 300.869232 85.416565 -20750.832031 3365.907959 54629.871094 1.044269
639200 300.869232 85.418411 -20750.828125 3365.907959 54629.871094 1.044269
639300 300.869232 85.419991 -20750.826172 3365.907959 54629.871094 1.044269
639400 300.869232 85.420845 -20750.826172 3365.907959 54629.871094 1.044269
639500 300.869232 85.423111 -20750.826172 3365.907959 54629.871094 1.044269
639600 300.869232 85.424683 -20750.824219 3365.907959 54629.871094 1.044269
639700 300.869232 85.426743 -20750.824219 3365.907959 54629.863281 1.044269
639800 300.869232 85.428192 -20750.822266 3365.907959 54629.871094 1.044269
639900 300.869232 85.430847 -20750.822266 3365.907959 54629.863281 1.044269
640000 300.869232 85.433273 -20750.822266 3365.907959 54629.863281 1.044269
640100 300.869232 85.436378 -20750.822266 3365.907959 54629.859375 1.044269
640200 300.869232 85.439842 -20750.822266 3365.907959 54629.859375 1.044269
640300 300.869232 85.442917 -20750.820312 3365.907959 54629.863281 1.044269
640400 300.869232 85.444580 -20750.820312 3365.907959 54629.859375 1.044269
640500 300.869232 85.447166 -20750.820312 3365.907959 54629.855469 1.044270
640600 300.869232 85.452156 -20750.818359 3365.907959 54629.843750 1.044270
640700 300.869232 85.456978 -20750.816406 3365.907959 54629.843750 1.044270
640800 300.869232 85.458923 -20750.814453 3365.907959 54629.843750 1.044270
640900 300.869232 85.461075 -20750.812500 3365.907959 54629.843750 1.044270
641000 300.869202 85.460236 -20750.810547 3365.907471 54629.843750 1.044270
641100 300.869202 85.462151 -20750.810547 3365.907471 54629.839844 1.044270
641200 300.869202 85.466324 -20750.810547 3365.907471 54629.839844 1.044270
641300 300.869202 85.469131 -20750.810547 3365.907471 54629.832031 1.044270
641400 300.869171 85.471863 -20750.810547 3365.907227 54629.828125 1.044270
641500 300.869202 85.475975 -20750.812500 3365.907471 54629.828125 1.044270
641600 300.869171 85.475929 -20750.810547 3365.907227 54629.832031 1.044270
641700 300.869171 85.475624 -20750.810547 3365.907227 54629.832031 1.044270
641800 300.869171 85.477470 -20750.810547 3365.907227 54629.832031 1.044270
641900 300.869171 85.479065 -20750.808594 3365.907227 54629.832031 1.044270
642000 300.869171 85.480301 -20750.808594 3365.907227 54629.832031 1.044270
642100 300.869171 85.481766 -20750.806641 3365.907227 54629.832031 1.044270
642200 300.869202 85.482330 -20750.806641 3365.907471 54629.832031 1.044270
642300 300.869202 85.482826 -20750.806641 3365.907471 54629.832031 1.044270
642400 300.869202 85.485542 -20750.806641 3365.907471 54629.832031 1.044270
642500 300.869202 85.488586 -20750.806641 3365.907471 54629.828125 1.044270
642600 300.869232 85.492020 -20750.804688 3365.907959 54629.828125 1.044270
642700 300.869232 85.493668 -20750.804688 3365.907959 54629.828125 1.044270
642800 300.869232 85.495758 -20750.804688 3365.907959 54629.828125 1.044270
642900 300.869232 85.499229 -20750.804688 3365.907959 54629.828125 1.044270
643000 300.869232 85.500717 -20750.802734 3365.907959 54629.828125 1.044270
643100 300.869263 85.503441 -20750.800781 3365.908203 54629.828125 1.044270
643200 300.869263 85.504013 -20750.800781 3365.908203 54629.828125 1.044270
643300 300.869263 85.506256 -20750.802734 3365.908203 54629.828125 1.044270
643400 300.869293 85.508568 -20750.800781 3365.908936 54629.828125 1.044270
643500 300.869293 85.508705 -20750.802734 3365.908936 54629.824219 1.044270
643600 300.869293 85.509628 -20750.802734 3365.908936 54629.824219 1.044270
643700 300.869293 85.511772 -20750.804688 3365.908936 54629.812500 1.044270
643800 300.869324 85.513977 -20750.804688 3365.909180 54629.812500 1.044270
643900 300.869324 85.514870 -20750.804688 3365.909180 54629.812500 1.044270
644000 300.869354 85.516518 -20750.804688 3365.909668 54629.824219 1.044270
644100 300.869324 85.517014 -20750.804688 3365.909180 54629.812500 1.044270
644200 300.869324 85.516762 -20750.804688 3365.909180 54629.812500 1.044270
644300 300.869324 85.516327 -20750.806641 3365.909180 54629.812500 1.044270
644400 300.869324 85.517578 -20750.806641 3365.909180 54629.812500 1.044270
644500 300.869324 85.518524 -20750.804688 3365.909180 54629.812500 1.044270
644600 300.869324 85.521362 -20750.804688 3365.909180 54629.808594 1.044270
644700 300.869324 85.522575 -20750.806641 3365.909180 54629.808594 1.044270
644800 300.869324 85.523392 -20750.806641 3365.909180 54629.808594 1.044270
644900 300.869324 85.524498 -20750.806641 3365.909180 54629.808594 1.044270
645000 300.869324 85.526985 -20750.806641 3365.909180 54629.808594 1.044270
645100 300.869293 85.529190 -20750.808594 3365.908936 54629.808594 1.044270
645200 300.869293 85.531525 -20750.808594 3365.908936 54629.808594 1.044270
645300 300.869293 85.534599 -20750.806641 3365.908936 54629.808594 1.044270
645400 300.869293 85.536575 -20750.806641 3365.908936 54629.808594 1.044270
645500 300.869293 85.537071 -20750.808594 3365.908936 54629.808594 1.044270
645600 300.869293 85.537041 -20750.808594 3365.908936 54629.808594 1.044270
645700 300.869293 85.536308 -20750.806641 3365.908936 54629.808594 1.044270
645800 300.869324 85.536537 -20750.806641 3365.909180 54629.808594 1.044270
645900 300.869324 85.537094 -20750.808594 3365.909180 54629.808594 1.044270
646000 300.869324 85.538643 -20750.806641 3365.909180 54629.808594 1.044270
646100 300.869324 85.540726 -20750.806641 3365.909180 54629.808594 1.044270
646200 300.869324 85.544685 -20750.806641 3365.909180 54629.800781 1.044271
646300 300.869324 85.546356 -20750.806641 3365.909180 54629.800781 1.044271
646400 300.869293 85.546402 -20750.806641 3365.908936 54629.800781 1.044271
646500 300.869293 85.546402 -20750.806641 3365.908936 54629.800781 1.044271
646600 300.869293 85.547745 -20750.804688 3365.908936 54629.800781 1.044271
646700 300.869293 85.547127 -20750.804688 3365.908936 54629.796875 1.044271
646800 300.869293 85.545799 -20750.804688 3365.908936 54629.800781 1.044271
646900 300.869293 85.546379 -20750.804688 3365.908936 54629.796875 1.044271
647000 300.869293 85.547760 -20750.804688 3365.908936 54629.796875 1.044271
647100 300.869293 85.549706 -20750.804688 3365.908936 54629.796875 1.044271
647200 300.869324 85.550400 -20750.802734 3365.909180 54629.796875 1.044271
647300 300.869293 85.551659 -20750.802734 3365.908936 54629.796875 1.044271
647400 300.869293 85.553474 -20750.800781 3365.908936 54629.796875 1.044271
647500 300.869293 85.553963 -20750.798828 3365.908936 54629.796875 1.044271
647600 300.869293 85.554008 -20750.798828 3365.908936 54629.796875 1.044271
647700 300.869293 85.554596 -20750.796875 3365.908936 54629.796875 1.044271
647800 300.869293 85.554420 -20750.796875 3365.908936 54629.796875 1.044271
647900 300.869293 85.554497 -20750.796875 3365.908936 54629.796875 1.044271
648000 300.869293 85.555649 -20750.794922 3365.908936 54629.796875 1.044271
648100 300.869293 85.556366 -20750.794922 3365.908936 54629.796875 1.044271
648200 300.869293 85.557335 -20750.792969 3365.908936 54629.796875 1.044271
648300 300.869263 85.557808 -20750.792969 3365.908203 54629.796875 1.044271
648400 300.869293 85.558060 -20750.792969 3365.908936 54629.796875 1.044271
648500 300.869293 85.558365 -20750.792969 3365.908936 54629.796875 1.044271
648600 300.869293 85.559601 -20750.794922 3365.908936 54629.796875 1.044271
648700 300.869263 85.560822 -20750.792969 3365.908203 54629.796875 1.044271
648800 300.869263 85.562416 -20750.791016 3365.908203 54629.796875 1.044271
648900 300.869263 85.564514 -20750.789062 3365.908203 54629.796875 1.044271
649000 300.869293 85.564789 -20750.789062 3365.908936 54629.796875 1.044271
649100 300.869293 85.565239 -20750.789062 3365.908936 54629.796875 1.044271
649200 300.869293 85.565750 -20750.789062 3365.908936 54629.796875 1.044271
649300 300.869293 85.566032 -20750.789062 3365.908936 54629.796875 1.044271
649400 300.869293 85.567764 -20750.789062 3365.908936 54629.792969 1.044271
649500 300.869293 85.567955 -20750.789062 3365.908936 54629.792969 1.044271
649600 300.869293 85.567207 -20750.787109 3365.908936 54629.796875 1.044271
649700 300.869293 85.566765 -20750.787109 3365.908936 54629.796875 1.044271
649800 300.869293 85.566925 -20750.787109 3365.908936 54629.796875 1.044271
649900 300.869293 85.566971 -20750.787109 3365.908936 54629.796875 1.044271
650000 300.869293 85.566994 -20750.787109 3365.908936 54629.796875 1.044271
650100 300.869293 85.566833 -20750.787109 3365.908936 54629.796875 1.044271
650200 300.869293 85.566811 -20750.787109 3365.908936 54629.796875 1.044271
650300 300.869293 85.568733 -20750.789062 3365.908936 54629.796875 1.044271
650400 300.869293 85.569824 -20750.789062 3365.908936 54629.796875 1.044271
650500 300.869293 85.572891 -20750.789062 3365.908936 54629.792969 1.044271
650600 300.869293 85.574547 -20750.789062 3365.908936 54629.792969 1.044271
650700 300.869293 85.575508 -20750.789062 3365.908936 54629.792969 1.044271
650800 300.869293 85.576141 -20750.789062 3365.908936 54629.781250 1.044271
650900 300.869293 85.576805 -20750.789062 3365.908936 54629.781250 1.044271
651000 300.869293 85.577179 -20750.789062 3365.908936 54629.781250 1.044271
651100 300.869293 85.577339 -20750.789062 3365.908936 54629.781250 1.044271
651200 300.869293 85.577431 -20750.789062 3365.908936 54629.781250 1.044271
651300 300.869293 85.578499 -20750.789062 3365.908936 54629.781250 1.044271
651400 300.869293 85.579048 -20750.789062 3365.908936 54629.777344 1.044271
651500 300.869324 85.579369 -20750.789062 3365.909180 54629.777344 1.044271
651600 300.869324 85.579689 -20750.789062 3365.909180 54629.777344 1.044271
651700 300.869324 85.579826 -20750.789062 3365.909180 54629.769531 1.044271
651800 300.869324 85.579720 -20750.789062 3365.909180 54629.769531 1.044271
651900 300.869324 85.579262 -20750.789062 3365.909180 54629.769531 1.044271
652000 300.869324 85.579750 -20750.789062 3365.909180 54629.769531 1.044271
652100 300.869324 85.579964 -20750.789062 3365.909180 54629.765625 1.044271
652200 300.869324 85.579903 -20750.791016 3365.909180 54629.765625 1.044271
652300 300.869354 85.580040 -20750.791016 3365.909668 54629.765625 1.044271
652400 300.869324 85.576416 -20750.791016 3365.909180 54629.769531 1.044271
652500 300.869324 85.580017 -20750.792969 3365.909180 54629.769531 1.044271
652600 300.869324 85.581161 -20750.792969 3365.909180 54629.769531 1.044271
652700 300.869324 85.580986 -20750.791016 3365.909180 54629.765625 1.044271
652800 300.869324 85.580956 -20750.791016 3365.909180 54629.765625 1.044271
652900 300.869293 85.581123 -20750.791016 3365.908936 54629.765625 1.044271
653000 300.869293 85.581085 -20750.791016 3365.908936 54629.765625 1.044271
653100 300.869293 85.581039 -20750.791016 3365.908936 54629.765625 1.044271
653200 300.869293 85.580948 -20750.789062 3365.908936 54629.765625 1.044271
653300 300.869293 85.581131 -20750.789062 3365.908936 54629.765625 1.044271
653400 300.869293 85.581024 -20750.789062 3365.908936 54629.765625 1.044271
653500 300.869293 85.581070 -20750.789062 3365.908936 54629.765625 1.044271
653600 300.869293 85.581070 -20750.789062 3365.908936 54629.765625 1.044271
653700 300.869293 85.581635 -20750.789062 3365.908936 54629.765625 1.044271
653800 300.869293 85.582108 -20750.789062 3365.908936 54629.753906 1.044271
653900 300.869293 85.582306 -20750.789062 3365.908936 54629.753906 1.044271
654000 300.869293 85.583496 -20750.789062 3365.908936 54629.765625 1.044271
654100 300.869293 85.584175 -20750.787109 3365.908936 54629.765625 1.044271
654200 300.869324 85.584259 -20750.789062 3365.909180 54629.765625 1.044271
654300 300.869324 85.584595 -20750.789062 3365.909180 54629.753906 1.044271
654400 300.869324 85.584816 -20750.789062 3365.909180 54629.753906 1.044271
654500 300.869324 85.584755 -20750.789062 3365.909180 54629.753906 1.044271
654600 300.869324 85.584846 -20750.789062 3365.909180 54629.753906 1.044271
654700 300.869324 85.585052 -20750.789062 3365.909180 54629.765625 1.044271
654800 300.869324 85.584770 -20750.789062 3365.909180 54629.765625 1.044271
654900 300.869324 85.583748 -20750.789062 3365.909180 54629.753906 1.044271
655000 300.869293 85.583031 -20750.789062 3365.908936 54629.753906 1.044271
655100 300.869293 85.581917 -20750.789062 3365.908936 54629.765625 1.044271
655200 300.869293 85.582130 -20750.789062 3365.908936 54629.765625 1.044271
655300 300.869293 85.582184 -20750.789062 3365.908936 54629.765625 1.044271
655400 300.869293 85.582069 -20750.791016 3365.908936 54629.765625 1.044271
655500 300.869293 85.581993 -20750.791016 3365.908936 54629.765625 1.044271
655600 300.869293 85.581947 -20750.791016 3365.908936 54629.765625 1.044271
655700 300.869293 85.581955 -20750.791016 3365.908936 54629.765625 1.044271
655800 300.869293 85.581963 -20750.791016 3365.908936 54629.765625 1.044271
655900 300.869293 85.580925 -20750.789062 3365.908936 54629.769531 1.044271
656000 300.869293 85.581482 -20750.789062 3365.908936 54629.769531 1.044271
656100 300.869293 85.582809 -20750.789062 3365.908936 54629.769531 1.044271
656200 300.869293 85.583817 -20750.789062 3365.908936 54629.769531 1.044271
656300 300.869293 85.584412 -20750.789062 3365.908936 54629.769531 1.044271
656400 300.869293 85.583893 -20750.789062 3365.908936 54629.769531 1.044271
656500 300.869293 85.582626 -20750.789062 3365.908936 54629.769531 1.044271
656600 300.869293 85.583008 -20750.789062 3365.908936 54629.769531 1.044271
656700 300.869293 85.586746 -20750.789062 3365.908936 54629.765625 1.044271
656800 300.869293 85.589371 -20750.789062 3365.908936 54629.765625 1.044271
656900 300.869293 85.591293 -20750.787109 3365.908936 54629.765625 1.044271
657000 300.869293 85.592819 -20750.789062 3365.908936 54629.753906 1.044271
657100 300.869324 85.594093 -20750.789062 3365.909180 54629.753906 1.044271
657200 300.869324 85.594826 -20750.789062 3365.909180 54629.753906 1.044271
657300 300.869324 85.595230 -20750.787109 3365.909180 54629.753906 1.044271
657400 300.869324 85.595467 -20750.787109 3365.909180 54629.753906 1.044271
657500 300.869324 85.595673 -20750.789062 3365.909180 54629.753906 1.044271
657600 300.869324 85.595802 -20750.789062 3365.909180 54629.753906 1.044271
657700 300.869324 85.595879 -20750.789062 3365.909180 54629.753906 1.044271
657800 300.869324 85.595940 -20750.789062 3365.909180 54629.753906 1.044271
657900 300.869324 85.595612 -20750.789062 3365.909180 54629.753906 1.044271
658000 300.869324 85.595421 -20750.789062 3365.909180 54629.765625 1.044271
658100 300.869324 85.595367 -20750.787109 3365.909180 54629.765625 1.044271
658200 300.869324 85.595306 -20750.787109 3365.909180 54629.765625 1.044271
658300 300.869324 85.595146 -20750.787109 3365.909180 54629.765625 1.044271
658400 300.869324 85.594704 -20750.787109 3365.909180 54629.765625 1.044271
658500 300.869324 85.594025 -20750.787109 3365.909180 54629.765625 1.044271
658600 300.869324 85.593765 -20750.787109 3365.909180 54629.765625 1.044271
658700 300.869324 85.593719 -20750.787109 3365.909180 54629.765625 1.044271
658800 300.869324 85.592941 -20750.785156 3365.909180 54629.765625 1.044271
658900 300.869324 85.592537 -20750.785156 3365.909180 54629.765625 1.044271
659000 300.869324 85.592133 -20750.785156 3365.909180 54629.765625 1.044271
659100 300.869324 85.591278 -20750.785156 3365.909180 54629.765625 1.044271
659200 300.869324 85.590820 -20750.785156 3365.909180 54629.765625 1.044271
659300 300.869324 85.590561 -20750.785156 3365.909180 54629.769531 1.044271
659400 300.869324 85.590401 -20750.785156 3365.909180 54629.769531 1.044271
659500 300.869324 85.590294 -20750.785156 3365.909180 54629.769531 1.044271
659600 300.869324 85.590225 -20750.785156 3365.909180 54629.769531 1.044271
659700 300.869324 85.590195 -20750.785156 3365.909180 54629.769531 1.044271
659800 300.869324 85.590187 -20750.785156 3365.909180 54629.769531 1.044271
659900 300.869324 85.590843 -20750.785156 3365.909180 54629.769531 1.044271
660000 300.869324 85.592125 -20750.785156 3365.909180 54629.765625 1.044271
660100 300.869324 85.593132 -20750.785156 3365.909180 54629.765625 1.044271
660200 300.869324 85.593727 -20750.785156 3365.909180 54629.765625 1.044271
660300 300.869324 85.594170 -20750.785156 3365.909180 54629.765625 1.044271
660400 300.869324 85.594452 -20750.785156 3365.909180 54629.765625 1.044271
660500 300.869324 85.594666 -20750.785156 3365.909180 54629.765625 1.044271
660600 300.869324 85.594711 -20750.785156 3365.909180 54629.765625 1.044271
660700 300.869324 85.594727 -20750.787109 3365.909180 54629.765625 1.044271
660800 300.869324 85.594742 -20750.787109 3365.909180 54629.765625 1.044271
660900 300.869324 85.594864 -20750.787109 3365.909180 54629.765625 1.044271
661000 300.869324 85.594902 -20750.787109 3365.909180 54629.765625 1.044271
661100 300.869324 85.594734 -20750.787109 3365.909180 54629.765625 1.044271
661200 300.869324 85.594658 -20750.787109 3365.909180 54629.765625 1.044271
661300 300.869324 85.594627 -20750.787109 3365.909180 54629.765625 1.044271
661400 300.869324 85.594597 -20750.787109 3365.909180 54629.765625 1.044271
661500 300.869324 85.594582 -20750.787109 3365.909180 54629.765625 1.044271
661600 300.869324 85.594574 -20750.787109 3365.909180 54629.765625 1.044271
661700 300.869324 85.594513 -20750.787109 3365.909180 54629.765625 1.044271
661800 300.869324 85.594482 -20750.787109 3365.909180 54629.765625 1.044271
661900 300.869324 85.594482 -20750.787109 3365.909180 54629.765625 1.044271
662000 300.869324 85.594498 -20750.787109 3365.909180 54629.765625 1.044271
662100 300.869324 85.594505 -20750.787109 3365.909180 54629.765625 1.044271
662200 300.869324 85.594505 -20750.787109 3365.909180 54629.765625 1.044271
662300 300.869324 85.594521 -20750.787109 3365.909180 54629.765625 1.044271
662400 300.869324 85.594528 -20750.787109 3365.909180 54629.765625 1.044271
662500 300.869324 85.594528 -20750.787109 3365.909180 54629.765625 1.044271
662600 300.869324 85.594536 -20750.787109 3365.909180 54629.765625 1.044271
662700 300.869324 85.594536 -20750.787109 3365.909180 54629.765625 1.044271
662800 300.869324 85.594536 -20750.787109 3365.909180 54629.765625 1.044271
662900 300.869324 85.594536 -20750.787109 3365.909180 54629.765625 1.044271
663000 300.869324 85.594528 -20750.787109 3365.909180 54629.765625 1.044271
663100 300.869324 85.594543 -20750.787109 3365.909180 54629.765625 1.044271
663200 300.869324 85.594543 -20750.787109 3365.909180 54629.765625 1.044271
663300 300.869324 85.594528 -20750.787109 3365.909180 54629.765625 1.044271
663400 300.869324 85.594543 -20750.787109 3365.909180 54629.765625 1.044271
663500 300.869324 85.594543 -20750.787109 3365.909180 54629.765625 1.044271
663600 300.869324 85.594528 -20750.787109 3365.909180 54629.765625 1.044271
663700 300.869324 85.594543 -20750.787109 3365.909180 54629.765625 1.044271
663800 300.869324 85.594543 -20750.787109 3365.909180 54629.765625 1.044271
663900 300.869324 85.594543 -20750.787109 3365.909180 54629.765625 1.044271
664000 300.869324 85.594543 -20750.787109 3365.909180 54629.765625 1.044271
664100 300.869324 85.594543 -20750.787109 3365.909180 54629.765625 1.044271
664200 300.869324 85.594536 -20750.787109 3365.909180 54629.765625 1.044271
664300 300.869324 85.594536 -20750.787109 3365.909180 54629.765625 1.044271
664400 300.869324 85.594536 -20750.787109 3365.909180 54629.765625 1.044271
664500 300.869324 85.594536 -20750.787109 3365.909180 54629.765625 1.044271
664600 300.869324 85.594536 -20750.787109 3365.909180 54629.765625 1.044271
664700 300.869324 85.594543 -20750.787109 3365.909180 54629.765625 1.044271
664800 300.869324 85.594536 -20750.787109 3365.909180 54629.765625 1.044271
664900 300.869324 85.594536 -20750.787109 3365.909180 54629.765625 1.044271
665000 300.869324 85.594536 -20750.787109 3365.909180 54629.765625 1.044271
665100 300.869324 85.594536 -20750.787109 3365.909180 54629.765625 1.044271
665200 300.869324 85.594536 -20750.787109 3365.909180 54629.765625 1.044271
665300 300.869324 85.594543 -20750.787109 3365.909180 54629.765625 1.044271
665400 300.869324 85.594536 -20750.787109 3365.909180 54629.765625 1.044271
665500 300.869324 85.594551 -20750.787109 3365.909180 54629.765625 1.044271
665600 300.869324 85.594551 -20750.787109 3365.909180 54629.765625 1.044271
665700 300.869324 85.594566 -20750.787109 3365.909180 54629.765625 1.044271
665800 300.869324 85.594566 -20750.787109 3365.909180 54629.765625 1.044271
665900 300.869324 85.594566 -20750.787109 3365.909180 54629.765625 1.044271
666000 300.869324 85.594574 -20750.787109 3365.909180 54629.765625 1.044271
666100 300.869324 85.594566 -20750.787109 3365.909180 54629.765625 1.044271
666200 300.869324 85.594566 -20750.787109 3365.909180 54629.765625 1.044271
666300 300.869324 85.594566 -20750.787109 3365.909180 54629.765625 1.044271
666400 300.869324 85.594566 -20750.787109 3365.909180 54629.765625 1.044271
666500 300.869324 85.594566 -20750.787109 3365.909180 54629.765625 1.044271
666600 300.869324 85.594566 -20750.787109 3365.909180 54629.765625 1.044271
666700 300.869324 85.594566 -20750.787109 3365.909180 54629.765625 1.044271
666800 300.869324 85.594566 -20750.787109 3365.909180 54629.765625 1.044271
666900 300.869324 85.594635 -20750.787109 3365.909180 54629.765625 1.044271
667000 300.869324 85.594574 -20750.787109 3365.909180 54629.765625 1.044271
667100 300.869324 85.594643 -20750.787109 3365.909180 54629.765625 1.044271
667200 300.869324 85.594666 -20750.787109 3365.909180 54629.765625 1.044271
667300 300.869324 85.594688 -20750.785156 3365.909180 54629.765625 1.044271
667400 300.869324 85.594719 -20750.785156 3365.909180 54629.765625 1.044271
667500 300.869324 85.594734 -20750.785156 3365.909180 54629.765625 1.044271
667600 300.869324 85.594749 -20750.785156 3365.909180 54629.765625 1.044271
667700 300.869324 85.594772 -20750.785156 3365.909180 54629.765625 1.044271
667800 300.869324 85.594780 -20750.785156 3365.909180 54629.765625 1.044271
667900 300.869324 85.594772 -20750.785156 3365.909180 54629.765625 1.044271
668000 300.869324 85.594780 -20750.785156 3365.909180 54629.765625 1.044271
668100 300.869324 85.594788 -20750.785156 3365.909180 54629.765625 1.044271
668200 300.869324 85.594788 -20750.785156 3365.909180 54629.765625 1.044271
668300 300.869324 85.594795 -20750.785156 3365.909180 54629.765625 1.044271
668400 300.869324 85.594795 -20750.785156 3365.909180 54629.765625 1.044271
668500 300.869324 85.594795 -20750.785156 3365.909180 54629.765625 1.044271
668600 300.869324 85.594788 -20750.785156 3365.909180 54629.765625 1.044271
668700 300.869324 85.594788 -20750.785156 3365.909180 54629.765625 1.044271
668800 300.869324 85.594788 -20750.785156 3365.909180 54629.765625 1.044271
668900 300.869324 85.594795 -20750.785156 3365.909180 54629.765625 1.044271
669000 300.869324 85.594788 -20750.785156 3365.909180 54629.765625 1.044271
669100 300.869324 85.594795 -20750.785156 3365.909180 54629.765625 1.044271
669200 300.869324 85.594795 -20750.785156 3365.909180 54629.765625 1.044271
669300 300.869324 85.594795 -20750.785156 3365.909180 54629.765625 1.044271
669400 300.869324 85.594795 -20750.785156 3365.909180 54629.765625 1.044271
669500 300.869324 85.594795 -20750.785156 3365.909180 54629.765625 1.044271
669600 300.869324 85.594788 -20750.785156 3365.909180 54629.765625 1.044271
669700 300.869324 85.594788 -20750.785156 3365.909180 54629.765625 1.044271
669800 300.869324 85.594986 -20750.785156 3365.909180 54629.765625 1.044271
669900 300.869324 85.595078 -20750.785156 3365.909180 54629.765625 1.044271
670000 300.869324 85.595131 -20750.785156 3365.909180 54629.765625 1.044271
670100 300.869324 85.595161 -20750.785156 3365.909180 54629.765625 1.044271
670200 300.869324 85.595169 -20750.785156 3365.909180 54629.765625 1.044271
670300 300.869324 85.595192 -20750.785156 3365.909180 54629.765625 1.044271
670400 300.869324 85.595192 -20750.785156 3365.909180 54629.765625 1.044271
670500 300.869324 85.595192 -20750.785156 3365.909180 54629.765625 1.044271
670600 300.869324 85.595192 -20750.785156 3365.909180 54629.765625 1.044271
670700 300.869324 85.595192 -20750.785156 3365.909180 54629.765625 1.044271
670800 300.869324 85.595192 -20750.785156 3365.909180 54629.765625 1.044271
670900 300.869324 85.595192 -20750.785156 3365.909180 54629.765625 1.044271
671000 300.869324 85.595200 -20750.785156 3365.909180 54629.765625 1.044271
671100 300.869324 85.594986 -20750.785156 3365.909180 54629.765625 1.044271
671200 300.869324 85.594917 -20750.785156 3365.909180 54629.765625 1.044271
671300 300.869324 85.594864 -20750.785156 3365.909180 54629.765625 1.044271
671400 300.869324 85.594849 -20750.785156 3365.909180 54629.765625 1.044271
671500 300.869324 85.594826 -20750.785156 3365.909180 54629.765625 1.044271
671600 300.869324 85.594803 -20750.785156 3365.909180 54629.765625 1.044271
671700 300.869324 85.594803 -20750.785156 3365.909180 54629.765625 1.044271
671800 300.869324 85.594803 -20750.785156 3365.909180 54629.765625 1.044271
671900 300.869324 85.594803 -20750.785156 3365.909180 54629.765625 1.044271
672000 300.869324 85.594795 -20750.785156 3365.909180 54629.765625 1.044271
672100 300.869324 85.594795 -20750.785156 3365.909180 54629.765625 1.044271
672200 300.869324 85.594795 -20750.785156 3365.909180 54629.765625 1.044271
672300 300.869324 85.594803 -20750.785156 3365.909180 54629.765625 1.044271
672400 300.869324 85.594803 -20750.785156 3365.909180 54629.765625 1.044271
672500 300.869324 85.594795 -20750.785156 3365.909180 54629.765625 1.044271
672600 300.869324 85.594795 -20750.785156 3365.909180 54629.765625 1.044271
672700 300.869324 85.597298 -20750.785156 3365.909180 54629.765625 1.044271
672800 300.869324 85.598282 -20750.785156 3365.909180 54629.765625 1.044271
672900 300.869324 85.598801 -20750.785156 3365.909180 54629.765625 1.044271
673000 300.869324 85.599289 -20750.785156 3365.909180 54629.765625 1.044271
673100 300.869324 85.599449 -20750.785156 3365.909180 54629.765625 1.044271
673200 300.869324 85.599648 -20750.785156 3365.909180 54629.765625 1.044271
673300 300.869324 85.599739 -20750.785156 3365.909180 54629.765625 1.044271
673400 300.869324 85.599785 -20750.785156 3365.909180 54629.765625 1.044271
673500 300.869324 85.599800 -20750.785156 3365.909180 54629.765625 1.044271
673600 300.869324 85.599800 -20750.785156 3365.909180 54629.765625 1.044271
673700 300.869324 85.599792 -20750.785156 3365.909180 54629.765625 1.044271
673800 300.869324 85.599792 -20750.785156 3365.909180 54629.765625 1.044271
673900 300.869324 85.599808 -20750.785156 3365.909180 54629.765625 1.044271
674000 300.869324 85.599838 -20750.785156 3365.909180 54629.765625 1.044271
674100 300.869324 85.599854 -20750.785156 3365.909180 54629.765625 1.044271
674200 300.869324 85.599846 -20750.785156 3365.909180 54629.765625 1.044271
674300 300.869324 85.599861 -20750.785156 3365.909180 54629.765625 1.044271
674400 300.869324 85.598579 -20750.785156 3365.909180 54629.753906 1.044271
674500 300.869293 85.598106 -20750.785156 3365.908936 54629.753906 1.044271
674600 300.869293 85.597748 -20750.785156 3365.908936 54629.753906 1.044271
674700 300.869293 85.597504 -20750.785156 3365.908936 54629.753906 1.044271
674800 300.869293 85.597450 -20750.785156 3365.908936 54629.753906 1.044271
674900 300.869293 85.597656 -20750.785156 3365.908936 54629.753906 1.044271
675000 300.869293 85.597221 -20750.785156 3365.908936 54629.753906 1.044271
675100 300.869293 85.596863 -20750.783203 3365.908936 54629.753906 1.044271
675200 300.869293 85.596634 -20750.783203 3365.908936 54629.753906 1.044271
675300 300.869293 85.596535 -20750.783203 3365.908936 54629.753906 1.044271
675400 300.869293 85.596466 -20750.783203 3365.908936 54629.753906 1.044271
675500 300.869293 85.596443 -20750.783203 3365.908936 54629.753906 1.044271
675600 300.869293 85.596420 -20750.783203 3365.908936 54629.753906 1.044271
675700 300.869293 85.596405 -20750.783203 3365.908936 54629.753906 1.044271
675800 300.869293 85.596405 -20750.783203 3365.908936 54629.753906 1.044271
675900 300.869293 85.596397 -20750.783203 3365.908936 54629.753906 1.044271
676000 300.869293 85.596382 -20750.783203 3365.908936 54629.753906 1.044271
676100 300.869293 85.596382 -20750.783203 3365.908936 54629.753906 1.044271
676200 300.869293 85.596382 -20750.783203 3365.908936 54629.753906 1.044271
676300 300.869293 85.596375 -20750.783203 3365.908936 54629.753906 1.044271
676400 300.869293 85.596375 -20750.783203 3365.908936 54629.753906 1.044271
676500 300.869293 85.596375 -20750.783203 3365.908936 54629.753906 1.044271
676600 300.869293 85.596375 -20750.783203 3365.908936 54629.753906 1.044271
676700 300.869293 85.596367 -20750.783203 3365.908936 54629.753906 1.044271
676800 300.869293 85.596413 -20750.783203 3365.908936 54629.753906 1.044271
676900 300.869293 85.596428 -20750.783203 3365.908936 54629.753906 1.044271
677000 300.869293 85.596436 -20750.783203 3365.908936 54629.753906 1.044271
677100 300.869293 85.596443 -20750.783203 3365.908936 54629.753906 1.044271
677200 300.869293 85.596451 -20750.783203 3365.908936 54629.753906 1.044271
677300 300.869293 85.596451 -20750.783203 3365.908936 54629.753906 1.044271
677400 300.869293 85.596451 -20750.783203 3365.908936 54629.753906 1.044271
677500 300.869293 85.596458 -20750.783203 3365.908936 54629.753906 1.044271
677600 300.869293 85.596451 -20750.783203 3365.908936 54629.753906 1.044271
677700 300.869293 85.596458 -20750.783203 3365.908936 54629.753906 1.044271
677800 300.869293 85.596458 -20750.783203 3365.908936 54629.753906 1.044271
677900 300.869293 85.596458 -20750.783203 3365.908936 54629.753906 1.044271
678000 300.869293 85.596451 -20750.783203 3365.908936 54629.753906 1.044271
678100 300.869293 85.596458 -20750.783203 3365.908936 54629.753906 1.044271
678200 300.869293 85.596458 -20750.783203 3365.908936 54629.753906 1.044271
678300 300.869293 85.596458 -20750.783203 3365.908936 54629.753906 1.044271
678400 300.869293 85.596458 -20750.783203 3365.908936 54629.753906 1.044271
678500 300.869293 85.596458 -20750.783203 3365.908936 54629.753906 1.044271
678600 300.869293 85.596458 -20750.783203 3365.908936 54629.753906 1.044271
678700 300.869293 85.596458 -20750.783203 3365.908936 54629.753906 1.044271
678800 300.869293 85.596458 -20750.783203 3365.908936 54629.753906 1.044271
678900 300.869293 85.596458 -20750.783203 3365.908936 54629.753906 1.044271
679000 300.869293 85.596458 -20750.783203 3365.908936 54629.753906 1.044271
679100 300.869293 85.596458 -20750.783203 3365.908936 54629.753906 1.044271
679200 300.869293 85.596458 -20750.783203 3365.908936 54629.753906 1.044271
679300 300.869293 85.596458 -20750.783203 3365.908936 54629.753906 1.044271
679400 300.869293 85.596458 -20750.783203 3365.908936 54629.753906 1.044271
679500 300.869293 85.596458 -20750.783203 3365.908936 54629.753906 1.044271
679600 300.869293 85.596451 -20750.783203 3365.908936 54629.753906 1.044271
679700 300.869293 85.596458 -20750.783203 3365.908936 54629.753906 1.044271
679800 300.869293 85.596458 -20750.783203 3365.908936 54629.753906 1.044271
679900 300.869293 85.596458 -20750.783203 3365.908936 54629.753906 1.044271
680000 300.869293 85.596458 -20750.783203 3365.908936 54629.753906 1.044271
680100 300.869293 85.596458 -20750.783203 3365.908936 54629.753906 1.044271
680200 300.869293 85.596451 -20750.783203 3365.908936 54629.753906 1.044271
680300 300.869293 85.596458 -20750.783203 3365.908936 54629.753906 1.044271
680400 300.869293 85.596458 -20750.783203 3365.908936 54629.753906 1.044271
680500 300.869293 85.596458 -20750.783203 3365.908936 54629.753906 1.044271
680600 300.869293 85.596458 -20750.783203 3365.908936 54629.753906 1.044271
680700 300.869293 85.596458 -20750.783203 3365.908936 54629.753906 1.044271
680800 300.869293 85.596458 -20750.783203 3365.908936 54629.753906 1.044271
680900 300.869293 85.596458 -20750.783203 3365.908936 54629.753906 1.044271
681000 300.869293 85.596458 -20750.783203 3365.908936 54629.753906 1.044271
681100 300.869293 85.596458 -20750.783203 3365.908936 54629.753906 1.044271
681200 300.869293 85.596458 -20750.783203 3365.908936 54629.753906 1.044271
681300 300.869293 85.595459 -20750.783203 3365.908936 54629.753906 1.044271
681400 300.869293 85.594955 -20750.783203 3365.908936 54629.753906 1.044271
681500 300.869293 85.594666 -20750.781250 3365.908936 54629.753906 1.044271
681600 300.869293 85.594498 -20750.781250 3365.908936 54629.753906 1.044271
681700 300.869263 85.594406 -20750.781250 3365.908203 54629.753906 1.044271
681800 300.869263 85.594345 -20750.781250 3365.908203 54629.753906 1.044271
681900 300.869293 85.594055 -20750.781250 3365.908936 54629.753906 1.044271
682000 300.869293 85.593933 -20750.781250 3365.908936 54629.753906 1.044271
682100 300.869293 85.593857 -20750.781250 3365.908936 54629.753906 1.044271
682200 300.869293 85.593819 -20750.781250 3365.908936 54629.753906 1.044271
682300 300.869293 85.593788 -20750.781250 3365.908936 54629.753906 1.044271
682400 300.869293 85.593773 -20750.781250 3365.908936 54629.753906 1.044271
682500 300.869293 85.593765 -20750.781250 3365.908936 54629.753906 1.044271
682600 300.869293 85.593750 -20750.781250 3365.908936 54629.753906 1.044271
682700 300.869293 85.593750 -20750.781250 3365.908936 54629.753906 1.044271
682800 300.869293 85.593750 -20750.781250 3365.908936 54629.753906 1.044271
682900 300.869293 85.593742 -20750.781250 3365.908936 54629.753906 1.044271
683000 300.869293 85.593742 -20750.781250 3365.908936 54629.753906 1.044271
683100 300.869293 85.593742 -20750.781250 3365.908936 54629.753906 1.044271
683200 300.869293 85.593742 -20750.781250 3365.908936 54629.753906 1.044271
683300 300.869293 85.593742 -20750.781250 3365.908936 54629.753906 1.044271
683400 300.869293 85.593742 -20750.781250 3365.908936 54629.753906 1.044271
683500 300.869293 85.593742 -20750.781250 3365.908936 54629.753906 1.044271
683600 300.869293 85.593750 -20750.781250 3365.908936 54629.753906 1.044271
683700 300.869293 85.593750 -20750.781250 3365.908936 54629.753906 1.044271
683800 300.869293 85.593742 -20750.781250 3365.908936 54629.753906 1.044271
683900 300.869293 85.593742 -20750.781250 3365.908936 54629.753906 1.044271
684000 300.869293 85.593742 -20750.781250 3365.908936 54629.753906 1.044271
684100 300.869293 85.593742 -20750.781250 3365.908936 54629.753906 1.044271
684200 300.869293 85.593742 -20750.781250 3365.908936 54629.753906 1.044271
684300 300.869293 85.593742 -20750.781250 3365.908936 54629.753906 1.044271
684400 300.869293 85.593742 -20750.781250 3365.908936 54629.753906 1.044271
684500 300.869293 85.593742 -20750.781250 3365.908936 54629.753906 1.044271
684600 300.869293 85.593742 -20750.781250 3365.908936 54629.753906 1.044271
684700 300.869293 85.593750 -20750.781250 3365.908936 54629.753906 1.044271
684800 300.869293 85.593742 -20750.781250 3365.908936 54629.753906 1.044271
684900 300.869293 85.593750 -20750.781250 3365.908936 54629.753906 1.044271
685000 300.869293 85.593742 -20750.781250 3365.908936 54629.753906 1.044271
685100 300.869293 85.593742 -20750.781250 3365.908936 54629.753906 1.044271
685200 300.869293 85.593742 -20750.781250 3365.908936 54629.753906 1.044271
685300 300.869293 85.593742 -20750.781250 3365.908936 54629.753906 1.044271
685400 300.869293 85.593742 -20750.781250 3365.908936 54629.753906 1.044271
685500 300.869293 85.593742 -20750.781250 3365.908936 54629.753906 1.044271
685600 300.869293 85.593742 -20750.781250 3365.908936 54629.753906 1.044271
685700 300.869293 85.593742 -20750.781250 3365.908936 54629.753906 1.044271
685800 300.869293 85.593742 -20750.781250 3365.908936 54629.753906 1.044271
685900 300.869293 85.593742 -20750.781250 3365.908936 54629.753906 1.044271
686000 300.869293 85.593742 -20750.781250 3365.908936 54629.753906 1.044271
686100 300.869293 85.593742 -20750.781250 3365.908936 54629.753906 1.044271
686200 300.869293 85.593742 -20750.781250 3365.908936 54629.753906 1.044271
686300 300.869293 85.593742 -20750.781250 3365.908936 54629.753906 1.044271
686400 300.869293 85.593742 -20750.781250 3365.908936 54629.753906 1.044271
686500 300.869293 85.593742 -20750.781250 3365.908936 54629.753906 1.044271
686600 300.869293 85.593742 -20750.781250 3365.908936 54629.753906 1.044271
686700 300.869293 85.593742 -20750.781250 3365.908936 54629.753906 1.044271
686800 300.869293 85.593750 -20750.781250 3365.908936 54629.753906 1.044271
686900 300.869293 85.593742 -20750.781250 3365.908936 54629.753906 1.044271
687000 300.869293 85.593742 -20750.781250 3365.908936 54629.753906 1.044271
687100 300.869293 85.593742 -20750.781250 3365.908936 54629.753906 1.044271
687200 300.869293 85.593742 -20750.781250 3365.908936 54629.753906 1.044271
687300 300.869293 85.593742 -20750.781250 3365.908936 54629.753906 1.044271
687400 300.869293 85.593742 -20750.781250 3365.908936 54629.753906 1.044271
687500 300.869293 85.593742 -20750.781250 3365.908936 54629.753906 1.044271
687600 300.869293 85.593742 -20750.781250 3365.908936 54629.753906 1.044271
687700 300.869293 85.593742 -20750.781250 3365.908936 54629.753906 1.044271
687800 300.869293 85.593742 -20750.781250 3365.908936 54629.753906 1.044271
687900 300.869293 85.593742 -20750.781250 3365.908936 54629.753906 1.044271
688000 300.869293 85.593742 -20750.781250 3365.908936 54629.753906 1.044271
688100 300.869293 85.593742 -20750.781250 3365.908936 54629.753906 1.044271
688200 300.869293 85.593742 -20750.781250 3365.908936 54629.753906 1.044271
688300 300.869293 85.593742 -20750.781250 3365.908936 54629.753906 1.044271
688400 300.869293 85.593742 -20750.781250 3365.908936 54629.753906 1.044271
688500 300.869293 85.593750 -20750.781250 3365.908936 54629.753906 1.044271
688600 300.869293 85.593750 -20750.781250 3365.908936 54629.753906 1.044271
688700 300.869293 85.593742 -20750.781250 3365.908936 54629.753906 1.044271
688800 300.869293 85.593750 -20750.781250 3365.908936 54629.753906 1.044271
688900 300.869293 85.593750 -20750.781250 3365.908936 54629.753906 1.044271
689000 300.869293 85.593750 -20750.781250 3365.908936 54629.753906 1.044271
689100 300.869293 85.593758 -20750.781250 3365.908936 54629.753906 1.044271
689200 300.869293 85.593758 -20750.781250 3365.908936 54629.753906 1.044271
689300 300.869293 85.593750 -20750.781250 3365.908936 54629.753906 1.044271
689400 300.869293 85.593750 -20750.781250 3365.908936 54629.753906 1.044271
689500 300.869293 85.593750 -20750.781250 3365.908936 54629.753906 1.044271
689600 300.869293 85.593750 -20750.781250 3365.908936 54629.753906 1.044271
689700 300.869293 85.593750 -20750.781250 3365.908936 54629.753906 1.044271
689800 300.869293 85.593750 -20750.781250 3365.908936 54629.753906 1.044271
689900 300.869293 85.593750 -20750.781250 3365.908936 54629.753906 1.044271
690000 300.869293 85.593750 -20750.781250 3365.908936 54629.753906 1.044271
690100 300.869293 85.593750 -20750.781250 3365.908936 54629.753906 1.044271
690200 300.869293 85.593750 -20750.781250 3365.908936 54629.753906 1.044271
690300 300.869293 85.593750 -20750.781250 3365.908936 54629.753906 1.044271
690400 300.869293 85.593750 -20750.781250 3365.908936 54629.753906 1.044271
690500 300.869293 85.593750 -20750.781250 3365.908936 54629.753906 1.044271
690600 300.869293 85.593750 -20750.781250 3365.908936 54629.753906 1.044271
690700 300.869293 85.593750 -20750.781250 3365.908936 54629.753906 1.044271
690800 300.869293 85.593750 -20750.781250 3365.908936 54629.753906 1.044271
690900 300.869293 85.593750 -20750.781250 3365.908936 54629.753906 1.044271
691000 300.869293 85.593750 -20750.781250 3365.908936 54629.753906 1.044271
691100 300.869293 85.593750 -20750.781250 3365.908936 54629.753906 1.044271
691200 300.869293 85.593750 -20750.781250 3365.908936 54629.753906 1.044271
691300 300.869293 85.593750 -20750.781250 3365.908936 54629.753906 1.044271
691400 300.869293 85.593750 -20750.781250 3365.908936 54629.753906 1.044271
691500 300.869293 85.593750 -20750.781250 3365.908936 54629.753906 1.044271
691600 300.869293 85.593750 -20750.781250 3365.908936 54629.753906 1.044271
691700 300.869293 85.593750 -20750.781250 3365.908936 54629.753906 1.044271
691800 300.869293 85.593750 -20750.781250 3365.908936 54629.753906 1.044271
691900 300.869293 85.593750 -20750.781250 3365.908936 54629.753906 1.044271
692000 300.869293 85.593750 -20750.781250 3365.908936 54629.753906 1.044271
692100 300.869293 85.593750 -20750.781250 3365.908936 54629.753906 1.044271
692200 300.869293 85.593750 -20750.781250 3365.908936 54629.753906 1.044271
692300 300.869293 85.593750 -20750.781250 3365.908936 54629.753906 1.044271
692400 300.869293 85.593750 -20750.781250 3365.908936 54629.753906 1.044271
692500 300.869293 85.593750 -20750.781250 3365.908936 54629.753906 1.044271
692600 300.869293 85.593750 -20750.781250 3365.908936 54629.753906 1.044271
692700 300.869293 85.593750 -20750.781250 3365.908936 54629.753906 1.044271
692800 300.869293 85.593750 -20750.781250 3365.908936 54629.753906 1.044271
692900 300.869293 85.593750 -20750.781250 3365.908936 54629.753906 1.044271
693000 300.869293 85.593750 -20750.781250 3365.908936 54629.753906 1.044271
693100 300.869293 85.593750 -20750.781250 3365.908936 54629.753906 1.044271
693200 300.869293 85.593750 -20750.781250 3365.908936 54629.753906 1.044271
693300 300.869293 85.593750 -20750.781250 3365.908936 54629.753906 1.044271
693400 300.869293 85.593750 -20750.781250 3365.908936 54629.753906 1.044271
693500 300.869293 85.593750 -20750.781250 3365.908936 54629.753906 1.044271
693600 300.869293 85.593750 -20750.781250 3365.908936 54629.753906 1.044271
693700 300.869293 85.593750 -20750.781250 3365.908936 54629.753906 1.044271
693800 300.869293 85.593750 -20750.781250 3365.908936 54629.753906 1.044271
693900 300.869293 85.593750 -20750.781250 3365.908936 54629.753906 1.044271
694000 300.869293 85.593750 -20750.781250 3365.908936 54629.753906 1.044271
694100 300.869293 85.593750 -20750.781250 3365.908936 54629.753906 1.044271
694200 300.869293 85.593750 -20750.781250 3365.908936 54629.753906 1.044271
694300 300.869293 85.593750 -20750.781250 3365.908936 54629.753906 1.044271
694400 300.869293 85.593750 -20750.781250 3365.908936 54629.753906 1.044271
694500 300.869293 85.593750 -20750.781250 3365.908936 54629.753906 1.044271
694600 300.869293 85.593750 -20750.781250 3365.908936 54629.753906 1.044271
694700 300.869293 85.593750 -20750.781250 3365.908936 54629.753906 1.044271
694800 300.869293 85.593750 -20750.781250 3365.908936 54629.753906 1.044271
694900 300.869293 85.593750 -20750.781250 3365.908936 54629.753906 1.044271
695000 300.869293 85.593758 -20750.781250 3365.908936 54629.753906 1.044271
695100 300.869293 85.593758 -20750.781250 3365.908936 54629.753906 1.044271
695200 300.869293 85.593750 -20750.781250 3365.908936 54629.753906 1.044271
695300 300.869293 85.593750 -20750.781250 3365.908936 54629.753906 1.044271
695400 300.869293 85.593758 -20750.781250 3365.908936 54629.753906 1.044271
695500 300.869293 85.593750 -20750.781250 3365.908936 54629.753906 1.044271
695600 300.869293 85.593750 -20750.781250 3365.908936 54629.753906 1.044271
695700 300.869293 85.593758 -20750.781250 3365.908936 54629.753906 1.044271
695800 300.869293 85.593758 -20750.781250 3365.908936 54629.753906 1.044271
695900 300.869293 85.593758 -20750.781250 3365.908936 54629.753906 1.044271
696000 300.869293 85.593758 -20750.781250 3365.908936 54629.753906 1.044271
696100 300.869293 85.593758 -20750.781250 3365.908936 54629.753906 1.044271
696200 300.869293 85.593758 -20750.781250 3365.908936 54629.753906 1.044271
696300 300.869293 85.593758 -20750.781250 3365.908936 54629.753906 1.044271
696400 300.869293 85.593758 -20750.781250 3365.908936 54629.753906 1.044271
696500 300.869293 85.593758 -20750.781250 3365.908936 54629.753906 1.044271
696600 300.869293 85.593758 -20750.781250 3365.908936 54629.753906 1.044271
696700 300.869293 85.593758 -20750.781250 3365.908936 54629.753906 1.044271
696800 300.869293 85.593750 -20750.781250 3365.908936 54629.753906 1.044271
696900 300.869293 85.593758 -20750.781250 3365.908936 54629.753906 1.044271
697000 300.869293 85.593758 -20750.781250 3365.908936 54629.753906 1.044271
697100 300.869293 85.593750 -20750.781250 3365.908936 54629.753906 1.044271
697200 300.869293 85.593750 -20750.781250 3365.908936 54629.753906 1.044271
697300 300.869293 85.593758 -20750.781250 3365.908936 54629.753906 1.044271
697400 300.869293 85.593750 -20750.781250 3365.908936 54629.753906 1.044271
697500 300.869293 85.593758 -20750.781250 3365.908936 54629.753906 1.044271
697600 300.869293 85.593758 -20750.781250 3365.908936 54629.753906 1.044271
697700 300.869293 85.593758 -20750.781250 3365.908936 54629.753906 1.044271
697800 300.869293 85.593758 -20750.781250 3365.908936 54629.753906 1.044271
697900 300.869293 85.593758 -20750.781250 3365.908936 54629.753906 1.044271
698000 300.869293 85.593758 -20750.781250 3365.908936 54629.753906 1.044271
698100 300.869293 85.593750 -20750.781250 3365.908936 54629.753906 1.044271
698200 300.869293 85.593750 -20750.781250 3365.908936 54629.753906 1.044271
698300 300.869293 85.593750 -20750.781250 3365.908936 54629.753906 1.044271
698400 300.869293 85.593750 -20750.781250 3365.908936 54629.753906 1.044271
698500 300.869293 85.593758 -20750.781250 3365.908936 54629.753906 1.044271
698600 300.869293 85.593758 -20750.781250 3365.908936 54629.753906 1.044271
698700 300.869293 85.593758 -20750.781250 3365.908936 54629.753906 1.044271
698800 300.869293 85.593758 -20750.781250 3365.908936 54629.753906 1.044271
698900 300.869293 85.593750 -20750.781250 3365.908936 54629.753906 1.044271
699000 300.869293 85.593750 -20750.781250 3365.908936 54629.753906 1.044271
699100 300.869293 85.593750 -20750.781250 3365.908936 54629.753906 1.044271
699200 300.869293 85.593750 -20750.781250 3365.908936 54629.753906 1.044271
699300 300.869293 85.593750 -20750.781250 3365.908936 54629.753906 1.044271
699400 300.869293 85.593758 -20750.781250 3365.908936 54629.753906 1.044271
699500 300.869293 85.593758 -20750.781250 3365.908936 54629.753906 1.044271
699600 300.869293 85.593750 -20750.781250 3365.908936 54629.753906 1.044271
699700 300.869293 85.593758 -20750.781250 3365.908936 54629.753906 1.044271
699800 300.869293 85.593758 -20750.781250 3365.908936 54629.753906 1.044271
699900 300.869293 85.593758 -20750.781250 3365.908936 54629.753906 1.044271
700000 300.869293 85.593758 -20750.781250 3365.908936 54629.753906 1.044271
