# Time-averaged data for fix thermo_detailed
# TimeStep v_temp v_press v_pe v_ke v_vol v_dens
600100 299.235901 -74.892494 -20950.302734 3347.635498 54635.042969 1.044170
600200 299.340302 -119.855103 -20930.761719 3348.803711 54530.289062 1.046176
600300 299.523163 -130.545395 -20903.027344 3350.849365 54556.816406 1.045668
600400 299.649078 -132.204697 -20882.431641 3352.257812 54581.000000 1.045204
600500 299.731903 -129.927277 -20867.285156 3353.184326 54600.652344 1.044828
600600 299.785461 -126.476700 -20856.257812 3353.783691 54615.570312 1.044543
600700 299.819977 -123.045166 -20848.214844 3354.169922 54626.601562 1.044332
600800 299.842468 -120.074844 -20842.318359 3354.421387 54634.664062 1.044178
600900 299.857483 -117.657822 -20837.951172 3354.589355 54640.574219 1.044065
601000 299.867828 -115.753822 -20834.691406 3354.705078 54644.914062 1.043982
601100 299.875275 -114.287827 -20832.236328 3354.788330 54648.144531 1.043920
601200 299.880859 -113.159904 -20830.361328 3354.850830 54650.546875 1.043874
601300 299.885254 -112.300041 -20828.908203 3354.900146 54652.359375 1.043839
601400 299.888824 -111.640221 -20827.761719 3354.939941 54653.738281 1.043813
601500 299.891785 -111.125160 -20826.855469 3354.972900 54654.796875 1.043793
601600 299.894318 -110.723785 -20826.119141 3355.001465 54655.621094 1.043777
601700 299.896484 -110.405090 -20825.513672 3355.025635 54656.269531 1.043765
601800 299.898407 -110.152298 -20825.009766 3355.047119 54656.781250 1.043755
601900 299.900116 -109.945190 -20824.587891 3355.066162 54657.191406 1.043747
602000 299.901581 -109.773346 -20824.226562 3355.082764 54657.523438 1.043741
602100 299.902924 -109.632271 -20823.921875 3355.097412 54657.792969 1.043736
602200 299.904114 -109.510040 -20823.650391 3355.111084 54658.023438 1.043731
602300 299.905182 -109.408432 -20823.419922 3355.123047 54658.210938 1.043728
602400 299.906158 -109.323380 -20823.224609 3355.133789 54658.367188 1.043725
602500 299.906982 -109.246727 -20823.042969 3355.143066 54658.496094 1.043722
602600 299.907745 -109.182198 -20822.890625 3355.151611 54658.605469 1.043720
602700 299.908447 -109.129005 -20822.757812 3355.159668 54658.703125 1.043718
602800 299.909088 -109.077454 -20822.638672 3355.166504 54658.773438 1.043717
602900 299.909637 -109.037064 -20822.535156 3355.172852 54658.839844 1.043716
603000 299.910187 -108.999634 -20822.439453 3355.179199 54658.902344 1.043715
603100 299.910645 -108.966141 -20822.357422 3355.184082 54658.953125 1.043714
603200 299.911072 -108.936272 -20822.281250 3355.188721 54658.996094 1.043713
603300 299.911469 -108.905495 -20822.207031 3355.193359 54659.042969 1.043712
603400 299.911835 -108.876656 -20822.142578 3355.197266 54659.074219 1.043711
603500 299.912140 -108.853477 -20822.085938 3355.200928 54659.101562 1.043711
603600 299.912415 -108.835991 -20822.041016 3355.203857 54659.132812 1.043710
603700 299.912689 -108.817184 -20821.994141 3355.206787 54659.156250 1.043710
603800 299.912933 -108.800674 -20821.949219 3355.209717 54659.171875 1.043709
603900 299.913177 -108.782776 -20821.908203 3355.212402 54659.191406 1.043709
604000 299.913391 -108.764992 -20821.869141 3355.214844 54659.207031 1.043709
604100 299.913574 -108.751785 -20821.837891 3355.216797 54659.222656 1.043708
604200 299.913757 -108.741165 -20821.808594 3355.218750 54659.226562 1.043708
604300 299.913910 -108.732033 -20821.783203 3355.220703 54659.238281 1.043708
604400 299.914093 -108.722466 -20821.757812 3355.222656 54659.253906 1.043708
604500 299.914215 -108.709282 -20821.730469 3355.224121 54659.265625 1.043708
604600 299.914368 -108.698456 -20821.710938 3355.225586 54659.265625 1.043708
604700 299.914490 -108.688660 -20821.689453 3355.227051 54659.269531 1.043707
604800 299.914581 -108.680397 -20821.671875 3355.228027 54659.281250 1.043707
604900 299.914703 -108.672066 -20821.652344 3355.229248 54659.281250 1.043707
605000 299.914795 -108.664940 -20821.632812 3355.230713 54659.289062 1.043707
605100 299.914856 -108.658630 -20821.615234 3355.231201 54659.296875 1.043707
605200 299.914917 -108.653664 -20821.603516 3355.231934 54659.300781 1.043707
605300 299.915039 -108.646950 -20821.589844 3355.233154 54659.300781 1.043707
605400 299.915100 -108.641144 -20821.574219 3355.233887 54659.300781 1.043707
605500 299.915161 -108.635262 -20821.562500 3355.234619 54659.312500 1.043707
605600 299.915192 -108.630707 -20821.546875 3355.234863 54659.316406 1.043707
605700 299.915253 -108.625900 -20821.533203 3355.235596 54659.316406 1.043707
605800 299.915314 -108.620316 -20821.519531 3355.236328 54659.320312 1.043707
605900 299.915375 -108.617081 -20821.509766 3355.236816 54659.320312 1.043707
606000 299.915436 -108.615189 -20821.500000 3355.237549 54659.320312 1.043707
606100 299.915497 -108.609833 -20821.494141 3355.238281 54659.328125 1.043706
606200 299.915558 -108.606216 -20821.486328 3355.238770 54659.320312 1.043707
606300 299.915588 -108.600555 -20821.476562 3355.239258 54659.320312 1.043707
606400 299.915619 -108.598824 -20821.466797 3355.239990 54659.328125 1.043706
606500 299.915649 -108.596512 -20821.458984 3355.240234 54659.332031 1.043706
606600 299.915680 -108.595543 -20821.453125 3355.240479 54659.343750 1.043706
606700 299.915680 -108.592987 -20821.451172 3355.240479 54659.343750 1.043706
606800 299.915710 -108.591156 -20821.445312 3355.240967 54659.343750 1.043706
606900 299.915771 -108.588539 -20821.441406 3355.241455 54659.343750 1.043706
607000 299.915802 -108.587540 -20821.437500 3355.241943 54659.343750 1.043706
607100 299.915863 -108.585243 -20821.433594 3355.242432 54659.343750 1.043706
607200 299.915894 -108.584183 -20821.427734 3355.242920 54659.332031 1.043706
607300 299.915924 -108.583153 -20821.421875 3355.243164 54659.332031 1.043706
607400 299.915924 -108.583519 -20821.416016 3355.243164 54659.328125 1.043706
607500 299.915955 -108.581871 -20821.410156 3355.243408 54659.328125 1.043706
607600 299.915955 -108.580276 -20821.406250 3355.243408 54659.332031 1.043706
607700 299.915985 -108.576515 -20821.398438 3355.243896 54659.332031 1.043706
607800 299.916016 -108.574066 -20821.394531 3355.244141 54659.332031 1.043706
607900 299.916016 -108.572510 -20821.394531 3355.244141 54659.328125 1.043706
608000 299.916016 -108.571136 -20821.394531 3355.244141 54659.328125 1.043706
608100 299.916016 -108.569603 -20821.394531 3355.244141 54659.328125 1.043706
608200 299.916046 -108.569473 -20821.392578 3355.244385 54659.328125 1.043706
608300 299.916046 -108.568970 -20821.390625 3355.244385 54659.328125 1.043706
608400 299.916046 -108.564705 -20821.386719 3355.244385 54659.328125 1.043706
608500 299.916077 -108.563171 -20821.384766 3355.244873 54659.328125 1.043706
608600 299.916077 -108.562469 -20821.380859 3355.244873 54659.328125 1.043706
608700 299.916077 -108.561554 -20821.378906 3355.244873 54659.328125 1.043706
608800 299.916077 -108.560310 -20821.376953 3355.244873 54659.328125 1.043706
608900 299.916077 -108.560081 -20821.376953 3355.244873 54659.328125 1.043706
609000 299.916077 -108.559082 -20821.375000 3355.244873 54659.332031 1.043706
609100 299.916077 -108.557816 -20821.371094 3355.244873 54659.332031 1.043706
609200 299.916107 -108.556084 -20821.367188 3355.245117 54659.343750 1.043706
609300 299.916107 -108.555031 -20821.363281 3355.245117 54659.343750 1.043706
609400 299.916138 -108.553741 -20821.357422 3355.245605 54659.343750 1.043706
609500 299.916138 -108.552872 -20821.355469 3355.245605 54659.343750 1.043706
609600 299.916138 -108.552917 -20821.353516 3355.245605 54659.343750 1.043706
609700 299.916138 -108.552673 -20821.351562 3355.245605 54659.343750 1.043706
609800 299.916138 -108.551567 -20821.349609 3355.245605 54659.343750 1.043706
609900 299.916168 -108.550926 -20821.349609 3355.245850 54659.343750 1.043706
610000 299.916168 -108.551277 -20821.347656 3355.245850 54659.332031 1.043706
610100 299.916168 -108.551498 -20821.347656 3355.245850 54659.332031 1.043706
610200 299.916168 -108.551224 -20821.347656 3355.245850 54659.332031 1.043706
610300 299.916168 -108.551613 -20821.347656 3355.245850 54659.332031 1.043706
610400 299.916199 -108.551369 -20821.345703 3355.246094 54659.332031 1.043706
610500 299.916199 -108.551224 -20821.343750 3355.246094 54659.332031 1.043706
610600 299.916199 -108.550423 -20821.341797 3355.246094 54659.332031 1.043706
610700 299.916199 -108.549942 -20821.339844 3355.246094 54659.332031 1.043706
610800 299.916199 -108.550720 -20821.339844 3355.246094 54659.332031 1.043706
610900 299.916199 -108.551430 -20821.337891 3355.246094 54659.332031 1.043706
611000 299.916199 -108.551773 -20821.337891 3355.246094 54659.332031 1.043706
611100 299.916229 -108.552460 -20821.337891 3355.246582 54659.332031 1.043706
611200 299.916229 -108.553261 -20821.335938 3355.246582 54659.332031 1.043706
611300 299.916229 -108.553719 -20821.335938 3355.246582 54659.332031 1.043706
611400 299.916229 -108.552490 -20821.333984 3355.246582 54659.332031 1.043706
611500 299.916229 -108.551544 -20821.333984 3355.246582 54659.332031 1.043706
611600 299.916229 -108.550034 -20821.332031 3355.246582 54659.332031 1.043706
611700 299.916229 -108.547676 -20821.330078 3355.246582 54659.332031 1.043706
611800 299.916229 -108.546188 -20821.330078 3355.246582 54659.332031 1.043706
611900 299.916229 -108.545387 -20821.330078 3355.246582 54659.332031 1.043706
612000 299.916229 -108.544106 -20821.328125 3355.246582 54659.332031 1.043706
612100 299.916229 -108.543396 -20821.328125 3355.246582 54659.332031 1.043706
612200 299.916260 -108.542191 -20821.326172 3355.246826 54659.343750 1.043706
612300 299.916290 -108.541130 -20821.324219 3355.247070 54659.343750 1.043706
612400 299.916290 -108.540512 -20821.322266 3355.247070 54659.343750 1.043706
612500 299.916290 -108.540291 -20821.322266 3355.247070 54659.343750 1.043706
612600 299.916290 -108.539986 -20821.320312 3355.247070 54659.343750 1.043706
612700 299.916290 -108.539742 -20821.320312 3355.247070 54659.343750 1.043706
612800 299.916290 -108.539505 -20821.320312 3355.247070 54659.343750 1.043706
612900 299.916290 -108.539391 -20821.320312 3355.247070 54659.343750 1.043706
613000 299.916290 -108.538956 -20821.320312 3355.247070 54659.343750 1.043706
613100 299.916321 -108.538681 -20821.320312 3355.247559 54659.347656 1.043706
613200 299.916321 -108.538841 -20821.322266 3355.247559 54659.347656 1.043706
613300 299.916321 -108.539047 -20821.322266 3355.247559 54659.347656 1.043706
613400 299.916321 -108.539070 -20821.322266 3355.247559 54659.347656 1.043706
613500 299.916321 -108.539185 -20821.322266 3355.247559 54659.347656 1.043706
613600 299.916321 -108.539261 -20821.322266 3355.247559 54659.347656 1.043706
613700 299.916321 -108.539276 -20821.322266 3355.247559 54659.347656 1.043706
613800 299.916321 -108.539803 -20821.322266 3355.247559 54659.347656 1.043706
613900 299.916321 -108.539917 -20821.320312 3355.247559 54659.343750 1.043706
614000 299.916321 -108.538780 -20821.322266 3355.247559 54659.343750 1.043706
614100 299.916321 -108.538223 -20821.322266 3355.247559 54659.343750 1.043706
614200 299.916321 -108.539139 -20821.322266 3355.247559 54659.343750 1.043706
614300 299.916321 -108.539665 -20821.322266 3355.247559 54659.343750 1.043706
614400 299.916321 -108.539993 -20821.322266 3355.247559 54659.343750 1.043706
614500 299.916321 -108.540192 -20821.320312 3355.247559 54659.343750 1.043706
614600 299.916321 -108.540352 -20821.320312 3355.247559 54659.343750 1.043706
614700 299.916321 -108.540398 -20821.320312 3355.247559 54659.343750 1.043706
614800 299.916321 -108.540466 -20821.320312 3355.247559 54659.343750 1.043706
614900 299.916321 -108.540489 -20821.320312 3355.247559 54659.343750 1.043706
615000 299.916321 -108.540535 -20821.320312 3355.247559 54659.343750 1.043706
615100 299.916321 -108.540489 -20821.320312 3355.247559 54659.343750 1.043706
615200 299.916321 -108.539848 -20821.320312 3355.247559 54659.343750 1.043706
615300 299.916321 -108.539513 -20821.320312 3355.247559 54659.343750 1.043706
615400 299.916321 -108.539276 -20821.320312 3355.247559 54659.343750 1.043706
615500 299.916321 -108.539101 -20821.318359 3355.247559 54659.343750 1.043706
615600 299.916321 -108.539024 -20821.318359 3355.247559 54659.343750 1.043706
615700 299.916321 -108.538940 -20821.318359 3355.247559 54659.343750 1.043706
615800 299.916321 -108.538910 -20821.318359 3355.247559 54659.343750 1.043706
615900 299.916321 -108.540878 -20821.318359 3355.247559 54659.343750 1.043706
616000 299.916321 -108.541473 -20821.318359 3355.247559 54659.343750 1.043706
616100 299.916321 -108.542618 -20821.318359 3355.247559 54659.343750 1.043706
616200 299.916321 -108.543175 -20821.318359 3355.247559 54659.343750 1.043706
616300 299.916321 -108.543465 -20821.318359 3355.247559 54659.343750 1.043706
616400 299.916321 -108.543610 -20821.318359 3355.247559 54659.343750 1.043706
616500 299.916321 -108.543694 -20821.318359 3355.247559 54659.343750 1.043706
616600 299.916321 -108.543716 -20821.318359 3355.247559 54659.343750 1.043706
616700 299.916321 -108.542847 -20821.318359 3355.247559 54659.343750 1.043706
616800 299.916321 -108.542351 -20821.318359 3355.247559 54659.343750 1.043706
616900 299.916321 -108.541817 -20821.318359 3355.247559 54659.347656 1.043706
617000 299.916321 -108.541428 -20821.316406 3355.247559 54659.347656 1.043706
617100 299.916321 -108.541176 -20821.316406 3355.247559 54659.347656 1.043706
617200 299.916321 -108.541229 -20821.316406 3355.247559 54659.347656 1.043706
617300 299.916321 -108.541199 -20821.316406 3355.247559 54659.343750 1.043706
617400 299.916321 -108.540901 -20821.316406 3355.247559 54659.343750 1.043706
617500 299.916321 -108.540909 -20821.316406 3355.247559 54659.343750 1.043706
617600 299.916321 -108.540329 -20821.316406 3355.247559 54659.343750 1.043706
617700 299.916321 -108.539940 -20821.316406 3355.247559 54659.343750 1.043706
617800 299.916321 -108.539688 -20821.316406 3355.247559 54659.343750 1.043706
617900 299.916321 -108.539505 -20821.314453 3355.247559 54659.343750 1.043706
618000 299.916321 -108.539398 -20821.314453 3355.247559 54659.343750 1.043706
618100 299.916321 -108.539330 -20821.314453 3355.247559 54659.343750 1.043706
618200 299.916321 -108.539261 -20821.316406 3355.247559 54659.343750 1.043706
618300 299.916321 -108.539848 -20821.316406 3355.247559 54659.343750 1.043706
618400 299.916321 -108.540245 -20821.316406 3355.247559 54659.343750 1.043706
618500 299.916321 -108.539894 -20821.316406 3355.247559 54659.343750 1.043706
618600 299.916321 -108.539757 -20821.316406 3355.247559 54659.343750 1.043706
618700 299.916321 -108.539688 -20821.316406 3355.247559 54659.343750 1.043706
618800 299.916321 -108.539665 -20821.316406 3355.247559 54659.343750 1.043706
618900 299.916321 -108.539650 -20821.316406 3355.247559 54659.343750 1.043706
619000 299.916321 -108.539688 -20821.316406 3355.247559 54659.343750 1.043706
619100 299.916321 -108.539673 -20821.316406 3355.247559 54659.343750 1.043706
619200 299.916321 -108.539673 -20821.316406 3355.247559 54659.343750 1.043706
619300 299.916321 -108.539688 -20821.316406 3355.247559 54659.343750 1.043706
619400 299.916321 -108.539696 -20821.316406 3355.247559 54659.343750 1.043706
619500 299.916321 -108.539688 -20821.316406 3355.247559 54659.343750 1.043706
619600 299.916321 -108.539688 -20821.316406 3355.247559 54659.343750 1.043706
619700 299.916321 -108.539696 -20821.316406 3355.247559 54659.343750 1.043706
619800 299.916321 -108.539688 -20821.316406 3355.247559 54659.343750 1.043706
619900 299.916321 -108.539688 -20821.316406 3355.247559 54659.343750 1.043706
620000 299.916321 -108.539688 -20821.316406 3355.247559 54659.343750 1.043706
620100 299.916321 -108.539711 -20821.316406 3355.247559 54659.343750 1.043706
620200 299.916321 -108.539734 -20821.316406 3355.247559 54659.343750 1.043706
620300 299.916321 -108.539734 -20821.316406 3355.247559 54659.343750 1.043706
620400 299.916321 -108.539742 -20821.316406 3355.247559 54659.343750 1.043706
620500 299.916321 -108.539757 -20821.316406 3355.247559 54659.343750 1.043706
620600 299.916321 -108.539757 -20821.316406 3355.247559 54659.343750 1.043706
620700 299.916321 -108.539757 -20821.316406 3355.247559 54659.343750 1.043706
620800 299.916321 -108.539757 -20821.316406 3355.247559 54659.343750 1.043706
620900 299.916321 -108.539757 -20821.316406 3355.247559 54659.343750 1.043706
621000 299.916321 -108.539757 -20821.316406 3355.247559 54659.343750 1.043706
621100 299.916321 -108.539757 -20821.316406 3355.247559 54659.343750 1.043706
621200 299.916321 -108.539757 -20821.316406 3355.247559 54659.343750 1.043706
621300 299.916321 -108.539757 -20821.316406 3355.247559 54659.343750 1.043706
621400 299.916321 -108.539757 -20821.316406 3355.247559 54659.343750 1.043706
621500 299.916321 -108.539757 -20821.316406 3355.247559 54659.343750 1.043706
621600 299.916321 -108.539757 -20821.316406 3355.247559 54659.343750 1.043706
621700 299.916321 -108.539787 -20821.314453 3355.247559 54659.343750 1.043706
621800 299.916321 -108.539963 -20821.314453 3355.247559 54659.343750 1.043706
621900 299.916321 -108.539391 -20821.314453 3355.247559 54659.343750 1.043706
622000 299.916321 -108.539047 -20821.314453 3355.247559 54659.343750 1.043706
622100 299.916321 -108.538841 -20821.314453 3355.247559 54659.343750 1.043706
622200 299.916321 -108.538727 -20821.312500 3355.247559 54659.343750 1.043706
622300 299.916321 -108.538658 -20821.312500 3355.247559 54659.343750 1.043706
622400 299.916321 -108.538620 -20821.312500 3355.247559 54659.343750 1.043706
622500 299.916321 -108.538773 -20821.312500 3355.247559 54659.343750 1.043706
622600 299.916321 -108.538818 -20821.312500 3355.247559 54659.343750 1.043706
622700 299.916321 -108.538849 -20821.312500 3355.247559 54659.343750 1.043706
622800 299.916321 -108.538864 -20821.312500 3355.247559 54659.343750 1.043706
622900 299.916321 -108.538849 -20821.312500 3355.247559 54659.343750 1.043706
623000 299.916321 -108.538864 -20821.312500 3355.247559 54659.343750 1.043706
623100 299.916321 -108.538864 -20821.312500 3355.247559 54659.343750 1.043706
623200 299.916321 -108.538872 -20821.312500 3355.247559 54659.343750 1.043706
623300 299.916321 -108.538864 -20821.312500 3355.247559 54659.343750 1.043706
623400 299.916321 -108.538872 -20821.312500 3355.247559 54659.343750 1.043706
623500 299.916321 -108.538887 -20821.312500 3355.247559 54659.343750 1.043706
623600 299.916321 -108.538895 -20821.312500 3355.247559 54659.343750 1.043706
623700 299.916321 -108.538910 -20821.312500 3355.247559 54659.343750 1.043706
623800 299.916321 -108.538933 -20821.312500 3355.247559 54659.343750 1.043706
623900 299.916321 -108.538933 -20821.312500 3355.247559 54659.343750 1.043706
624000 299.916321 -108.538933 -20821.312500 3355.247559 54659.343750 1.043706
624100 299.916321 -108.538933 -20821.312500 3355.247559 54659.343750 1.043706
624200 299.916321 -108.538933 -20821.312500 3355.247559 54659.343750 1.043706
624300 299.916321 -108.538933 -20821.312500 3355.247559 54659.343750 1.043706
624400 299.916321 -108.538933 -20821.312500 3355.247559 54659.343750 1.043706
624500 299.916321 -108.538933 -20821.312500 3355.247559 54659.343750 1.043706
624600 299.916321 -108.538933 -20821.312500 3355.247559 54659.343750 1.043706
624700 299.916321 -108.538933 -20821.312500 3355.247559 54659.343750 1.043706
624800 299.916321 -108.538933 -20821.312500 3355.247559 54659.343750 1.043706
624900 299.916321 -108.538933 -20821.312500 3355.247559 54659.343750 1.043706
625000 299.916321 -108.538933 -20821.312500 3355.247559 54659.343750 1.043706
625100 299.916321 -108.538933 -20821.312500 3355.247559 54659.343750 1.043706
625200 299.916321 -108.538933 -20821.312500 3355.247559 54659.343750 1.043706
625300 299.916321 -108.538933 -20821.312500 3355.247559 54659.343750 1.043706
625400 299.916321 -108.538933 -20821.312500 3355.247559 54659.343750 1.043706
625500 299.916321 -108.538956 -20821.312500 3355.247559 54659.343750 1.043706
625600 299.916321 -108.538910 -20821.312500 3355.247559 54659.343750 1.043706
625700 299.916321 -108.538918 -20821.312500 3355.247559 54659.343750 1.043706
625800 299.916321 -108.538918 -20821.312500 3355.247559 54659.343750 1.043706
625900 299.916321 -108.538933 -20821.312500 3355.247559 54659.343750 1.043706
626000 299.916321 -108.538940 -20821.312500 3355.247559 54659.343750 1.043706
626100 299.916321 -108.538910 -20821.312500 3355.247559 54659.343750 1.043706
626200 299.916321 -108.538895 -20821.312500 3355.247559 54659.343750 1.043706
626300 299.916321 -108.538895 -20821.312500 3355.247559 54659.343750 1.043706
626400 299.916321 -108.538887 -20821.312500 3355.247559 54659.343750 1.043706
626500 299.916321 -108.538864 -20821.312500 3355.247559 54659.343750 1.043706
626600 299.916321 -108.538887 -20821.312500 3355.247559 54659.343750 1.043706
626700 299.916321 -108.538895 -20821.312500 3355.247559 54659.343750 1.043706
626800 299.916321 -108.538910 -20821.312500 3355.247559 54659.343750 1.043706
626900 299.916321 -108.538933 -20821.312500 3355.247559 54659.343750 1.043706
627000 299.916321 -108.538895 -20821.312500 3355.247559 54659.343750 1.043706
627100 299.916321 -108.538887 -20821.312500 3355.247559 54659.343750 1.043706
627200 299.916321 -108.538910 -20821.312500 3355.247559 54659.343750 1.043706
627300 299.916321 -108.538895 -20821.312500 3355.247559 54659.343750 1.043706
627400 299.916321 -108.538910 -20821.312500 3355.247559 54659.343750 1.043706
627500 299.916321 -108.538910 -20821.312500 3355.247559 54659.343750 1.043706
627600 299.916321 -108.538895 -20821.312500 3355.247559 54659.343750 1.043706
627700 299.916321 -108.538887 -20821.312500 3355.247559 54659.343750 1.043706
627800 299.916321 -108.538887 -20821.312500 3355.247559 54659.343750 1.043706
627900 299.916321 -108.538872 -20821.312500 3355.247559 54659.343750 1.043706
628000 299.916321 -108.538864 -20821.312500 3355.247559 54659.343750 1.043706
628100 299.916321 -108.538872 -20821.312500 3355.247559 54659.343750 1.043706
628200 299.916321 -108.538864 -20821.312500 3355.247559 54659.343750 1.043706
628300 299.916321 -108.538864 -20821.312500 3355.247559 54659.343750 1.043706
628400 299.916321 -108.538864 -20821.312500 3355.247559 54659.343750 1.043706
628500 299.916321 -108.538864 -20821.312500 3355.247559 54659.343750 1.043706
628600 299.916321 -108.538887 -20821.312500 3355.247559 54659.343750 1.043706
628700 299.916321 -108.538895 -20821.312500 3355.247559 54659.343750 1.043706
628800 299.916321 -108.538910 -20821.312500 3355.247559 54659.343750 1.043706
628900 299.916321 -108.538933 -20821.312500 3355.247559 54659.343750 1.043706
629000 299.916321 -108.538933 -20821.312500 3355.247559 54659.343750 1.043706
629100 299.916321 -108.538933 -20821.312500 3355.247559 54659.343750 1.043706
629200 299.916321 -108.538940 -20821.312500 3355.247559 54659.343750 1.043706
629300 299.916321 -108.538910 -20821.312500 3355.247559 54659.343750 1.043706
629400 299.916321 -108.538895 -20821.312500 3355.247559 54659.343750 1.043706
629500 299.916321 -108.538887 -20821.312500 3355.247559 54659.343750 1.043706
629600 299.916321 -108.539436 -20821.312500 3355.247559 54659.343750 1.043706
629700 299.916321 -108.539803 -20821.312500 3355.247559 54659.343750 1.043706
629800 299.916321 -108.540054 -20821.312500 3355.247559 54659.343750 1.043706
629900 299.916321 -108.540192 -20821.312500 3355.247559 54659.343750 1.043706
630000 299.916321 -108.540169 -20821.310547 3355.247559 54659.343750 1.043706
630100 299.916321 -108.540123 -20821.310547 3355.247559 54659.343750 1.043706
630200 299.916321 -108.540100 -20821.310547 3355.247559 54659.343750 1.043706
630300 299.916321 -108.540077 -20821.310547 3355.247559 54659.343750 1.043706
630400 299.916321 -108.540077 -20821.310547 3355.247559 54659.343750 1.043706
630500 299.916321 -108.540054 -20821.310547 3355.247559 54659.343750 1.043706
630600 299.916321 -108.540054 -20821.310547 3355.247559 54659.343750 1.043706
630700 299.916321 -108.540054 -20821.310547 3355.247559 54659.343750 1.043706
630800 299.916321 -108.540031 -20821.310547 3355.247559 54659.343750 1.043706
630900 299.916321 -108.540031 -20821.310547 3355.247559 54659.343750 1.043706
631000 299.916321 -108.540016 -20821.310547 3355.247559 54659.343750 1.043706
631100 299.916321 -108.540016 -20821.310547 3355.247559 54659.343750 1.043706
631200 299.916321 -108.540016 -20821.310547 3355.247559 54659.343750 1.043706
631300 299.916321 -108.540016 -20821.310547 3355.247559 54659.343750 1.043706
631400 299.916321 -108.540009 -20821.310547 3355.247559 54659.343750 1.043706
631500 299.916321 -108.540009 -20821.310547 3355.247559 54659.343750 1.043706
631600 299.916321 -108.540009 -20821.310547 3355.247559 54659.343750 1.043706
631700 299.916321 -108.540009 -20821.310547 3355.247559 54659.343750 1.043706
631800 299.916321 -108.540009 -20821.310547 3355.247559 54659.343750 1.043706
631900 299.916321 -108.540009 -20821.310547 3355.247559 54659.343750 1.043706
632000 299.916321 -108.540009 -20821.310547 3355.247559 54659.343750 1.043706
632100 299.916321 -108.540009 -20821.310547 3355.247559 54659.343750 1.043706
632200 299.916321 -108.540009 -20821.310547 3355.247559 54659.343750 1.043706
632300 299.916321 -108.540009 -20821.310547 3355.247559 54659.343750 1.043706
632400 299.916321 -108.540009 -20821.310547 3355.247559 54659.343750 1.043706
632500 299.916321 -108.540009 -20821.310547 3355.247559 54659.343750 1.043706
632600 299.916321 -108.540009 -20821.310547 3355.247559 54659.343750 1.043706
632700 299.916321 -108.540009 -20821.310547 3355.247559 54659.343750 1.043706
632800 299.916321 -108.540009 -20821.310547 3355.247559 54659.343750 1.043706
632900 299.916321 -108.540009 -20821.310547 3355.247559 54659.343750 1.043706
633000 299.916321 -108.540009 -20821.310547 3355.247559 54659.343750 1.043706
633100 299.916321 -108.540009 -20821.310547 3355.247559 54659.343750 1.043706
633200 299.916321 -108.540009 -20821.310547 3355.247559 54659.343750 1.043706
633300 299.916321 -108.540009 -20821.310547 3355.247559 54659.343750 1.043706
633400 299.916321 -108.540009 -20821.310547 3355.247559 54659.343750 1.043706
633500 299.916321 -108.540009 -20821.310547 3355.247559 54659.343750 1.043706
633600 299.916321 -108.540009 -20821.310547 3355.247559 54659.343750 1.043706
633700 299.916321 -108.540009 -20821.310547 3355.247559 54659.343750 1.043706
633800 299.916321 -108.540009 -20821.310547 3355.247559 54659.343750 1.043706
633900 299.916321 -108.540009 -20821.310547 3355.247559 54659.343750 1.043706
634000 299.916321 -108.540009 -20821.310547 3355.247559 54659.343750 1.043706
634100 299.916321 -108.540009 -20821.310547 3355.247559 54659.343750 1.043706
634200 299.916321 -108.540009 -20821.310547 3355.247559 54659.343750 1.043706
634300 299.916321 -108.540009 -20821.310547 3355.247559 54659.343750 1.043706
634400 299.916321 -108.540009 -20821.310547 3355.247559 54659.343750 1.043706
634500 299.916321 -108.540009 -20821.310547 3355.247559 54659.343750 1.043706
634600 299.916321 -108.540009 -20821.310547 3355.247559 54659.343750 1.043706
634700 299.916321 -108.540009 -20821.310547 3355.247559 54659.343750 1.043706
634800 299.916321 -108.540009 -20821.310547 3355.247559 54659.343750 1.043706
634900 299.916321 -108.540009 -20821.310547 3355.247559 54659.343750 1.043706
635000 299.916321 -108.540009 -20821.310547 3355.247559 54659.343750 1.043706
635100 299.916321 -108.540009 -20821.310547 3355.247559 54659.343750 1.043706
635200 299.916321 -108.540009 -20821.310547 3355.247559 54659.343750 1.043706
635300 299.916321 -108.540009 -20821.310547 3355.247559 54659.343750 1.043706
635400 299.916321 -108.540009 -20821.310547 3355.247559 54659.343750 1.043706
635500 299.916321 -108.540009 -20821.310547 3355.247559 54659.343750 1.043706
635600 299.916321 -108.540009 -20821.310547 3355.247559 54659.343750 1.043706
635700 299.916321 -108.540009 -20821.310547 3355.247559 54659.343750 1.043706
635800 299.916321 -108.540009 -20821.310547 3355.247559 54659.343750 1.043706
635900 299.916321 -108.540009 -20821.310547 3355.247559 54659.343750 1.043706
636000 299.916321 -108.540009 -20821.310547 3355.247559 54659.343750 1.043706
636100 299.916321 -108.540009 -20821.310547 3355.247559 54659.343750 1.043706
636200 299.916321 -108.540009 -20821.310547 3355.247559 54659.343750 1.043706
636300 299.916321 -108.540009 -20821.310547 3355.247559 54659.343750 1.043706
636400 299.916321 -108.540009 -20821.310547 3355.247559 54659.343750 1.043706
636500 299.916321 -108.540009 -20821.310547 3355.247559 54659.343750 1.043706
636600 299.916321 -108.540009 -20821.310547 3355.247559 54659.343750 1.043706
636700 299.916321 -108.540009 -20821.310547 3355.247559 54659.343750 1.043706
636800 299.916321 -108.540009 -20821.310547 3355.247559 54659.343750 1.043706
636900 299.916321 -108.540009 -20821.310547 3355.247559 54659.343750 1.043706
637000 299.916321 -108.540009 -20821.310547 3355.247559 54659.343750 1.043706
637100 299.916321 -108.540009 -20821.310547 3355.247559 54659.343750 1.043706
637200 299.916321 -108.540009 -20821.310547 3355.247559 54659.343750 1.043706
637300 299.916321 -108.540009 -20821.310547 3355.247559 54659.343750 1.043706
637400 299.916321 -108.540009 -20821.310547 3355.247559 54659.343750 1.043706
637500 299.916321 -108.540009 -20821.310547 3355.247559 54659.343750 1.043706
637600 299.916321 -108.540009 -20821.310547 3355.247559 54659.343750 1.043706
637700 299.916321 -108.540009 -20821.310547 3355.247559 54659.343750 1.043706
637800 299.916321 -108.540009 -20821.310547 3355.247559 54659.343750 1.043706
637900 299.916321 -108.540009 -20821.310547 3355.247559 54659.343750 1.043706
638000 299.916321 -108.540009 -20821.310547 3355.247559 54659.343750 1.043706
638100 299.916321 -108.540009 -20821.310547 3355.247559 54659.343750 1.043706
638200 299.916321 -108.540009 -20821.310547 3355.247559 54659.343750 1.043706
638300 299.916321 -108.540009 -20821.310547 3355.247559 54659.343750 1.043706
638400 299.916321 -108.540009 -20821.310547 3355.247559 54659.343750 1.043706
638500 299.916321 -108.540009 -20821.310547 3355.247559 54659.343750 1.043706
638600 299.916321 -108.540009 -20821.310547 3355.247559 54659.343750 1.043706
638700 299.916321 -108.540009 -20821.310547 3355.247559 54659.343750 1.043706
638800 299.916321 -108.540009 -20821.310547 3355.247559 54659.343750 1.043706
638900 299.916321 -108.540009 -20821.310547 3355.247559 54659.343750 1.043706
639000 299.916321 -108.540009 -20821.310547 3355.247559 54659.343750 1.043706
639100 299.916321 -108.540009 -20821.310547 3355.247559 54659.343750 1.043706
639200 299.916321 -108.540009 -20821.310547 3355.247559 54659.343750 1.043706
639300 299.916321 -108.540009 -20821.310547 3355.247559 54659.343750 1.043706
639400 299.916321 -108.540009 -20821.310547 3355.247559 54659.343750 1.043706
639500 299.916321 -108.540009 -20821.310547 3355.247559 54659.343750 1.043706
639600 299.916321 -108.540009 -20821.310547 3355.247559 54659.343750 1.043706
639700 299.916321 -108.540009 -20821.310547 3355.247559 54659.343750 1.043706
639800 299.916321 -108.540009 -20821.310547 3355.247559 54659.343750 1.043706
639900 299.916321 -108.540009 -20821.310547 3355.247559 54659.343750 1.043706
640000 299.916321 -108.540009 -20821.310547 3355.247559 54659.343750 1.043706
640100 299.916321 -108.540009 -20821.310547 3355.247559 54659.343750 1.043706
640200 299.916321 -108.540009 -20821.310547 3355.247559 54659.343750 1.043706
640300 299.916321 -108.540009 -20821.310547 3355.247559 54659.343750 1.043706
640400 299.916321 -108.540009 -20821.310547 3355.247559 54659.343750 1.043706
640500 299.916321 -108.540009 -20821.310547 3355.247559 54659.343750 1.043706
640600 299.916321 -108.540009 -20821.310547 3355.247559 54659.343750 1.043706
640700 299.916321 -108.540009 -20821.310547 3355.247559 54659.343750 1.043706
640800 299.916321 -108.540009 -20821.310547 3355.247559 54659.343750 1.043706
640900 299.916321 -108.540009 -20821.310547 3355.247559 54659.343750 1.043706
641000 299.916321 -108.540009 -20821.310547 3355.247559 54659.343750 1.043706
641100 299.916321 -108.540009 -20821.310547 3355.247559 54659.343750 1.043706
641200 299.916321 -108.540009 -20821.310547 3355.247559 54659.343750 1.043706
641300 299.916321 -108.540009 -20821.310547 3355.247559 54659.343750 1.043706
641400 299.916321 -108.540009 -20821.310547 3355.247559 54659.343750 1.043706
641500 299.916321 -108.540009 -20821.310547 3355.247559 54659.343750 1.043706
641600 299.916321 -108.540009 -20821.310547 3355.247559 54659.343750 1.043706
641700 299.916321 -108.540009 -20821.310547 3355.247559 54659.343750 1.043706
641800 299.916321 -108.540009 -20821.310547 3355.247559 54659.343750 1.043706
641900 299.916321 -108.540009 -20821.310547 3355.247559 54659.343750 1.043706
642000 299.916321 -108.540009 -20821.310547 3355.247559 54659.343750 1.043706
642100 299.916321 -108.540009 -20821.310547 3355.247559 54659.343750 1.043706
642200 299.916321 -108.540009 -20821.310547 3355.247559 54659.343750 1.043706
642300 299.916321 -108.540009 -20821.310547 3355.247559 54659.343750 1.043706
642400 299.916321 -108.540009 -20821.310547 3355.247559 54659.343750 1.043706
642500 299.916321 -108.540009 -20821.310547 3355.247559 54659.343750 1.043706
642600 299.916321 -108.540009 -20821.310547 3355.247559 54659.343750 1.043706
642700 299.916321 -108.540009 -20821.310547 3355.247559 54659.343750 1.043706
642800 299.916321 -108.540009 -20821.310547 3355.247559 54659.343750 1.043706
642900 299.916321 -108.540009 -20821.310547 3355.247559 54659.343750 1.043706
643000 299.916321 -108.540009 -20821.310547 3355.247559 54659.343750 1.043706
643100 299.916321 -108.540009 -20821.310547 3355.247559 54659.343750 1.043706
643200 299.916321 -108.540009 -20821.310547 3355.247559 54659.343750 1.043706
643300 299.916321 -108.540009 -20821.310547 3355.247559 54659.343750 1.043706
643400 299.916321 -108.540009 -20821.310547 3355.247559 54659.343750 1.043706
643500 299.916321 -108.540009 -20821.310547 3355.247559 54659.343750 1.043706
643600 299.916321 -108.540009 -20821.310547 3355.247559 54659.343750 1.043706
643700 299.916321 -108.540009 -20821.310547 3355.247559 54659.343750 1.043706
643800 299.916321 -108.540009 -20821.310547 3355.247559 54659.343750 1.043706
643900 299.916321 -108.540009 -20821.310547 3355.247559 54659.343750 1.043706
644000 299.916321 -108.540009 -20821.310547 3355.247559 54659.343750 1.043706
644100 299.916321 -108.540009 -20821.310547 3355.247559 54659.343750 1.043706
644200 299.916321 -108.540009 -20821.310547 3355.247559 54659.343750 1.043706
644300 299.916321 -108.540009 -20821.310547 3355.247559 54659.343750 1.043706
644400 299.916321 -108.540009 -20821.310547 3355.247559 54659.343750 1.043706
644500 299.916321 -108.540009 -20821.310547 3355.247559 54659.343750 1.043706
644600 299.916321 -108.540009 -20821.310547 3355.247559 54659.343750 1.043706
644700 299.916321 -108.540009 -20821.310547 3355.247559 54659.343750 1.043706
644800 299.916321 -108.540009 -20821.310547 3355.247559 54659.343750 1.043706
644900 299.916321 -108.540009 -20821.310547 3355.247559 54659.343750 1.043706
645000 299.916321 -108.540009 -20821.310547 3355.247559 54659.343750 1.043706
645100 299.916321 -108.540009 -20821.310547 3355.247559 54659.343750 1.043706
645200 299.916321 -108.540009 -20821.310547 3355.247559 54659.343750 1.043706
645300 299.916321 -108.540009 -20821.310547 3355.247559 54659.343750 1.043706
645400 299.916321 -108.540009 -20821.310547 3355.247559 54659.343750 1.043706
645500 299.916321 -108.540009 -20821.310547 3355.247559 54659.343750 1.043706
645600 299.916321 -108.540009 -20821.310547 3355.247559 54659.343750 1.043706
645700 299.916321 -108.540009 -20821.310547 3355.247559 54659.343750 1.043706
645800 299.916321 -108.540009 -20821.310547 3355.247559 54659.343750 1.043706
645900 299.916321 -108.540009 -20821.310547 3355.247559 54659.343750 1.043706
646000 299.916321 -108.540009 -20821.310547 3355.247559 54659.343750 1.043706
646100 299.916321 -108.540009 -20821.310547 3355.247559 54659.343750 1.043706
646200 299.916321 -108.540009 -20821.310547 3355.247559 54659.343750 1.043706
646300 299.916321 -108.540009 -20821.310547 3355.247559 54659.343750 1.043706
646400 299.916321 -108.540009 -20821.310547 3355.247559 54659.343750 1.043706
646500 299.916321 -108.540009 -20821.310547 3355.247559 54659.343750 1.043706
646600 299.916321 -108.540009 -20821.310547 3355.247559 54659.343750 1.043706
646700 299.916321 -108.540009 -20821.310547 3355.247559 54659.343750 1.043706
646800 299.916321 -108.540009 -20821.310547 3355.247559 54659.343750 1.043706
646900 299.916321 -108.540009 -20821.310547 3355.247559 54659.343750 1.043706
647000 299.916321 -108.540009 -20821.310547 3355.247559 54659.343750 1.043706
647100 299.916321 -108.540009 -20821.310547 3355.247559 54659.343750 1.043706
647200 299.916321 -108.540009 -20821.310547 3355.247559 54659.343750 1.043706
647300 299.916321 -108.540009 -20821.310547 3355.247559 54659.343750 1.043706
647400 299.916321 -108.540009 -20821.310547 3355.247559 54659.343750 1.043706
647500 299.916321 -108.540009 -20821.310547 3355.247559 54659.343750 1.043706
647600 299.916321 -108.540009 -20821.310547 3355.247559 54659.343750 1.043706
647700 299.916321 -108.540009 -20821.310547 3355.247559 54659.343750 1.043706
647800 299.916321 -108.540009 -20821.310547 3355.247559 54659.343750 1.043706
647900 299.916321 -108.540009 -20821.310547 3355.247559 54659.343750 1.043706
648000 299.916321 -108.540009 -20821.310547 3355.247559 54659.343750 1.043706
648100 299.916321 -108.540009 -20821.310547 3355.247559 54659.343750 1.043706
648200 299.916321 -108.540009 -20821.310547 3355.247559 54659.343750 1.043706
648300 299.916321 -108.540009 -20821.310547 3355.247559 54659.343750 1.043706
648400 299.916321 -108.540009 -20821.310547 3355.247559 54659.343750 1.043706
648500 299.916321 -108.540009 -20821.310547 3355.247559 54659.343750 1.043706
648600 299.916321 -108.540009 -20821.310547 3355.247559 54659.343750 1.043706
648700 299.916321 -108.540009 -20821.310547 3355.247559 54659.343750 1.043706
648800 299.916321 -108.540009 -20821.310547 3355.247559 54659.343750 1.043706
648900 299.916321 -108.540009 -20821.310547 3355.247559 54659.343750 1.043706
649000 299.916321 -108.540009 -20821.310547 3355.247559 54659.343750 1.043706
649100 299.916321 -108.540009 -20821.310547 3355.247559 54659.343750 1.043706
649200 299.916321 -108.540009 -20821.310547 3355.247559 54659.343750 1.043706
649300 299.916321 -108.540009 -20821.310547 3355.247559 54659.343750 1.043706
649400 299.916321 -108.540009 -20821.310547 3355.247559 54659.343750 1.043706
649500 299.916321 -108.540009 -20821.310547 3355.247559 54659.343750 1.043706
649600 299.916321 -108.540009 -20821.310547 3355.247559 54659.343750 1.043706
649700 299.916321 -108.540009 -20821.310547 3355.247559 54659.343750 1.043706
649800 299.916321 -108.540009 -20821.310547 3355.247559 54659.343750 1.043706
649900 299.916321 -108.540009 -20821.310547 3355.247559 54659.343750 1.043706
650000 299.916321 -108.540009 -20821.310547 3355.247559 54659.343750 1.043706
650100 299.916321 -108.540009 -20821.310547 3355.247559 54659.343750 1.043706
650200 299.916321 -108.540009 -20821.310547 3355.247559 54659.343750 1.043706
650300 299.916321 -108.540009 -20821.310547 3355.247559 54659.343750 1.043706
650400 299.916321 -108.540009 -20821.310547 3355.247559 54659.343750 1.043706
650500 299.916321 -108.540009 -20821.310547 3355.247559 54659.343750 1.043706
650600 299.916321 -108.540009 -20821.310547 3355.247559 54659.343750 1.043706
650700 299.916321 -108.540009 -20821.310547 3355.247559 54659.343750 1.043706
650800 299.916321 -108.540009 -20821.310547 3355.247559 54659.343750 1.043706
650900 299.916321 -108.540009 -20821.310547 3355.247559 54659.343750 1.043706
651000 299.916321 -108.540009 -20821.310547 3355.247559 54659.343750 1.043706
651100 299.916321 -108.540009 -20821.310547 3355.247559 54659.343750 1.043706
651200 299.916321 -108.540009 -20821.310547 3355.247559 54659.343750 1.043706
651300 299.916321 -108.540009 -20821.310547 3355.247559 54659.343750 1.043706
651400 299.916321 -108.540009 -20821.310547 3355.247559 54659.343750 1.043706
651500 299.916321 -108.540009 -20821.310547 3355.247559 54659.343750 1.043706
651600 299.916321 -108.540009 -20821.310547 3355.247559 54659.343750 1.043706
651700 299.916321 -108.540009 -20821.310547 3355.247559 54659.343750 1.043706
651800 299.916321 -108.540009 -20821.310547 3355.247559 54659.343750 1.043706
651900 299.916321 -108.540009 -20821.310547 3355.247559 54659.343750 1.043706
652000 299.916321 -108.540009 -20821.310547 3355.247559 54659.343750 1.043706
652100 299.916321 -108.540009 -20821.310547 3355.247559 54659.343750 1.043706
652200 299.916321 -108.540009 -20821.310547 3355.247559 54659.343750 1.043706
652300 299.916321 -108.540009 -20821.310547 3355.247559 54659.343750 1.043706
652400 299.916321 -108.540009 -20821.310547 3355.247559 54659.343750 1.043706
652500 299.916321 -108.540009 -20821.310547 3355.247559 54659.343750 1.043706
652600 299.916321 -108.540009 -20821.310547 3355.247559 54659.343750 1.043706
652700 299.916321 -108.540009 -20821.310547 3355.247559 54659.343750 1.043706
652800 299.916321 -108.540009 -20821.310547 3355.247559 54659.343750 1.043706
652900 299.916321 -108.540009 -20821.310547 3355.247559 54659.343750 1.043706
653000 299.916321 -108.540009 -20821.310547 3355.247559 54659.343750 1.043706
653100 299.916321 -108.540009 -20821.310547 3355.247559 54659.343750 1.043706
653200 299.916321 -108.540009 -20821.310547 3355.247559 54659.343750 1.043706
653300 299.916321 -108.540009 -20821.310547 3355.247559 54659.343750 1.043706
653400 299.916321 -108.540009 -20821.310547 3355.247559 54659.343750 1.043706
653500 299.916321 -108.540009 -20821.310547 3355.247559 54659.343750 1.043706
653600 299.916321 -108.540009 -20821.310547 3355.247559 54659.343750 1.043706
653700 299.916321 -108.540009 -20821.310547 3355.247559 54659.343750 1.043706
653800 299.916321 -108.540009 -20821.310547 3355.247559 54659.343750 1.043706
653900 299.916321 -108.540009 -20821.310547 3355.247559 54659.343750 1.043706
654000 299.916321 -108.540009 -20821.310547 3355.247559 54659.343750 1.043706
654100 299.916321 -108.540009 -20821.310547 3355.247559 54659.343750 1.043706
654200 299.916321 -108.540009 -20821.310547 3355.247559 54659.343750 1.043706
654300 299.916321 -108.540009 -20821.310547 3355.247559 54659.343750 1.043706
654400 299.916321 -108.540009 -20821.310547 3355.247559 54659.343750 1.043706
654500 299.916321 -108.540009 -20821.310547 3355.247559 54659.343750 1.043706
654600 299.916321 -108.540009 -20821.310547 3355.247559 54659.343750 1.043706
654700 299.916321 -108.540009 -20821.310547 3355.247559 54659.343750 1.043706
654800 299.916321 -108.540009 -20821.310547 3355.247559 54659.343750 1.043706
654900 299.916321 -108.540009 -20821.310547 3355.247559 54659.343750 1.043706
655000 299.916321 -108.540009 -20821.310547 3355.247559 54659.343750 1.043706
655100 299.916321 -108.540009 -20821.310547 3355.247559 54659.343750 1.043706
655200 299.916321 -108.540009 -20821.310547 3355.247559 54659.343750 1.043706
655300 299.916321 -108.540009 -20821.310547 3355.247559 54659.343750 1.043706
655400 299.916321 -108.540009 -20821.310547 3355.247559 54659.343750 1.043706
655500 299.916321 -108.540009 -20821.310547 3355.247559 54659.343750 1.043706
655600 299.916321 -108.540009 -20821.310547 3355.247559 54659.343750 1.043706
655700 299.916321 -108.540009 -20821.310547 3355.247559 54659.343750 1.043706
655800 299.916321 -108.540009 -20821.310547 3355.247559 54659.343750 1.043706
655900 299.916321 -108.540009 -20821.310547 3355.247559 54659.343750 1.043706
656000 299.916321 -108.540009 -20821.310547 3355.247559 54659.343750 1.043706
656100 299.916321 -108.540009 -20821.310547 3355.247559 54659.343750 1.043706
656200 299.916321 -108.540009 -20821.310547 3355.247559 54659.343750 1.043706
656300 299.916321 -108.540009 -20821.310547 3355.247559 54659.343750 1.043706
656400 299.916321 -108.540009 -20821.310547 3355.247559 54659.343750 1.043706
656500 299.916321 -108.540009 -20821.310547 3355.247559 54659.343750 1.043706
656600 299.916321 -108.540009 -20821.310547 3355.247559 54659.343750 1.043706
656700 299.916321 -108.540009 -20821.310547 3355.247559 54659.343750 1.043706
656800 299.916321 -108.540009 -20821.310547 3355.247559 54659.343750 1.043706
656900 299.916321 -108.540009 -20821.310547 3355.247559 54659.343750 1.043706
657000 299.916321 -108.540009 -20821.310547 3355.247559 54659.343750 1.043706
657100 299.916321 -108.540009 -20821.310547 3355.247559 54659.343750 1.043706
657200 299.916321 -108.540009 -20821.310547 3355.247559 54659.343750 1.043706
657300 299.916321 -108.540009 -20821.310547 3355.247559 54659.343750 1.043706
657400 299.916321 -108.540009 -20821.310547 3355.247559 54659.343750 1.043706
657500 299.916321 -108.540009 -20821.310547 3355.247559 54659.343750 1.043706
657600 299.916321 -108.540009 -20821.310547 3355.247559 54659.343750 1.043706
657700 299.916321 -108.540009 -20821.310547 3355.247559 54659.343750 1.043706
657800 299.916321 -108.540009 -20821.310547 3355.247559 54659.343750 1.043706
657900 299.916321 -108.540009 -20821.310547 3355.247559 54659.343750 1.043706
658000 299.916321 -108.540009 -20821.310547 3355.247559 54659.343750 1.043706
658100 299.916321 -108.540009 -20821.310547 3355.247559 54659.343750 1.043706
658200 299.916321 -108.540009 -20821.310547 3355.247559 54659.343750 1.043706
658300 299.916321 -108.540009 -20821.310547 3355.247559 54659.343750 1.043706
658400 299.916321 -108.540009 -20821.310547 3355.247559 54659.343750 1.043706
658500 299.916321 -108.540009 -20821.310547 3355.247559 54659.343750 1.043706
658600 299.916321 -108.540009 -20821.310547 3355.247559 54659.343750 1.043706
658700 299.916321 -108.540009 -20821.310547 3355.247559 54659.343750 1.043706
658800 299.916321 -108.540009 -20821.310547 3355.247559 54659.343750 1.043706
658900 299.916321 -108.540009 -20821.310547 3355.247559 54659.343750 1.043706
659000 299.916321 -108.540009 -20821.310547 3355.247559 54659.343750 1.043706
659100 299.916321 -108.540009 -20821.310547 3355.247559 54659.343750 1.043706
659200 299.916321 -108.540009 -20821.310547 3355.247559 54659.343750 1.043706
659300 299.916321 -108.540009 -20821.310547 3355.247559 54659.343750 1.043706
659400 299.916321 -108.540009 -20821.310547 3355.247559 54659.343750 1.043706
659500 299.916321 -108.540009 -20821.310547 3355.247559 54659.343750 1.043706
659600 299.916321 -108.540009 -20821.310547 3355.247559 54659.343750 1.043706
659700 299.916321 -108.540009 -20821.310547 3355.247559 54659.343750 1.043706
659800 299.916321 -108.540009 -20821.310547 3355.247559 54659.343750 1.043706
659900 299.916321 -108.540009 -20821.310547 3355.247559 54659.343750 1.043706
660000 299.916321 -108.540009 -20821.310547 3355.247559 54659.343750 1.043706
660100 299.916321 -108.540009 -20821.310547 3355.247559 54659.343750 1.043706
660200 299.916321 -108.540009 -20821.310547 3355.247559 54659.343750 1.043706
660300 299.916321 -108.540009 -20821.310547 3355.247559 54659.343750 1.043706
660400 299.916321 -108.540009 -20821.310547 3355.247559 54659.343750 1.043706
660500 299.916321 -108.540009 -20821.310547 3355.247559 54659.343750 1.043706
660600 299.916321 -108.540009 -20821.310547 3355.247559 54659.343750 1.043706
660700 299.916321 -108.540009 -20821.310547 3355.247559 54659.343750 1.043706
660800 299.916321 -108.540009 -20821.310547 3355.247559 54659.343750 1.043706
660900 299.916321 -108.540009 -20821.310547 3355.247559 54659.343750 1.043706
661000 299.916321 -108.540009 -20821.310547 3355.247559 54659.343750 1.043706
661100 299.916321 -108.540009 -20821.310547 3355.247559 54659.343750 1.043706
661200 299.916321 -108.540009 -20821.310547 3355.247559 54659.343750 1.043706
661300 299.916321 -108.540009 -20821.310547 3355.247559 54659.343750 1.043706
661400 299.916321 -108.540009 -20821.310547 3355.247559 54659.343750 1.043706
661500 299.916321 -108.540009 -20821.310547 3355.247559 54659.343750 1.043706
661600 299.916321 -108.540009 -20821.310547 3355.247559 54659.343750 1.043706
661700 299.916321 -108.540009 -20821.310547 3355.247559 54659.343750 1.043706
661800 299.916321 -108.540009 -20821.310547 3355.247559 54659.343750 1.043706
661900 299.916321 -108.540009 -20821.310547 3355.247559 54659.343750 1.043706
662000 299.916321 -108.540009 -20821.310547 3355.247559 54659.343750 1.043706
662100 299.916321 -108.540009 -20821.310547 3355.247559 54659.343750 1.043706
662200 299.916321 -108.540009 -20821.310547 3355.247559 54659.343750 1.043706
662300 299.916321 -108.540009 -20821.310547 3355.247559 54659.343750 1.043706
662400 299.916321 -108.540009 -20821.310547 3355.247559 54659.343750 1.043706
662500 299.916321 -108.540009 -20821.310547 3355.247559 54659.343750 1.043706
662600 299.916321 -108.540009 -20821.310547 3355.247559 54659.343750 1.043706
662700 299.916321 -108.540009 -20821.310547 3355.247559 54659.343750 1.043706
662800 299.916321 -108.540009 -20821.310547 3355.247559 54659.343750 1.043706
662900 299.916321 -108.540009 -20821.310547 3355.247559 54659.343750 1.043706
663000 299.916321 -108.540009 -20821.310547 3355.247559 54659.343750 1.043706
663100 299.916321 -108.540009 -20821.310547 3355.247559 54659.343750 1.043706
663200 299.916321 -108.540009 -20821.310547 3355.247559 54659.343750 1.043706
663300 299.916321 -108.540009 -20821.310547 3355.247559 54659.343750 1.043706
663400 299.916321 -108.540009 -20821.310547 3355.247559 54659.343750 1.043706
663500 299.916321 -108.540009 -20821.310547 3355.247559 54659.343750 1.043706
663600 299.916321 -108.540009 -20821.310547 3355.247559 54659.343750 1.043706
663700 299.916321 -108.540009 -20821.310547 3355.247559 54659.343750 1.043706
663800 299.916321 -108.540009 -20821.310547 3355.247559 54659.343750 1.043706
663900 299.916321 -108.540009 -20821.310547 3355.247559 54659.343750 1.043706
664000 299.916321 -108.540009 -20821.310547 3355.247559 54659.343750 1.043706
664100 299.916321 -108.540009 -20821.310547 3355.247559 54659.343750 1.043706
664200 299.916321 -108.540009 -20821.310547 3355.247559 54659.343750 1.043706
664300 299.916321 -108.540009 -20821.310547 3355.247559 54659.343750 1.043706
664400 299.916321 -108.540009 -20821.310547 3355.247559 54659.343750 1.043706
664500 299.916321 -108.540009 -20821.310547 3355.247559 54659.343750 1.043706
664600 299.916321 -108.540009 -20821.310547 3355.247559 54659.343750 1.043706
664700 299.916321 -108.540009 -20821.310547 3355.247559 54659.343750 1.043706
664800 299.916321 -108.540009 -20821.310547 3355.247559 54659.343750 1.043706
664900 299.916321 -108.540009 -20821.310547 3355.247559 54659.343750 1.043706
665000 299.916321 -108.540009 -20821.310547 3355.247559 54659.343750 1.043706
665100 299.916321 -108.540009 -20821.310547 3355.247559 54659.343750 1.043706
665200 299.916321 -108.540009 -20821.310547 3355.247559 54659.343750 1.043706
665300 299.916321 -108.540009 -20821.310547 3355.247559 54659.343750 1.043706
665400 299.916321 -108.540009 -20821.310547 3355.247559 54659.343750 1.043706
665500 299.916321 -108.540009 -20821.310547 3355.247559 54659.343750 1.043706
665600 299.916321 -108.540009 -20821.310547 3355.247559 54659.343750 1.043706
665700 299.916321 -108.540009 -20821.310547 3355.247559 54659.343750 1.043706
665800 299.916321 -108.540009 -20821.310547 3355.247559 54659.343750 1.043706
665900 299.916321 -108.540009 -20821.310547 3355.247559 54659.343750 1.043706
666000 299.916321 -108.540009 -20821.310547 3355.247559 54659.343750 1.043706
666100 299.916321 -108.540009 -20821.310547 3355.247559 54659.343750 1.043706
666200 299.916321 -108.540009 -20821.310547 3355.247559 54659.343750 1.043706
666300 299.916321 -108.540009 -20821.310547 3355.247559 54659.343750 1.043706
666400 299.916321 -108.540009 -20821.310547 3355.247559 54659.343750 1.043706
666500 299.916321 -108.540009 -20821.310547 3355.247559 54659.343750 1.043706
666600 299.916321 -108.540009 -20821.310547 3355.247559 54659.343750 1.043706
666700 299.916321 -108.540009 -20821.310547 3355.247559 54659.343750 1.043706
666800 299.916321 -108.540009 -20821.310547 3355.247559 54659.343750 1.043706
666900 299.916321 -108.540009 -20821.310547 3355.247559 54659.343750 1.043706
667000 299.916321 -108.540009 -20821.310547 3355.247559 54659.343750 1.043706
667100 299.916321 -108.540009 -20821.310547 3355.247559 54659.343750 1.043706
667200 299.916321 -108.540009 -20821.310547 3355.247559 54659.343750 1.043706
667300 299.916321 -108.540009 -20821.310547 3355.247559 54659.343750 1.043706
667400 299.916321 -108.540009 -20821.310547 3355.247559 54659.343750 1.043706
667500 299.916321 -108.540009 -20821.310547 3355.247559 54659.343750 1.043706
667600 299.916321 -108.540009 -20821.310547 3355.247559 54659.343750 1.043706
667700 299.916321 -108.540009 -20821.310547 3355.247559 54659.343750 1.043706
667800 299.916321 -108.540009 -20821.310547 3355.247559 54659.343750 1.043706
667900 299.916321 -108.540009 -20821.310547 3355.247559 54659.343750 1.043706
668000 299.916321 -108.540009 -20821.310547 3355.247559 54659.343750 1.043706
668100 299.916321 -108.540009 -20821.310547 3355.247559 54659.343750 1.043706
668200 299.916321 -108.540009 -20821.310547 3355.247559 54659.343750 1.043706
668300 299.916321 -108.540009 -20821.310547 3355.247559 54659.343750 1.043706
668400 299.916321 -108.540009 -20821.310547 3355.247559 54659.343750 1.043706
668500 299.916321 -108.540009 -20821.310547 3355.247559 54659.343750 1.043706
668600 299.916321 -108.540009 -20821.310547 3355.247559 54659.343750 1.043706
668700 299.916321 -108.540009 -20821.310547 3355.247559 54659.343750 1.043706
668800 299.916321 -108.540009 -20821.310547 3355.247559 54659.343750 1.043706
668900 299.916321 -108.540009 -20821.310547 3355.247559 54659.343750 1.043706
669000 299.916321 -108.540009 -20821.310547 3355.247559 54659.343750 1.043706
669100 299.916321 -108.540009 -20821.310547 3355.247559 54659.343750 1.043706
669200 299.916321 -108.540009 -20821.310547 3355.247559 54659.343750 1.043706
669300 299.916321 -108.540009 -20821.310547 3355.247559 54659.343750 1.043706
669400 299.916321 -108.540009 -20821.310547 3355.247559 54659.343750 1.043706
669500 299.916321 -108.540009 -20821.310547 3355.247559 54659.343750 1.043706
669600 299.916321 -108.540009 -20821.310547 3355.247559 54659.343750 1.043706
669700 299.916321 -108.540009 -20821.310547 3355.247559 54659.343750 1.043706
669800 299.916321 -108.540009 -20821.310547 3355.247559 54659.343750 1.043706
669900 299.916321 -108.540009 -20821.310547 3355.247559 54659.343750 1.043706
670000 299.916321 -108.540009 -20821.310547 3355.247559 54659.343750 1.043706
670100 299.916321 -108.540009 -20821.310547 3355.247559 54659.343750 1.043706
670200 299.916321 -108.540009 -20821.310547 3355.247559 54659.343750 1.043706
670300 299.916321 -108.540009 -20821.310547 3355.247559 54659.343750 1.043706
670400 299.916321 -108.540009 -20821.310547 3355.247559 54659.343750 1.043706
670500 299.916321 -108.540009 -20821.310547 3355.247559 54659.343750 1.043706
670600 299.916321 -108.540009 -20821.310547 3355.247559 54659.343750 1.043706
670700 299.916321 -108.540009 -20821.310547 3355.247559 54659.343750 1.043706
670800 299.916321 -108.540009 -20821.310547 3355.247559 54659.343750 1.043706
670900 299.916321 -108.540009 -20821.310547 3355.247559 54659.343750 1.043706
671000 299.916321 -108.540009 -20821.310547 3355.247559 54659.343750 1.043706
671100 299.916321 -108.540009 -20821.310547 3355.247559 54659.343750 1.043706
671200 299.916321 -108.540009 -20821.310547 3355.247559 54659.343750 1.043706
671300 299.916321 -108.540009 -20821.310547 3355.247559 54659.343750 1.043706
671400 299.916321 -108.540009 -20821.310547 3355.247559 54659.343750 1.043706
671500 299.916321 -108.540009 -20821.310547 3355.247559 54659.343750 1.043706
671600 299.916321 -108.540009 -20821.310547 3355.247559 54659.343750 1.043706
671700 299.916321 -108.540009 -20821.310547 3355.247559 54659.343750 1.043706
671800 299.916321 -108.540009 -20821.310547 3355.247559 54659.343750 1.043706
671900 299.916321 -108.540009 -20821.310547 3355.247559 54659.343750 1.043706
672000 299.916321 -108.540009 -20821.310547 3355.247559 54659.343750 1.043706
672100 299.916321 -108.540009 -20821.310547 3355.247559 54659.343750 1.043706
672200 299.916321 -108.540009 -20821.310547 3355.247559 54659.343750 1.043706
672300 299.916321 -108.540009 -20821.310547 3355.247559 54659.343750 1.043706
672400 299.916321 -108.540009 -20821.310547 3355.247559 54659.343750 1.043706
672500 299.916321 -108.540009 -20821.310547 3355.247559 54659.343750 1.043706
672600 299.916321 -108.540009 -20821.310547 3355.247559 54659.343750 1.043706
672700 299.916321 -108.540009 -20821.310547 3355.247559 54659.343750 1.043706
672800 299.916321 -108.540009 -20821.310547 3355.247559 54659.343750 1.043706
672900 299.916321 -108.540009 -20821.310547 3355.247559 54659.343750 1.043706
673000 299.916321 -108.540009 -20821.310547 3355.247559 54659.343750 1.043706
673100 299.916321 -108.540009 -20821.310547 3355.247559 54659.343750 1.043706
673200 299.916321 -108.540009 -20821.310547 3355.247559 54659.343750 1.043706
673300 299.916321 -108.540009 -20821.310547 3355.247559 54659.343750 1.043706
673400 299.916321 -108.540009 -20821.310547 3355.247559 54659.343750 1.043706
673500 299.916321 -108.540009 -20821.310547 3355.247559 54659.343750 1.043706
673600 299.916321 -108.540009 -20821.310547 3355.247559 54659.343750 1.043706
673700 299.916321 -108.540009 -20821.310547 3355.247559 54659.343750 1.043706
673800 299.916321 -108.540009 -20821.310547 3355.247559 54659.343750 1.043706
673900 299.916321 -108.540009 -20821.310547 3355.247559 54659.343750 1.043706
674000 299.916321 -108.540009 -20821.310547 3355.247559 54659.343750 1.043706
674100 299.916321 -108.540009 -20821.310547 3355.247559 54659.343750 1.043706
674200 299.916321 -108.540009 -20821.310547 3355.247559 54659.343750 1.043706
674300 299.916321 -108.540009 -20821.310547 3355.247559 54659.343750 1.043706
674400 299.916321 -108.540009 -20821.310547 3355.247559 54659.343750 1.043706
674500 299.916321 -108.540009 -20821.310547 3355.247559 54659.343750 1.043706
674600 299.916321 -108.540009 -20821.310547 3355.247559 54659.343750 1.043706
674700 299.916321 -108.540009 -20821.310547 3355.247559 54659.343750 1.043706
674800 299.916321 -108.540009 -20821.310547 3355.247559 54659.343750 1.043706
674900 299.916321 -108.540009 -20821.310547 3355.247559 54659.343750 1.043706
675000 299.916321 -108.540009 -20821.310547 3355.247559 54659.343750 1.043706
675100 299.916321 -108.540009 -20821.310547 3355.247559 54659.343750 1.043706
675200 299.916321 -108.540009 -20821.310547 3355.247559 54659.343750 1.043706
675300 299.916321 -108.540009 -20821.310547 3355.247559 54659.343750 1.043706
675400 299.916321 -108.540009 -20821.310547 3355.247559 54659.343750 1.043706
675500 299.916321 -108.540009 -20821.310547 3355.247559 54659.343750 1.043706
675600 299.916321 -108.540009 -20821.310547 3355.247559 54659.343750 1.043706
675700 299.916321 -108.540009 -20821.310547 3355.247559 54659.343750 1.043706
675800 299.916321 -108.540009 -20821.310547 3355.247559 54659.343750 1.043706
675900 299.916321 -108.540009 -20821.310547 3355.247559 54659.343750 1.043706
676000 299.916321 -108.540009 -20821.310547 3355.247559 54659.343750 1.043706
676100 299.916321 -108.540009 -20821.310547 3355.247559 54659.343750 1.043706
676200 299.916321 -108.540009 -20821.310547 3355.247559 54659.343750 1.043706
676300 299.916321 -108.540009 -20821.310547 3355.247559 54659.343750 1.043706
676400 299.916321 -108.540009 -20821.310547 3355.247559 54659.343750 1.043706
676500 299.916321 -108.540009 -20821.310547 3355.247559 54659.343750 1.043706
676600 299.916321 -108.540009 -20821.310547 3355.247559 54659.343750 1.043706
676700 299.916321 -108.540009 -20821.310547 3355.247559 54659.343750 1.043706
676800 299.916321 -108.540009 -20821.310547 3355.247559 54659.343750 1.043706
676900 299.916321 -108.540009 -20821.310547 3355.247559 54659.343750 1.043706
677000 299.916321 -108.540009 -20821.310547 3355.247559 54659.343750 1.043706
677100 299.916321 -108.540009 -20821.310547 3355.247559 54659.343750 1.043706
677200 299.916321 -108.540009 -20821.310547 3355.247559 54659.343750 1.043706
677300 299.916321 -108.540009 -20821.310547 3355.247559 54659.343750 1.043706
677400 299.916321 -108.540009 -20821.310547 3355.247559 54659.343750 1.043706
677500 299.916321 -108.540009 -20821.310547 3355.247559 54659.343750 1.043706
677600 299.916321 -108.540009 -20821.310547 3355.247559 54659.343750 1.043706
677700 299.916321 -108.540009 -20821.310547 3355.247559 54659.343750 1.043706
677800 299.916321 -108.540009 -20821.310547 3355.247559 54659.343750 1.043706
677900 299.916321 -108.540009 -20821.310547 3355.247559 54659.343750 1.043706
678000 299.916321 -108.540009 -20821.310547 3355.247559 54659.343750 1.043706
678100 299.916321 -108.540009 -20821.310547 3355.247559 54659.343750 1.043706
678200 299.916321 -108.540009 -20821.310547 3355.247559 54659.343750 1.043706
678300 299.916321 -108.540009 -20821.310547 3355.247559 54659.343750 1.043706
678400 299.916321 -108.540009 -20821.310547 3355.247559 54659.343750 1.043706
678500 299.916321 -108.540009 -20821.310547 3355.247559 54659.343750 1.043706
678600 299.916321 -108.540009 -20821.310547 3355.247559 54659.343750 1.043706
678700 299.916321 -108.540009 -20821.310547 3355.247559 54659.343750 1.043706
678800 299.916321 -108.540009 -20821.310547 3355.247559 54659.343750 1.043706
678900 299.916321 -108.540009 -20821.310547 3355.247559 54659.343750 1.043706
679000 299.916321 -108.540009 -20821.310547 3355.247559 54659.343750 1.043706
679100 299.916321 -108.540009 -20821.310547 3355.247559 54659.343750 1.043706
679200 299.916321 -108.540009 -20821.310547 3355.247559 54659.343750 1.043706
679300 299.916321 -108.540009 -20821.310547 3355.247559 54659.343750 1.043706
679400 299.916321 -108.540009 -20821.310547 3355.247559 54659.343750 1.043706
679500 299.916321 -108.540009 -20821.310547 3355.247559 54659.343750 1.043706
679600 299.916321 -108.540009 -20821.310547 3355.247559 54659.343750 1.043706
679700 299.916321 -108.540009 -20821.310547 3355.247559 54659.343750 1.043706
679800 299.916321 -108.540009 -20821.310547 3355.247559 54659.343750 1.043706
679900 299.916321 -108.540009 -20821.310547 3355.247559 54659.343750 1.043706
680000 299.916321 -108.540009 -20821.310547 3355.247559 54659.343750 1.043706
680100 299.916321 -108.540009 -20821.310547 3355.247559 54659.343750 1.043706
680200 299.916321 -108.540009 -20821.310547 3355.247559 54659.343750 1.043706
680300 299.916321 -108.540009 -20821.310547 3355.247559 54659.343750 1.043706
680400 299.916321 -108.540009 -20821.310547 3355.247559 54659.343750 1.043706
680500 299.916321 -108.540009 -20821.310547 3355.247559 54659.343750 1.043706
680600 299.916321 -108.540009 -20821.310547 3355.247559 54659.343750 1.043706
680700 299.916321 -108.540009 -20821.310547 3355.247559 54659.343750 1.043706
680800 299.916321 -108.540009 -20821.310547 3355.247559 54659.343750 1.043706
680900 299.916321 -108.540009 -20821.310547 3355.247559 54659.343750 1.043706
681000 299.916321 -108.540009 -20821.310547 3355.247559 54659.343750 1.043706
681100 299.916321 -108.540009 -20821.310547 3355.247559 54659.343750 1.043706
681200 299.916321 -108.540009 -20821.310547 3355.247559 54659.343750 1.043706
681300 299.916321 -108.540009 -20821.310547 3355.247559 54659.343750 1.043706
681400 299.916321 -108.540009 -20821.310547 3355.247559 54659.343750 1.043706
681500 299.916321 -108.540009 -20821.310547 3355.247559 54659.343750 1.043706
681600 299.916321 -108.540009 -20821.310547 3355.247559 54659.343750 1.043706
681700 299.916321 -108.540009 -20821.310547 3355.247559 54659.343750 1.043706
681800 299.916321 -108.540009 -20821.310547 3355.247559 54659.343750 1.043706
681900 299.916321 -108.540009 -20821.310547 3355.247559 54659.343750 1.043706
682000 299.916321 -108.540009 -20821.310547 3355.247559 54659.343750 1.043706
682100 299.916321 -108.540009 -20821.310547 3355.247559 54659.343750 1.043706
682200 299.916321 -108.540009 -20821.310547 3355.247559 54659.343750 1.043706
682300 299.916321 -108.540009 -20821.310547 3355.247559 54659.343750 1.043706
682400 299.916321 -108.540009 -20821.310547 3355.247559 54659.343750 1.043706
682500 299.916321 -108.540009 -20821.310547 3355.247559 54659.343750 1.043706
682600 299.916321 -108.540009 -20821.310547 3355.247559 54659.343750 1.043706
682700 299.916321 -108.540009 -20821.310547 3355.247559 54659.343750 1.043706
682800 299.916321 -108.540009 -20821.310547 3355.247559 54659.343750 1.043706
682900 299.916321 -108.540009 -20821.310547 3355.247559 54659.343750 1.043706
683000 299.916321 -108.540009 -20821.310547 3355.247559 54659.343750 1.043706
683100 299.916321 -108.540009 -20821.310547 3355.247559 54659.343750 1.043706
683200 299.916321 -108.540009 -20821.310547 3355.247559 54659.343750 1.043706
683300 299.916321 -108.540009 -20821.310547 3355.247559 54659.343750 1.043706
683400 299.916321 -108.540009 -20821.310547 3355.247559 54659.343750 1.043706
683500 299.916321 -108.540009 -20821.310547 3355.247559 54659.343750 1.043706
683600 299.916321 -108.540009 -20821.310547 3355.247559 54659.343750 1.043706
683700 299.916321 -108.540009 -20821.310547 3355.247559 54659.343750 1.043706
683800 299.916321 -108.540009 -20821.310547 3355.247559 54659.343750 1.043706
683900 299.916321 -108.540009 -20821.310547 3355.247559 54659.343750 1.043706
684000 299.916321 -108.540009 -20821.310547 3355.247559 54659.343750 1.043706
684100 299.916321 -108.540009 -20821.310547 3355.247559 54659.343750 1.043706
684200 299.916321 -108.540009 -20821.310547 3355.247559 54659.343750 1.043706
684300 299.916321 -108.540009 -20821.310547 3355.247559 54659.343750 1.043706
684400 299.916321 -108.540009 -20821.310547 3355.247559 54659.343750 1.043706
684500 299.916321 -108.540009 -20821.310547 3355.247559 54659.343750 1.043706
684600 299.916321 -108.540009 -20821.310547 3355.247559 54659.343750 1.043706
684700 299.916321 -108.540009 -20821.310547 3355.247559 54659.343750 1.043706
684800 299.916321 -108.540009 -20821.310547 3355.247559 54659.343750 1.043706
684900 299.916321 -108.540009 -20821.310547 3355.247559 54659.343750 1.043706
685000 299.916321 -108.540009 -20821.310547 3355.247559 54659.343750 1.043706
685100 299.916321 -108.540009 -20821.310547 3355.247559 54659.343750 1.043706
685200 299.916321 -108.540009 -20821.310547 3355.247559 54659.343750 1.043706
685300 299.916321 -108.540009 -20821.310547 3355.247559 54659.343750 1.043706
685400 299.916321 -108.540009 -20821.310547 3355.247559 54659.343750 1.043706
685500 299.916321 -108.540009 -20821.310547 3355.247559 54659.343750 1.043706
685600 299.916321 -108.540009 -20821.310547 3355.247559 54659.343750 1.043706
685700 299.916321 -108.540009 -20821.310547 3355.247559 54659.343750 1.043706
685800 299.916321 -108.540009 -20821.310547 3355.247559 54659.343750 1.043706
685900 299.916321 -108.540009 -20821.310547 3355.247559 54659.343750 1.043706
686000 299.916321 -108.540009 -20821.310547 3355.247559 54659.343750 1.043706
686100 299.916321 -108.540009 -20821.310547 3355.247559 54659.343750 1.043706
686200 299.916321 -108.540009 -20821.310547 3355.247559 54659.343750 1.043706
686300 299.916321 -108.540009 -20821.310547 3355.247559 54659.343750 1.043706
686400 299.916321 -108.540009 -20821.310547 3355.247559 54659.343750 1.043706
686500 299.916321 -108.540009 -20821.310547 3355.247559 54659.343750 1.043706
686600 299.916321 -108.540009 -20821.310547 3355.247559 54659.343750 1.043706
686700 299.916321 -108.540009 -20821.310547 3355.247559 54659.343750 1.043706
686800 299.916321 -108.540009 -20821.310547 3355.247559 54659.343750 1.043706
686900 299.916321 -108.540009 -20821.310547 3355.247559 54659.343750 1.043706
687000 299.916321 -108.540009 -20821.310547 3355.247559 54659.343750 1.043706
687100 299.916321 -108.540009 -20821.310547 3355.247559 54659.343750 1.043706
687200 299.916321 -108.540009 -20821.310547 3355.247559 54659.343750 1.043706
687300 299.916321 -108.540009 -20821.310547 3355.247559 54659.343750 1.043706
687400 299.916321 -108.540009 -20821.310547 3355.247559 54659.343750 1.043706
687500 299.916321 -108.540009 -20821.310547 3355.247559 54659.343750 1.043706
687600 299.916321 -108.540009 -20821.310547 3355.247559 54659.343750 1.043706
687700 299.916321 -108.540009 -20821.310547 3355.247559 54659.343750 1.043706
687800 299.916321 -108.540009 -20821.310547 3355.247559 54659.343750 1.043706
687900 299.916321 -108.540009 -20821.310547 3355.247559 54659.343750 1.043706
688000 299.916321 -108.540009 -20821.310547 3355.247559 54659.343750 1.043706
688100 299.916321 -108.540009 -20821.310547 3355.247559 54659.343750 1.043706
688200 299.916321 -108.540009 -20821.310547 3355.247559 54659.343750 1.043706
688300 299.916321 -108.540009 -20821.310547 3355.247559 54659.343750 1.043706
688400 299.916321 -108.540009 -20821.310547 3355.247559 54659.343750 1.043706
688500 299.916321 -108.540009 -20821.310547 3355.247559 54659.343750 1.043706
688600 299.916321 -108.540009 -20821.310547 3355.247559 54659.343750 1.043706
688700 299.916321 -108.540009 -20821.310547 3355.247559 54659.343750 1.043706
688800 299.916321 -108.540009 -20821.310547 3355.247559 54659.343750 1.043706
688900 299.916321 -108.540009 -20821.310547 3355.247559 54659.343750 1.043706
689000 299.916321 -108.540009 -20821.310547 3355.247559 54659.343750 1.043706
689100 299.916321 -108.540009 -20821.310547 3355.247559 54659.343750 1.043706
689200 299.916321 -108.540009 -20821.310547 3355.247559 54659.343750 1.043706
689300 299.916321 -108.540009 -20821.310547 3355.247559 54659.343750 1.043706
689400 299.916321 -108.540009 -20821.310547 3355.247559 54659.343750 1.043706
689500 299.916321 -108.540009 -20821.310547 3355.247559 54659.343750 1.043706
689600 299.916321 -108.540009 -20821.310547 3355.247559 54659.343750 1.043706
689700 299.916321 -108.540009 -20821.310547 3355.247559 54659.343750 1.043706
689800 299.916321 -108.540009 -20821.310547 3355.247559 54659.343750 1.043706
689900 299.916321 -108.540009 -20821.310547 3355.247559 54659.343750 1.043706
690000 299.916321 -108.540009 -20821.310547 3355.247559 54659.343750 1.043706
690100 299.916321 -108.540009 -20821.310547 3355.247559 54659.343750 1.043706
690200 299.916321 -108.540009 -20821.310547 3355.247559 54659.343750 1.043706
690300 299.916321 -108.540009 -20821.310547 3355.247559 54659.343750 1.043706
690400 299.916321 -108.540009 -20821.310547 3355.247559 54659.343750 1.043706
690500 299.916321 -108.540009 -20821.310547 3355.247559 54659.343750 1.043706
690600 299.916321 -108.540009 -20821.310547 3355.247559 54659.343750 1.043706
690700 299.916321 -108.540009 -20821.310547 3355.247559 54659.343750 1.043706
690800 299.916321 -108.540009 -20821.310547 3355.247559 54659.343750 1.043706
690900 299.916321 -108.540009 -20821.310547 3355.247559 54659.343750 1.043706
691000 299.916321 -108.540009 -20821.310547 3355.247559 54659.343750 1.043706
691100 299.916321 -108.540009 -20821.310547 3355.247559 54659.343750 1.043706
691200 299.916321 -108.540009 -20821.310547 3355.247559 54659.343750 1.043706
691300 299.916321 -108.540009 -20821.310547 3355.247559 54659.343750 1.043706
691400 299.916321 -108.540009 -20821.310547 3355.247559 54659.343750 1.043706
691500 299.916321 -108.540009 -20821.310547 3355.247559 54659.343750 1.043706
691600 299.916321 -108.540009 -20821.310547 3355.247559 54659.343750 1.043706
691700 299.916321 -108.540009 -20821.310547 3355.247559 54659.343750 1.043706
691800 299.916321 -108.540009 -20821.310547 3355.247559 54659.343750 1.043706
691900 299.916321 -108.540009 -20821.310547 3355.247559 54659.343750 1.043706
692000 299.916321 -108.540009 -20821.310547 3355.247559 54659.343750 1.043706
692100 299.916321 -108.540009 -20821.310547 3355.247559 54659.343750 1.043706
692200 299.916321 -108.540009 -20821.310547 3355.247559 54659.343750 1.043706
692300 299.916321 -108.540009 -20821.310547 3355.247559 54659.343750 1.043706
692400 299.916321 -108.540009 -20821.310547 3355.247559 54659.343750 1.043706
692500 299.916321 -108.540009 -20821.310547 3355.247559 54659.343750 1.043706
692600 299.916321 -108.540009 -20821.310547 3355.247559 54659.343750 1.043706
692700 299.916321 -108.540009 -20821.310547 3355.247559 54659.343750 1.043706
692800 299.916321 -108.540009 -20821.310547 3355.247559 54659.343750 1.043706
692900 299.916321 -108.540009 -20821.310547 3355.247559 54659.343750 1.043706
693000 299.916321 -108.540009 -20821.310547 3355.247559 54659.343750 1.043706
693100 299.916321 -108.540009 -20821.310547 3355.247559 54659.343750 1.043706
693200 299.916321 -108.540009 -20821.310547 3355.247559 54659.343750 1.043706
693300 299.916321 -108.540009 -20821.310547 3355.247559 54659.343750 1.043706
693400 299.916321 -108.540009 -20821.310547 3355.247559 54659.343750 1.043706
693500 299.916321 -108.540009 -20821.310547 3355.247559 54659.343750 1.043706
693600 299.916321 -108.540009 -20821.310547 3355.247559 54659.343750 1.043706
693700 299.916321 -108.540009 -20821.310547 3355.247559 54659.343750 1.043706
693800 299.916321 -108.540009 -20821.310547 3355.247559 54659.343750 1.043706
693900 299.916321 -108.540009 -20821.310547 3355.247559 54659.343750 1.043706
694000 299.916321 -108.540009 -20821.310547 3355.247559 54659.343750 1.043706
694100 299.916321 -108.540009 -20821.310547 3355.247559 54659.343750 1.043706
694200 299.916321 -108.540009 -20821.310547 3355.247559 54659.343750 1.043706
694300 299.916321 -108.540009 -20821.310547 3355.247559 54659.343750 1.043706
694400 299.916321 -108.540009 -20821.310547 3355.247559 54659.343750 1.043706
694500 299.916321 -108.540009 -20821.310547 3355.247559 54659.343750 1.043706
694600 299.916321 -108.540009 -20821.310547 3355.247559 54659.343750 1.043706
694700 299.916321 -108.540009 -20821.310547 3355.247559 54659.343750 1.043706
694800 299.916321 -108.540009 -20821.310547 3355.247559 54659.343750 1.043706
694900 299.916321 -108.540009 -20821.310547 3355.247559 54659.343750 1.043706
695000 299.916321 -108.540009 -20821.310547 3355.247559 54659.343750 1.043706
695100 299.916321 -108.540009 -20821.310547 3355.247559 54659.343750 1.043706
695200 299.916321 -108.540009 -20821.310547 3355.247559 54659.343750 1.043706
695300 299.916321 -108.540009 -20821.310547 3355.247559 54659.343750 1.043706
695400 299.916321 -108.540009 -20821.310547 3355.247559 54659.343750 1.043706
695500 299.916321 -108.540009 -20821.310547 3355.247559 54659.343750 1.043706
695600 299.916321 -108.540009 -20821.310547 3355.247559 54659.343750 1.043706
695700 299.916321 -108.540009 -20821.310547 3355.247559 54659.343750 1.043706
695800 299.916321 -108.540009 -20821.310547 3355.247559 54659.343750 1.043706
695900 299.916321 -108.540009 -20821.310547 3355.247559 54659.343750 1.043706
696000 299.916321 -108.540009 -20821.310547 3355.247559 54659.343750 1.043706
696100 299.916321 -108.540009 -20821.310547 3355.247559 54659.343750 1.043706
696200 299.916321 -108.540009 -20821.310547 3355.247559 54659.343750 1.043706
696300 299.916321 -108.540009 -20821.310547 3355.247559 54659.343750 1.043706
696400 299.916321 -108.540009 -20821.310547 3355.247559 54659.343750 1.043706
696500 299.916321 -108.540009 -20821.310547 3355.247559 54659.343750 1.043706
696600 299.916321 -108.540009 -20821.310547 3355.247559 54659.343750 1.043706
696700 299.916321 -108.540009 -20821.310547 3355.247559 54659.343750 1.043706
696800 299.916321 -108.540009 -20821.310547 3355.247559 54659.343750 1.043706
696900 299.916321 -108.540009 -20821.310547 3355.247559 54659.343750 1.043706
697000 299.916321 -108.540009 -20821.310547 3355.247559 54659.343750 1.043706
697100 299.916321 -108.540009 -20821.310547 3355.247559 54659.343750 1.043706
697200 299.916321 -108.540009 -20821.310547 3355.247559 54659.343750 1.043706
697300 299.916321 -108.540009 -20821.310547 3355.247559 54659.343750 1.043706
697400 299.916321 -108.540009 -20821.310547 3355.247559 54659.343750 1.043706
697500 299.916321 -108.540009 -20821.310547 3355.247559 54659.343750 1.043706
697600 299.916321 -108.540009 -20821.310547 3355.247559 54659.343750 1.043706
697700 299.916321 -108.540009 -20821.310547 3355.247559 54659.343750 1.043706
697800 299.916321 -108.540009 -20821.310547 3355.247559 54659.343750 1.043706
697900 299.916321 -108.540009 -20821.310547 3355.247559 54659.343750 1.043706
698000 299.916321 -108.540009 -20821.310547 3355.247559 54659.343750 1.043706
698100 299.916321 -108.540009 -20821.310547 3355.247559 54659.343750 1.043706
698200 299.916321 -108.540009 -20821.310547 3355.247559 54659.343750 1.043706
698300 299.916321 -108.540009 -20821.310547 3355.247559 54659.343750 1.043706
698400 299.916321 -108.540009 -20821.310547 3355.247559 54659.343750 1.043706
698500 299.916321 -108.540009 -20821.310547 3355.247559 54659.343750 1.043706
698600 299.916321 -108.540009 -20821.310547 3355.247559 54659.343750 1.043706
698700 299.916321 -108.540009 -20821.310547 3355.247559 54659.343750 1.043706
698800 299.916321 -108.540009 -20821.310547 3355.247559 54659.343750 1.043706
698900 299.916321 -108.540009 -20821.310547 3355.247559 54659.343750 1.043706
699000 299.916321 -108.540009 -20821.310547 3355.247559 54659.343750 1.043706
699100 299.916321 -108.540009 -20821.310547 3355.247559 54659.343750 1.043706
699200 299.916321 -108.540009 -20821.310547 3355.247559 54659.343750 1.043706
699300 299.916321 -108.540009 -20821.310547 3355.247559 54659.343750 1.043706
699400 299.916321 -108.540009 -20821.310547 3355.247559 54659.343750 1.043706
699500 299.916321 -108.540009 -20821.310547 3355.247559 54659.343750 1.043706
699600 299.916321 -108.540009 -20821.310547 3355.247559 54659.343750 1.043706
699700 299.916321 -108.540009 -20821.310547 3355.247559 54659.343750 1.043706
699800 299.916321 -108.540009 -20821.310547 3355.247559 54659.343750 1.043706
699900 299.916321 -108.540009 -20821.310547 3355.247559 54659.343750 1.043706
700000 299.916321 -108.540009 -20821.310547 3355.247559 54659.343750 1.043706
