# Time-averaged data for fix thermo_detailed
# TimeStep v_temp v_press v_pe v_ke v_vol v_dens
600100 298.682739 -38.249416 -20982.945312 3341.447266 54479.773438 1.047146
600200 298.795654 -40.247662 -20909.462891 3342.710449 54504.441406 1.046672
600300 299.024078 -51.570072 -20869.144531 3345.265625 54545.582031 1.045883
600400 299.184937 -56.805298 -20831.734375 3347.065430 54582.738281 1.045171
600500 299.302521 -57.163681 -20801.263672 3348.380859 54615.960938 1.044535
600600 299.383331 -55.398407 -20778.458984 3349.284912 54642.199219 1.044034
600700 299.436249 -53.065880 -20762.144531 3349.876953 54661.574219 1.043664
600800 299.469879 -50.873821 -20750.785156 3350.253174 54675.285156 1.043402
600900 299.490936 -49.067661 -20743.035156 3350.488525 54684.722656 1.043222
601000 299.504181 -47.681854 -20737.859375 3350.636963 54691.078125 1.043100
601100 299.512695 -46.667717 -20734.474609 3350.731934 54695.281250 1.043020
601200 299.518433 -45.952034 -20732.324219 3350.796387 54698.000000 1.042969
601300 299.522522 -45.463737 -20731.011719 3350.842041 54699.722656 1.042936
601400 299.525604 -45.139660 -20730.251953 3350.876465 54700.773438 1.042916
601500 299.528107 -44.933594 -20729.853516 3350.904541 54701.386719 1.042904
601600 299.530182 -44.810505 -20729.683594 3350.927979 54701.710938 1.042898
601700 299.531982 -44.738232 -20729.648438 3350.947998 54701.859375 1.042895
601800 299.533600 -44.702972 -20729.693359 3350.965820 54701.875000 1.042895
601900 299.535034 -44.692783 -20729.781250 3350.981934 54701.828125 1.042896
602000 299.536316 -44.693871 -20729.888672 3350.996338 54701.734375 1.042897
602100 299.537476 -44.708305 -20730.005859 3351.009521 54701.613281 1.042900
602200 299.538513 -44.724182 -20730.115234 3351.020996 54701.488281 1.042902
602300 299.539429 -44.741413 -20730.218750 3351.031250 54701.347656 1.042905
602400 299.540253 -44.759041 -20730.310547 3351.040527 54701.218750 1.042907
602500 299.540955 -44.775269 -20730.394531 3351.048096 54701.089844 1.042910
602600 299.541626 -44.791477 -20730.462891 3351.055664 54700.949219 1.042912
602700 299.542236 -44.804577 -20730.527344 3351.062744 54700.824219 1.042915
602800 299.542755 -44.818573 -20730.585938 3351.068359 54700.699219 1.042917
602900 299.543213 -44.829323 -20730.634766 3351.073486 54700.585938 1.042919
603000 299.543610 -44.838108 -20730.675781 3351.077881 54700.484375 1.042921
603100 299.544006 -44.847092 -20730.716797 3351.082520 54700.367188 1.042923
603200 299.544342 -44.853222 -20730.748047 3351.086182 54700.273438 1.042925
603300 299.544617 -44.858757 -20730.775391 3351.089111 54700.179688 1.042927
603400 299.544891 -44.862797 -20730.798828 3351.092285 54700.093750 1.042929
603500 299.545135 -44.870064 -20730.822266 3351.094971 54700.015625 1.042930
603600 299.545349 -44.875202 -20730.845703 3351.097412 54699.933594 1.042932
603700 299.545563 -44.879780 -20730.863281 3351.099854 54699.847656 1.042933
603800 299.545746 -44.885197 -20730.880859 3351.102051 54699.781250 1.042935
603900 299.545898 -44.890106 -20730.896484 3351.103516 54699.703125 1.042936
604000 299.546051 -44.892624 -20730.910156 3351.105225 54699.640625 1.042937
604100 299.546204 -44.894508 -20730.923828 3351.106934 54699.578125 1.042938
604200 299.546326 -44.898197 -20730.935547 3351.108154 54699.515625 1.042940
604300 299.546448 -44.900497 -20730.947266 3351.109863 54699.464844 1.042941
604400 299.546570 -44.903679 -20730.958984 3351.111084 54699.406250 1.042942
604500 299.546661 -44.904961 -20730.966797 3351.112061 54699.355469 1.042943
604600 299.546783 -44.909637 -20730.978516 3351.113525 54699.304688 1.042944
604700 299.546875 -44.912777 -20730.986328 3351.114502 54699.261719 1.042944
604800 299.546967 -44.916542 -20731.000000 3351.115479 54699.210938 1.042945
604900 299.547058 -44.919529 -20731.005859 3351.116455 54699.167969 1.042946
605000 299.547150 -44.921291 -20731.013672 3351.117432 54699.132812 1.042947
605100 299.547241 -44.924843 -20731.023438 3351.118408 54699.085938 1.042948
605200 299.547302 -44.928684 -20731.035156 3351.119141 54699.042969 1.042949
605300 299.547363 -44.935379 -20731.042969 3351.120117 54699.007812 1.042949
605400 299.547455 -44.938400 -20731.052734 3351.121094 54698.960938 1.042950
605500 299.547516 -44.940380 -20731.056641 3351.121826 54698.925781 1.042951
605600 299.547577 -44.943722 -20731.062500 3351.122314 54698.890625 1.042952
605700 299.547668 -44.946011 -20731.072266 3351.123291 54698.859375 1.042952
605800 299.547729 -44.951870 -20731.083984 3351.124023 54698.828125 1.042953
605900 299.547791 -44.955807 -20731.089844 3351.124756 54698.796875 1.042953
606000 299.547821 -44.960125 -20731.095703 3351.125000 54698.765625 1.042954
606100 299.547882 -44.964241 -20731.105469 3351.125732 54698.734375 1.042955
606200 299.547943 -44.968830 -20731.111328 3351.126465 54698.703125 1.042955
606300 299.548004 -44.972794 -20731.119141 3351.126953 54698.671875 1.042956
606400 299.548035 -44.976715 -20731.128906 3351.127441 54698.640625 1.042956
606500 299.548065 -44.982658 -20731.138672 3351.127686 54698.613281 1.042957
606600 299.548126 -44.985779 -20731.146484 3351.128418 54698.582031 1.042957
606700 299.548187 -44.991859 -20731.154297 3351.128906 54698.562500 1.042958
606800 299.548248 -44.997128 -20731.160156 3351.129639 54698.535156 1.042958
606900 299.548279 -45.000950 -20731.167969 3351.130371 54698.503906 1.042959
607000 299.548340 -45.006634 -20731.175781 3351.131104 54698.480469 1.042959
607100 299.548370 -45.011318 -20731.183594 3351.131348 54698.464844 1.042960
607200 299.548431 -45.012623 -20731.189453 3351.132080 54698.437500 1.042960
607300 299.548462 -45.016903 -20731.195312 3351.132324 54698.410156 1.042961
607400 299.548523 -45.021629 -20731.203125 3351.133057 54698.394531 1.042961
607500 299.548553 -45.027615 -20731.208984 3351.133301 54698.375000 1.042961
607600 299.548584 -45.032646 -20731.216797 3351.133545 54698.347656 1.042962
607700 299.548645 -45.037674 -20731.224609 3351.134277 54698.324219 1.042962
607800 299.548676 -45.042103 -20731.232422 3351.134521 54698.308594 1.042963
607900 299.548737 -45.046059 -20731.240234 3351.135254 54698.285156 1.042963
608000 299.548767 -45.048786 -20731.244141 3351.135742 54698.261719 1.042964
608100 299.548828 -45.053295 -20731.250000 3351.136230 54698.246094 1.042964
608200 299.548859 -45.057461 -20731.257812 3351.136719 54698.222656 1.042964
608300 299.548889 -45.062096 -20731.267578 3351.136963 54698.199219 1.042965
608400 299.548950 -45.066891 -20731.271484 3351.137695 54698.171875 1.042965
608500 299.549011 -45.071686 -20731.281250 3351.138184 54698.156250 1.042966
608600 299.549042 -45.077213 -20731.291016 3351.138672 54698.140625 1.042966
608700 299.549072 -45.081051 -20731.296875 3351.138916 54698.121094 1.042966
608800 299.549103 -45.086945 -20731.302734 3351.139160 54698.105469 1.042966
608900 299.549164 -45.091564 -20731.308594 3351.140137 54698.089844 1.042967
609000 299.549194 -45.095764 -20731.314453 3351.140625 54698.070312 1.042967
609100 299.549225 -45.099796 -20731.320312 3351.140869 54698.058594 1.042967
609200 299.549255 -45.101921 -20731.328125 3351.141357 54698.039062 1.042968
609300 299.549316 -45.104362 -20731.333984 3351.141846 54698.015625 1.042968
609400 299.549347 -45.107006 -20731.341797 3351.142334 54698.000000 1.042969
609500 299.549408 -45.111824 -20731.347656 3351.142822 54697.980469 1.042969
609600 299.549438 -45.116901 -20731.353516 3351.143311 54697.968750 1.042969
609700 299.549469 -45.121002 -20731.359375 3351.143555 54697.949219 1.042969
609800 299.549530 -45.125359 -20731.365234 3351.144287 54697.937500 1.042970
609900 299.549530 -45.131645 -20731.371094 3351.144287 54697.917969 1.042970
610000 299.549561 -45.137321 -20731.376953 3351.144531 54697.906250 1.042970
610100 299.549591 -45.140804 -20731.380859 3351.144775 54697.886719 1.042971
610200 299.549622 -45.145252 -20731.386719 3351.145264 54697.867188 1.042971
610300 299.549683 -45.150368 -20731.396484 3351.145752 54697.855469 1.042971
610400 299.549713 -45.154938 -20731.402344 3351.146240 54697.843750 1.042971
610500 299.549744 -45.159332 -20731.408203 3351.146484 54697.828125 1.042972
610600 299.549774 -45.162971 -20731.414062 3351.146973 54697.812500 1.042972
610700 299.549835 -45.167377 -20731.419922 3351.147461 54697.796875 1.042972
610800 299.549866 -45.170853 -20731.429688 3351.147949 54697.781250 1.042973
610900 299.549896 -45.172928 -20731.433594 3351.148193 54697.761719 1.042973
611000 299.549927 -45.178799 -20731.443359 3351.148438 54697.742188 1.042973
611100 299.549988 -45.182674 -20731.449219 3351.149170 54697.726562 1.042974
611200 299.550018 -45.187595 -20731.453125 3351.149414 54697.710938 1.042974
611300 299.550049 -45.192715 -20731.458984 3351.149902 54697.699219 1.042974
611400 299.550079 -45.196728 -20731.464844 3351.150391 54697.679688 1.042975
611500 299.550140 -45.199570 -20731.470703 3351.151123 54697.667969 1.042975
611600 299.550171 -45.203613 -20731.476562 3351.151367 54697.652344 1.042975
611700 299.550201 -45.208153 -20731.486328 3351.151855 54697.644531 1.042975
611800 299.550262 -45.213032 -20731.488281 3351.152344 54697.632812 1.042976
611900 299.550262 -45.217503 -20731.494141 3351.152344 54697.617188 1.042976
612000 299.550262 -45.219551 -20731.498047 3351.152344 54697.601562 1.042976
612100 299.550293 -45.223705 -20731.507812 3351.152832 54697.582031 1.042976
612200 299.550323 -45.227314 -20731.511719 3351.153076 54697.570312 1.042977
612300 299.550354 -45.233604 -20731.519531 3351.153564 54697.554688 1.042977
612400 299.550385 -45.238560 -20731.523438 3351.153809 54697.542969 1.042977
612500 299.550446 -45.241322 -20731.529297 3351.154541 54697.523438 1.042978
612600 299.550476 -45.245373 -20731.535156 3351.154785 54697.511719 1.042978
612700 299.550507 -45.247738 -20731.539062 3351.155029 54697.496094 1.042978
612800 299.550537 -45.252213 -20731.544922 3351.155518 54697.488281 1.042978
612900 299.550568 -45.254639 -20731.548828 3351.155762 54697.480469 1.042978
613000 299.550598 -45.258144 -20731.556641 3351.156006 54697.460938 1.042979
613100 299.550629 -45.263371 -20731.562500 3351.156494 54697.449219 1.042979
613200 299.550659 -45.266735 -20731.566406 3351.156738 54697.433594 1.042979
613300 299.550690 -45.271347 -20731.572266 3351.156982 54697.417969 1.042980
613400 299.550720 -45.276997 -20731.578125 3351.157471 54697.402344 1.042980
613500 299.550751 -45.281769 -20731.585938 3351.157715 54697.394531 1.042980
613600 299.550812 -45.284824 -20731.593750 3351.158447 54697.378906 1.042980
613700 299.550842 -45.291748 -20731.597656 3351.158691 54697.367188 1.042981
613800 299.550873 -45.295033 -20731.605469 3351.159180 54697.359375 1.042981
613900 299.550903 -45.298244 -20731.609375 3351.159424 54697.343750 1.042981
614000 299.550934 -45.300488 -20731.613281 3351.159668 54697.335938 1.042981
614100 299.550934 -45.304081 -20731.617188 3351.159668 54697.328125 1.042981
614200 299.550964 -45.306969 -20731.623047 3351.160156 54697.316406 1.042982
614300 299.550995 -45.313240 -20731.628906 3351.160645 54697.304688 1.042982
614400 299.551056 -45.315987 -20731.634766 3351.161377 54697.285156 1.042982
614500 299.551056 -45.318310 -20731.640625 3351.161377 54697.265625 1.042983
614600 299.551086 -45.322758 -20731.646484 3351.161621 54697.253906 1.042983
614700 299.551117 -45.326500 -20731.652344 3351.162109 54697.242188 1.042983
614800 299.551147 -45.332523 -20731.656250 3351.162354 54697.238281 1.042983
614900 299.551147 -45.334961 -20731.660156 3351.162354 54697.222656 1.042983
615000 299.551178 -45.338825 -20731.669922 3351.162598 54697.207031 1.042984
615100 299.551208 -45.340408 -20731.675781 3351.163086 54697.191406 1.042984
615200 299.551270 -45.343761 -20731.679688 3351.163574 54697.179688 1.042984
615300 299.551300 -45.347439 -20731.685547 3351.164062 54697.175781 1.042984
615400 299.551331 -45.349358 -20731.689453 3351.164307 54697.160156 1.042984
615500 299.551361 -45.353458 -20731.695312 3351.164795 54697.156250 1.042985
615600 299.551361 -45.355621 -20731.701172 3351.164795 54697.144531 1.042985
615700 299.551392 -45.362324 -20731.708984 3351.165039 54697.128906 1.042985
615800 299.551422 -45.366901 -20731.708984 3351.165283 54697.125000 1.042985
615900 299.551453 -45.370510 -20731.712891 3351.165771 54697.113281 1.042985
616000 299.551453 -45.372704 -20731.714844 3351.165771 54697.097656 1.042986
616100 299.551483 -45.375473 -20731.722656 3351.166016 54697.085938 1.042986
616200 299.551544 -45.379295 -20731.728516 3351.166748 54697.070312 1.042986
616300 299.551544 -45.383930 -20731.730469 3351.166748 54697.066406 1.042986
616400 299.551575 -45.387867 -20731.732422 3351.166992 54697.062500 1.042986
616500 299.551636 -45.391167 -20731.736328 3351.167725 54697.050781 1.042987
616600 299.551666 -45.395134 -20731.742188 3351.167969 54697.035156 1.042987
616700 299.551697 -45.399757 -20731.748047 3351.168213 54697.031250 1.042987
616800 299.551727 -45.402779 -20731.751953 3351.168701 54697.023438 1.042987
616900 299.551758 -45.405033 -20731.757812 3351.168945 54697.007812 1.042987
617000 299.551788 -45.408375 -20731.763672 3351.169189 54696.996094 1.042988
617100 299.551788 -45.411156 -20731.769531 3351.169189 54696.980469 1.042988
617200 299.551819 -45.414188 -20731.773438 3351.169678 54696.968750 1.042988
617300 299.551849 -45.416397 -20731.777344 3351.169922 54696.957031 1.042988
617400 299.551880 -45.421497 -20731.783203 3351.170654 54696.949219 1.042989
617500 299.551880 -45.424641 -20731.785156 3351.170654 54696.937500 1.042989
617600 299.551910 -45.427425 -20731.791016 3351.170898 54696.933594 1.042989
617700 299.551941 -45.431293 -20731.796875 3351.171387 54696.917969 1.042989
617800 299.551971 -45.434189 -20731.800781 3351.171631 54696.910156 1.042989
617900 299.552002 -45.435905 -20731.806641 3351.171875 54696.902344 1.042989
618000 299.552032 -45.440060 -20731.808594 3351.172363 54696.890625 1.042990
618100 299.552063 -45.441669 -20731.814453 3351.172607 54696.875000 1.042990
618200 299.552094 -45.444485 -20731.820312 3351.172852 54696.855469 1.042990
618300 299.552094 -45.448757 -20731.826172 3351.172852 54696.847656 1.042990
618400 299.552124 -45.452030 -20731.832031 3351.173340 54696.843750 1.042991
618500 299.552155 -45.455257 -20731.835938 3351.173584 54696.828125 1.042991
618600 299.552155 -45.461563 -20731.841797 3351.173584 54696.824219 1.042991
618700 299.552185 -45.463505 -20731.845703 3351.173828 54696.812500 1.042991
618800 299.552216 -45.466198 -20731.851562 3351.174316 54696.796875 1.042991
618900 299.552246 -45.469437 -20731.855469 3351.174561 54696.792969 1.042992
619000 299.552277 -45.471184 -20731.857422 3351.174805 54696.785156 1.042992
619100 299.552277 -45.474804 -20731.861328 3351.174805 54696.781250 1.042992
619200 299.552307 -45.476681 -20731.863281 3351.175293 54696.777344 1.042992
619300 299.552338 -45.476681 -20731.867188 3351.175537 54696.761719 1.042992
619400 299.552368 -45.480820 -20731.871094 3351.176025 54696.753906 1.042992
619500 299.552399 -45.483490 -20731.876953 3351.176270 54696.746094 1.042992
619600 299.552429 -45.487564 -20731.882812 3351.176514 54696.730469 1.042993
619700 299.552429 -45.493938 -20731.888672 3351.176514 54696.718750 1.042993
619800 299.552460 -45.497341 -20731.894531 3351.177002 54696.718750 1.042993
619900 299.552490 -45.500851 -20731.898438 3351.177246 54696.703125 1.042993
620000 299.552521 -45.502224 -20731.898438 3351.177490 54696.699219 1.042993
620100 299.552551 -45.503094 -20731.902344 3351.177979 54696.687500 1.042994
620200 299.552582 -45.506699 -20731.906250 3351.178223 54696.683594 1.042994
620300 299.552612 -45.511574 -20731.910156 3351.178467 54696.667969 1.042994
620400 299.552643 -45.514599 -20731.912109 3351.178955 54696.656250 1.042994
620500 299.552643 -45.516842 -20731.916016 3351.178955 54696.652344 1.042994
620600 299.552643 -45.519447 -20731.925781 3351.178955 54696.628906 1.042995
620700 299.552673 -45.524036 -20731.929688 3351.179199 54696.625000 1.042995
620800 299.552704 -45.526566 -20731.935547 3351.179443 54696.609375 1.042995
620900 299.552734 -45.525787 -20731.935547 3351.179932 54696.605469 1.042995
621000 299.552765 -45.528465 -20731.939453 3351.180176 54696.601562 1.042995
621100 299.552765 -45.532726 -20731.941406 3351.180176 54696.593750 1.042995
621200 299.552765 -45.535709 -20731.947266 3351.180176 54696.578125 1.042996
621300 299.552795 -45.538376 -20731.951172 3351.180908 54696.570312 1.042996
621400 299.552795 -45.541065 -20731.957031 3351.180908 54696.562500 1.042996
621500 299.552826 -45.542431 -20731.960938 3351.181152 54696.554688 1.042996
621600 299.552856 -45.546112 -20731.962891 3351.181641 54696.546875 1.042996
621700 299.552887 -45.548435 -20731.970703 3351.181885 54696.542969 1.042996
621800 299.552887 -45.549213 -20731.974609 3351.181885 54696.531250 1.042997
621900 299.552917 -45.552166 -20731.974609 3351.182129 54696.523438 1.042997
622000 299.552948 -45.556995 -20731.978516 3351.182617 54696.515625 1.042997
622100 299.552979 -45.558910 -20731.982422 3351.182861 54696.507812 1.042997
622200 299.552979 -45.562691 -20731.986328 3351.182861 54696.500000 1.042997
622300 299.553009 -45.564747 -20731.990234 3351.183105 54696.492188 1.042997
622400 299.553040 -45.566818 -20731.994141 3351.183594 54696.484375 1.042997
622500 299.553070 -45.568661 -20731.998047 3351.183838 54696.480469 1.042997
622600 299.553101 -45.570400 -20732.001953 3351.184082 54696.468750 1.042998
622700 299.553131 -45.572853 -20732.003906 3351.184570 54696.453125 1.042998
622800 299.553131 -45.575336 -20732.007812 3351.184570 54696.449219 1.042998
622900 299.553131 -45.580383 -20732.011719 3351.184570 54696.445312 1.042998
623000 299.553162 -45.584995 -20732.017578 3351.184814 54696.429688 1.042998
623100 299.553192 -45.588749 -20732.021484 3351.185059 54696.429688 1.042998
623200 299.553223 -45.591175 -20732.023438 3351.185547 54696.421875 1.042999
623300 299.553253 -45.591766 -20732.025391 3351.185791 54696.414062 1.042999
623400 299.553284 -45.593773 -20732.029297 3351.186035 54696.406250 1.042999
623500 299.553314 -45.595726 -20732.033203 3351.186523 54696.398438 1.042999
623600 299.553314 -45.597103 -20732.037109 3351.186523 54696.390625 1.042999
623700 299.553345 -45.598969 -20732.041016 3351.186768 54696.386719 1.042999
623800 299.553345 -45.600498 -20732.042969 3351.186768 54696.382812 1.042999
623900 299.553375 -45.603912 -20732.046875 3351.187256 54696.375000 1.043000
624000 299.553406 -45.607010 -20732.050781 3351.187500 54696.367188 1.043000
624100 299.553406 -45.609943 -20732.054688 3351.187500 54696.355469 1.043000
624200 299.553436 -45.611874 -20732.056641 3351.187744 54696.351562 1.043000
624300 299.553467 -45.613914 -20732.058594 3351.188232 54696.343750 1.043000
624400 299.553467 -45.617096 -20732.062500 3351.188232 54696.335938 1.043000
624500 299.553467 -45.619854 -20732.068359 3351.188232 54696.324219 1.043000
624600 299.553497 -45.623253 -20732.070312 3351.188477 54696.320312 1.043001
624700 299.553497 -45.625839 -20732.076172 3351.188477 54696.304688 1.043001
624800 299.553528 -45.629040 -20732.078125 3351.188721 54696.296875 1.043001
624900 299.553558 -45.629559 -20732.080078 3351.189209 54696.292969 1.043001
625000 299.553558 -45.630657 -20732.083984 3351.189209 54696.277344 1.043001
625100 299.553589 -45.632854 -20732.087891 3351.189453 54696.273438 1.043001
625200 299.553589 -45.636665 -20732.093750 3351.189453 54696.265625 1.043002
625300 299.553619 -45.636578 -20732.095703 3351.189697 54696.265625 1.043002
625400 299.553619 -45.637974 -20732.097656 3351.189697 54696.257812 1.043002
625500 299.553650 -45.638626 -20732.097656 3351.190186 54696.246094 1.043002
625600 299.553650 -45.639183 -20732.099609 3351.190186 54696.242188 1.043002
625700 299.553680 -45.642982 -20732.103516 3351.190430 54696.238281 1.043002
625800 299.553680 -45.645996 -20732.105469 3351.190430 54696.230469 1.043002
625900 299.553711 -45.649574 -20732.109375 3351.191162 54696.226562 1.043002
626000 299.553741 -45.651386 -20732.113281 3351.191406 54696.214844 1.043002
626100 299.553741 -45.653854 -20732.119141 3351.191406 54696.210938 1.043003
626200 299.553772 -45.656910 -20732.123047 3351.191650 54696.207031 1.043003
626300 299.553802 -45.659821 -20732.126953 3351.192139 54696.199219 1.043003
626400 299.553802 -45.661385 -20732.130859 3351.192139 54696.195312 1.043003
626500 299.553833 -45.663731 -20732.136719 3351.192383 54696.179688 1.043003
626600 299.553833 -45.664989 -20732.140625 3351.192383 54696.167969 1.043003
626700 299.553864 -45.665909 -20732.138672 3351.192871 54696.167969 1.043003
626800 299.553864 -45.666676 -20732.138672 3351.192871 54696.152344 1.043004
626900 299.553894 -45.668537 -20732.140625 3351.193115 54696.148438 1.043004
627000 299.553925 -45.671215 -20732.142578 3351.193359 54696.144531 1.043004
627100 299.553925 -45.675575 -20732.148438 3351.193359 54696.136719 1.043004
627200 299.553955 -45.678677 -20732.152344 3351.193848 54696.132812 1.043004
627300 299.553986 -45.681721 -20732.158203 3351.194092 54696.132812 1.043004
627400 299.553986 -45.683105 -20732.160156 3351.194092 54696.121094 1.043004
627500 299.554016 -45.685600 -20732.162109 3351.194336 54696.121094 1.043004
627600 299.554047 -45.686504 -20732.164062 3351.194824 54696.117188 1.043004
627700 299.554047 -45.688084 -20732.167969 3351.194824 54696.113281 1.043005
627800 299.554077 -45.689838 -20732.169922 3351.195068 54696.105469 1.043005
627900 299.554077 -45.692593 -20732.173828 3351.195068 54696.101562 1.043005
628000 299.554108 -45.696140 -20732.177734 3351.195312 54696.089844 1.043005
628100 299.554138 -45.696255 -20732.179688 3351.195801 54696.089844 1.043005
628200 299.554138 -45.696533 -20732.181641 3351.195801 54696.085938 1.043005
628300 299.554169 -45.697365 -20732.185547 3351.196045 54696.074219 1.043005
628400 299.554199 -45.700306 -20732.185547 3351.196289 54696.074219 1.043005
628500 299.554199 -45.702843 -20732.191406 3351.196289 54696.070312 1.043005
628600 299.554199 -45.705563 -20732.195312 3351.196289 54696.054688 1.043006
628700 299.554230 -45.708012 -20732.199219 3351.196777 54696.050781 1.043006
628800 299.554230 -45.710289 -20732.201172 3351.196777 54696.042969 1.043006
628900 299.554260 -45.712513 -20732.205078 3351.197021 54696.035156 1.043006
629000 299.554260 -45.714912 -20732.205078 3351.197021 54696.035156 1.043006
629100 299.554291 -45.715714 -20732.207031 3351.197266 54696.027344 1.043006
629200 299.554291 -45.717617 -20732.210938 3351.197266 54696.023438 1.043006
629300 299.554321 -45.719929 -20732.212891 3351.197754 54696.019531 1.043006
629400 299.554352 -45.721748 -20732.212891 3351.197998 54696.011719 1.043006
629500 299.554352 -45.724277 -20732.216797 3351.197998 54696.003906 1.043007
629600 299.554352 -45.726303 -20732.218750 3351.197998 54695.996094 1.043007
629700 299.554352 -45.727962 -20732.222656 3351.197998 54695.996094 1.043007
629800 299.554382 -45.730206 -20732.226562 3351.198486 54695.992188 1.043007
629900 299.554382 -45.729919 -20732.230469 3351.198486 54695.988281 1.043007
630000 299.554382 -45.731178 -20732.234375 3351.198486 54695.988281 1.043007
630100 299.554413 -45.731853 -20732.236328 3351.198730 54695.972656 1.043007
630200 299.554413 -45.734314 -20732.238281 3351.198730 54695.964844 1.043007
630300 299.554413 -45.735264 -20732.238281 3351.198730 54695.960938 1.043007
630400 299.554443 -45.733376 -20732.242188 3351.198975 54695.949219 1.043008
630500 299.554474 -45.734634 -20732.244141 3351.199463 54695.941406 1.043008
630600 299.554474 -45.735935 -20732.244141 3351.199463 54695.933594 1.043008
630700 299.554504 -45.738457 -20732.246094 3351.199707 54695.933594 1.043008
630800 299.554535 -45.740711 -20732.248047 3351.199951 54695.933594 1.043008
630900 299.554535 -45.744339 -20732.253906 3351.199951 54695.929688 1.043008
631000 299.554535 -45.748493 -20732.257812 3351.199951 54695.925781 1.043008
631100 299.554535 -45.750824 -20732.261719 3351.199951 54695.917969 1.043008
631200 299.554565 -45.752689 -20732.263672 3351.200439 54695.910156 1.043008
631300 299.554565 -45.754074 -20732.265625 3351.200439 54695.902344 1.043008
631400 299.554596 -45.754982 -20732.267578 3351.200928 54695.898438 1.043009
631500 299.554596 -45.756763 -20732.269531 3351.200928 54695.894531 1.043009
631600 299.554596 -45.756458 -20732.271484 3351.200928 54695.886719 1.043009
631700 299.554626 -45.758514 -20732.273438 3351.201416 54695.878906 1.043009
631800 299.554657 -45.759182 -20732.275391 3351.201660 54695.871094 1.043009
631900 299.554688 -45.759159 -20732.277344 3351.201904 54695.867188 1.043009
632000 299.554688 -45.761906 -20732.281250 3351.201904 54695.867188 1.043009
632100 299.554688 -45.761997 -20732.283203 3351.201904 54695.867188 1.043009
632200 299.554688 -45.764488 -20732.285156 3351.201904 54695.863281 1.043009
632300 299.554718 -45.765568 -20732.289062 3351.202393 54695.859375 1.043009
632400 299.554718 -45.766651 -20732.291016 3351.202393 54695.847656 1.043010
632500 299.554749 -45.769150 -20732.292969 3351.202637 54695.847656 1.043010
632600 299.554749 -45.770851 -20732.292969 3351.202637 54695.847656 1.043010
632700 299.554779 -45.772400 -20732.296875 3351.202881 54695.843750 1.043010
632800 299.554779 -45.774242 -20732.300781 3351.202881 54695.843750 1.043010
632900 299.554810 -45.776451 -20732.302734 3351.203369 54695.832031 1.043010
633000 299.554840 -45.777641 -20732.306641 3351.203613 54695.828125 1.043010
633100 299.554840 -45.780079 -20732.308594 3351.203613 54695.816406 1.043010
633200 299.554871 -45.780479 -20732.310547 3351.204102 54695.816406 1.043010
633300 299.554871 -45.780754 -20732.308594 3351.204102 54695.816406 1.043010
633400 299.554871 -45.781235 -20732.312500 3351.204102 54695.812500 1.043010
633500 299.554901 -45.782829 -20732.314453 3351.204346 54695.804688 1.043010
633600 299.554932 -45.782909 -20732.314453 3351.204590 54695.804688 1.043010
633700 299.554932 -45.785587 -20732.316406 3351.204590 54695.800781 1.043010
633800 299.554932 -45.788822 -20732.320312 3351.204590 54695.796875 1.043011
633900 299.554901 -45.790985 -20732.324219 3351.204346 54695.785156 1.043011
634000 299.554932 -45.792278 -20732.326172 3351.204590 54695.781250 1.043011
634100 299.554932 -45.793434 -20732.328125 3351.204590 54695.773438 1.043011
634200 299.554962 -45.794750 -20732.328125 3351.205078 54695.773438 1.043011
634300 299.554962 -45.796547 -20732.330078 3351.205078 54695.773438 1.043011
634400 299.554993 -45.798389 -20732.333984 3351.205322 54695.773438 1.043011
634500 299.554993 -45.799603 -20732.333984 3351.205322 54695.769531 1.043011
634600 299.555023 -45.800842 -20732.339844 3351.205566 54695.757812 1.043011
634700 299.555023 -45.803242 -20732.341797 3351.205566 54695.753906 1.043011
634800 299.555023 -45.805016 -20732.343750 3351.205566 54695.753906 1.043011
634900 299.555054 -45.804615 -20732.343750 3351.206055 54695.750000 1.043011
635000 299.555084 -45.804993 -20732.343750 3351.206299 54695.742188 1.043012
635100 299.555084 -45.805599 -20732.345703 3351.206299 54695.738281 1.043012
635200 299.555084 -45.805565 -20732.345703 3351.206299 54695.738281 1.043012
635300 299.555084 -45.807377 -20732.349609 3351.206299 54695.738281 1.043012
635400 299.555084 -45.810131 -20732.353516 3351.206299 54695.726562 1.043012
635500 299.555115 -45.812111 -20732.355469 3351.206543 54695.726562 1.043012
635600 299.555115 -45.813942 -20732.359375 3351.206543 54695.722656 1.043012
635700 299.555115 -45.815559 -20732.361328 3351.206543 54695.722656 1.043012
635800 299.555145 -45.816219 -20732.365234 3351.207031 54695.718750 1.043012
635900 299.555176 -45.815968 -20732.365234 3351.207275 54695.718750 1.043012
636000 299.555176 -45.817043 -20732.365234 3351.207275 54695.710938 1.043012
636100 299.555176 -45.817238 -20732.367188 3351.207275 54695.707031 1.043012
636200 299.555206 -45.817688 -20732.371094 3351.207520 54695.695312 1.043012
636300 299.555206 -45.817341 -20732.373047 3351.207520 54695.695312 1.043012
636400 299.555237 -45.816990 -20732.375000 3351.208008 54695.691406 1.043012
636500 299.555237 -45.818016 -20732.375000 3351.208008 54695.687500 1.043013
636600 299.555267 -45.818714 -20732.376953 3351.208252 54695.687500 1.043013
636700 299.555267 -45.820328 -20732.378906 3351.208252 54695.679688 1.043013
636800 299.555267 -45.822880 -20732.380859 3351.208252 54695.679688 1.043013
636900 299.555267 -45.824917 -20732.382812 3351.208252 54695.679688 1.043013
637000 299.555298 -45.825191 -20732.386719 3351.208496 54695.675781 1.043013
637100 299.555298 -45.827335 -20732.388672 3351.208496 54695.664062 1.043013
637200 299.555298 -45.829704 -20732.388672 3351.208496 54695.660156 1.043013
637300 299.555298 -45.831612 -20732.390625 3351.208496 54695.660156 1.043013
637400 299.555298 -45.833916 -20732.390625 3351.208496 54695.656250 1.043013
637500 299.555298 -45.833206 -20732.392578 3351.208496 54695.648438 1.043013
637600 299.555328 -45.834431 -20732.394531 3351.208984 54695.648438 1.043013
637700 299.555328 -45.834667 -20732.396484 3351.208984 54695.644531 1.043013
637800 299.555359 -45.836029 -20732.400391 3351.209229 54695.632812 1.043014
637900 299.555359 -45.837139 -20732.404297 3351.209229 54695.628906 1.043014
638000 299.555389 -45.837830 -20732.408203 3351.209717 54695.628906 1.043014
638100 299.555389 -45.838837 -20732.410156 3351.209717 54695.625000 1.043014
638200 299.555420 -45.838043 -20732.412109 3351.209961 54695.625000 1.043014
638300 299.555420 -45.838902 -20732.412109 3351.209961 54695.617188 1.043014
638400 299.555450 -45.839909 -20732.414062 3351.210205 54695.617188 1.043014
638500 299.555450 -45.841625 -20732.416016 3351.210205 54695.613281 1.043014
638600 299.555450 -45.841846 -20732.417969 3351.210205 54695.613281 1.043014
638700 299.555481 -45.842255 -20732.419922 3351.210693 54695.601562 1.043014
638800 299.555481 -45.844513 -20732.419922 3351.210693 54695.601562 1.043014
638900 299.555511 -45.846165 -20732.423828 3351.211182 54695.601562 1.043014
639000 299.555511 -45.848335 -20732.423828 3351.211182 54695.601562 1.043014
639100 299.555511 -45.850754 -20732.425781 3351.211182 54695.601562 1.043014
639200 299.555511 -45.852150 -20732.425781 3351.211182 54695.601562 1.043014
639300 299.555511 -45.852413 -20732.427734 3351.211182 54695.597656 1.043014
639400 299.555511 -45.853912 -20732.429688 3351.211182 54695.593750 1.043014
639500 299.555542 -45.855663 -20732.431641 3351.211670 54695.593750 1.043014
639600 299.555542 -45.855824 -20732.431641 3351.211670 54695.585938 1.043015
639700 299.555573 -45.856155 -20732.433594 3351.211914 54695.582031 1.043015
639800 299.555573 -45.855938 -20732.433594 3351.211914 54695.570312 1.043015
639900 299.555573 -45.855488 -20732.435547 3351.211914 54695.570312 1.043015
640000 299.555603 -45.857494 -20732.437500 3351.212158 54695.566406 1.043015
640100 299.555603 -45.858192 -20732.439453 3351.212158 54695.566406 1.043015
640200 299.555603 -45.860592 -20732.441406 3351.212158 54695.562500 1.043015
640300 299.555634 -45.862461 -20732.443359 3351.212646 54695.562500 1.043015
640400 299.555634 -45.864395 -20732.445312 3351.212646 54695.562500 1.043015
640500 299.555634 -45.867233 -20732.449219 3351.212646 54695.554688 1.043015
640600 299.555634 -45.868511 -20732.453125 3351.212646 54695.550781 1.043015
640700 299.555664 -45.869808 -20732.455078 3351.212891 54695.550781 1.043015
640800 299.555664 -45.868973 -20732.455078 3351.212891 54695.539062 1.043015
640900 299.555664 -45.868843 -20732.455078 3351.212891 54695.539062 1.043015
641000 299.555664 -45.870571 -20732.457031 3351.212891 54695.535156 1.043015
641100 299.555634 -45.872280 -20732.460938 3351.212646 54695.531250 1.043016
641200 299.555634 -45.874107 -20732.462891 3351.212646 54695.523438 1.043016
641300 299.555634 -45.874924 -20732.464844 3351.212646 54695.523438 1.043016
641400 299.555664 -45.875107 -20732.464844 3351.212891 54695.519531 1.043016
641500 299.555664 -45.875942 -20732.466797 3351.212891 54695.519531 1.043016
641600 299.555664 -45.875885 -20732.464844 3351.212891 54695.507812 1.043016
641700 299.555695 -45.877014 -20732.466797 3351.213135 54695.503906 1.043016
641800 299.555695 -45.876652 -20732.468750 3351.213135 54695.503906 1.043016
641900 299.555695 -45.877258 -20732.468750 3351.213135 54695.500000 1.043016
642000 299.555695 -45.879566 -20732.470703 3351.213135 54695.500000 1.043016
642100 299.555725 -45.882038 -20732.474609 3351.213623 54695.500000 1.043016
642200 299.555756 -45.883915 -20732.476562 3351.213867 54695.500000 1.043016
642300 299.555756 -45.885212 -20732.480469 3351.213867 54695.500000 1.043016
642400 299.555756 -45.885941 -20732.480469 3351.213867 54695.492188 1.043016
642500 299.555756 -45.886551 -20732.482422 3351.213867 54695.492188 1.043016
642600 299.555756 -45.887295 -20732.484375 3351.213867 54695.484375 1.043016
642700 299.555786 -45.889076 -20732.486328 3351.214111 54695.484375 1.043016
642800 299.555786 -45.890427 -20732.486328 3351.214111 54695.484375 1.043016
642900 299.555817 -45.890408 -20732.488281 3351.214600 54695.480469 1.043017
643000 299.555817 -45.890133 -20732.490234 3351.214600 54695.480469 1.043017
643100 299.555817 -45.891136 -20732.492188 3351.214600 54695.480469 1.043017
643200 299.555817 -45.891056 -20732.492188 3351.214600 54695.480469 1.043017
643300 299.555847 -45.892445 -20732.494141 3351.214844 54695.480469 1.043017
643400 299.555847 -45.892616 -20732.496094 3351.214844 54695.472656 1.043017
643500 299.555847 -45.892982 -20732.498047 3351.214844 54695.472656 1.043017
643600 299.555847 -45.895592 -20732.500000 3351.214844 54695.472656 1.043017
643700 299.555847 -45.897457 -20732.501953 3351.214844 54695.468750 1.043017
643800 299.555878 -45.898003 -20732.503906 3351.215332 54695.464844 1.043017
643900 299.555878 -45.898407 -20732.503906 3351.215332 54695.464844 1.043017
644000 299.555878 -45.899448 -20732.503906 3351.215332 54695.464844 1.043017
644100 299.555878 -45.898579 -20732.503906 3351.215332 54695.464844 1.043017
644200 299.555878 -45.898861 -20732.503906 3351.215332 54695.464844 1.043017
644300 299.555878 -45.900143 -20732.505859 3351.215332 54695.453125 1.043017
644400 299.555908 -45.901211 -20732.507812 3351.215576 54695.453125 1.043017
644500 299.555908 -45.901691 -20732.507812 3351.215576 54695.453125 1.043017
644600 299.555908 -45.902275 -20732.507812 3351.215576 54695.449219 1.043017
644700 299.555908 -45.902447 -20732.509766 3351.215576 54695.449219 1.043017
644800 299.555939 -45.902374 -20732.509766 3351.215820 54695.441406 1.043017
644900 299.555939 -45.902607 -20732.511719 3351.215820 54695.441406 1.043017
645000 299.555969 -45.903622 -20732.515625 3351.216309 54695.437500 1.043017
645100 299.555969 -45.904480 -20732.517578 3351.216309 54695.437500 1.043017
645200 299.555969 -45.905304 -20732.521484 3351.216309 54695.433594 1.043018
645300 299.556000 -45.907158 -20732.523438 3351.216553 54695.433594 1.043018
645400 299.556000 -45.908226 -20732.527344 3351.216553 54695.421875 1.043018
645500 299.556000 -45.909081 -20732.529297 3351.216553 54695.417969 1.043018
645600 299.556030 -45.909103 -20732.529297 3351.216797 54695.417969 1.043018
645700 299.556030 -45.910355 -20732.529297 3351.216797 54695.417969 1.043018
645800 299.556030 -45.911026 -20732.529297 3351.216797 54695.417969 1.043018
645900 299.556061 -45.911568 -20732.529297 3351.217285 54695.417969 1.043018
646000 299.556061 -45.912537 -20732.529297 3351.217285 54695.417969 1.043018
646100 299.556061 -45.912392 -20732.531250 3351.217285 54695.410156 1.043018
646200 299.556061 -45.913673 -20732.529297 3351.217285 54695.410156 1.043018
646300 299.556030 -45.915077 -20732.531250 3351.216797 54695.406250 1.043018
646400 299.556030 -45.915569 -20732.531250 3351.216797 54695.406250 1.043018
646500 299.556030 -45.916229 -20732.533203 3351.216797 54695.402344 1.043018
646600 299.556030 -45.916786 -20732.535156 3351.216797 54695.390625 1.043018
646700 299.556030 -45.917416 -20732.537109 3351.216797 54695.386719 1.043018
646800 299.556030 -45.917900 -20732.539062 3351.216797 54695.386719 1.043018
646900 299.556061 -45.918709 -20732.541016 3351.217285 54695.386719 1.043018
647000 299.556061 -45.919868 -20732.541016 3351.217285 54695.386719 1.043018
647100 299.556061 -45.920712 -20732.542969 3351.217285 54695.386719 1.043018
647200 299.556061 -45.921001 -20732.542969 3351.217285 54695.378906 1.043018
647300 299.556061 -45.920746 -20732.544922 3351.217285 54695.378906 1.043018
647400 299.556061 -45.918652 -20732.544922 3351.217285 54695.378906 1.043018
647500 299.556061 -45.919178 -20732.546875 3351.217285 54695.378906 1.043018
647600 299.556061 -45.920403 -20732.548828 3351.217285 54695.378906 1.043018
647700 299.556091 -45.921364 -20732.548828 3351.217529 54695.375000 1.043019
647800 299.556091 -45.921890 -20732.548828 3351.217529 54695.375000 1.043019
647900 299.556122 -45.922359 -20732.548828 3351.217773 54695.371094 1.043019
648000 299.556122 -45.923149 -20732.548828 3351.217773 54695.371094 1.043019
648100 299.556122 -45.924500 -20732.550781 3351.217773 54695.371094 1.043019
648200 299.556122 -45.924709 -20732.552734 3351.217773 54695.371094 1.043019
648300 299.556152 -45.925014 -20732.556641 3351.218262 54695.371094 1.043019
648400 299.556152 -45.925602 -20732.556641 3351.218262 54695.371094 1.043019
648500 299.556152 -45.925873 -20732.558594 3351.218262 54695.359375 1.043019
648600 299.556183 -45.926857 -20732.560547 3351.218506 54695.359375 1.043019
648700 299.556183 -45.927433 -20732.560547 3351.218506 54695.355469 1.043019
648800 299.556183 -45.927841 -20732.558594 3351.218506 54695.359375 1.043019
648900 299.556183 -45.928288 -20732.558594 3351.218506 54695.355469 1.043019
649000 299.556183 -45.928345 -20732.560547 3351.218506 54695.355469 1.043019
649100 299.556183 -45.928600 -20732.558594 3351.218506 54695.359375 1.043019
649200 299.556183 -45.930317 -20732.558594 3351.218506 54695.355469 1.043019
649300 299.556213 -45.931801 -20732.560547 3351.218750 54695.359375 1.043019
649400 299.556213 -45.932835 -20732.562500 3351.218750 54695.359375 1.043019
649500 299.556213 -45.933361 -20732.562500 3351.218750 54695.355469 1.043019
649600 299.556244 -45.934479 -20732.564453 3351.219238 54695.355469 1.043019
649700 299.556244 -45.934231 -20732.564453 3351.219238 54695.355469 1.043019
649800 299.556274 -45.933945 -20732.566406 3351.219482 54695.347656 1.043019
649900 299.556274 -45.933746 -20732.570312 3351.219482 54695.347656 1.043019
650000 299.556274 -45.934242 -20732.572266 3351.219482 54695.347656 1.043019
650100 299.556305 -45.934471 -20732.574219 3351.219727 54695.347656 1.043019
650200 299.556305 -45.934341 -20732.576172 3351.219727 54695.343750 1.043019
650300 299.556305 -45.934994 -20732.578125 3351.219727 54695.339844 1.043019
650400 299.556305 -45.936104 -20732.580078 3351.219727 54695.328125 1.043019
650500 299.556305 -45.937042 -20732.582031 3351.219727 54695.328125 1.043019
650600 299.556305 -45.938820 -20732.583984 3351.219727 54695.328125 1.043019
650700 299.556335 -45.940453 -20732.585938 3351.220215 54695.328125 1.043019
650800 299.556335 -45.940384 -20732.587891 3351.220215 54695.328125 1.043019
650900 299.556335 -45.940430 -20732.589844 3351.220215 54695.328125 1.043019
651000 299.556335 -45.941986 -20732.591797 3351.220215 54695.328125 1.043019
651100 299.556335 -45.942432 -20732.591797 3351.220215 54695.328125 1.043019
651200 299.556335 -45.943176 -20732.593750 3351.220215 54695.328125 1.043019
651300 299.556335 -45.944733 -20732.593750 3351.220215 54695.328125 1.043019
651400 299.556366 -45.945366 -20732.595703 3351.220459 54695.324219 1.043020
651500 299.556366 -45.945236 -20732.597656 3351.220459 54695.324219 1.043020
651600 299.556366 -45.944519 -20732.597656 3351.220459 54695.316406 1.043020
651700 299.556366 -45.944332 -20732.597656 3351.220459 54695.316406 1.043020
651800 299.556366 -45.944984 -20732.597656 3351.220459 54695.316406 1.043020
651900 299.556366 -45.945843 -20732.597656 3351.220459 54695.316406 1.043020
652000 299.556396 -45.945042 -20732.597656 3351.220947 54695.316406 1.043020
652100 299.556396 -45.945465 -20732.597656 3351.220947 54695.316406 1.043020
652200 299.556427 -45.945259 -20732.597656 3351.221436 54695.312500 1.043020
652300 299.556427 -45.945694 -20732.597656 3351.221436 54695.312500 1.043020
652400 299.556427 -45.946152 -20732.599609 3351.221436 54695.312500 1.043020
652500 299.556458 -45.946323 -20732.601562 3351.221924 54695.308594 1.043020
652600 299.556458 -45.946587 -20732.603516 3351.221924 54695.296875 1.043020
652700 299.556458 -45.946762 -20732.605469 3351.221924 54695.296875 1.043020
652800 299.556488 -45.947159 -20732.607422 3351.222168 54695.296875 1.043020
652900 299.556488 -45.947655 -20732.609375 3351.222168 54695.296875 1.043020
653000 299.556488 -45.947575 -20732.611328 3351.222168 54695.292969 1.043020
653100 299.556488 -45.947102 -20732.611328 3351.222168 54695.285156 1.043020
653200 299.556488 -45.947124 -20732.613281 3351.222168 54695.285156 1.043020
653300 299.556488 -45.948421 -20732.615234 3351.222168 54695.285156 1.043020
653400 299.556488 -45.949493 -20732.615234 3351.222168 54695.285156 1.043020
653500 299.556488 -45.950539 -20732.615234 3351.222168 54695.285156 1.043020
653600 299.556488 -45.951485 -20732.617188 3351.222168 54695.285156 1.043020
653700 299.556488 -45.952080 -20732.617188 3351.222168 54695.285156 1.043020
653800 299.556488 -45.953194 -20732.617188 3351.222168 54695.285156 1.043020
653900 299.556458 -45.954597 -20732.619141 3351.221924 54695.281250 1.043020
654000 299.556458 -45.955685 -20732.621094 3351.221924 54695.281250 1.043020
654100 299.556458 -45.955605 -20732.623047 3351.221924 54695.281250 1.043020
654200 299.556458 -45.957573 -20732.623047 3351.221924 54695.281250 1.043020
654300 299.556488 -45.958717 -20732.623047 3351.222168 54695.281250 1.043020
654400 299.556488 -45.959133 -20732.623047 3351.222168 54695.281250 1.043020
654500 299.556488 -45.959805 -20732.623047 3351.222168 54695.281250 1.043020
654600 299.556488 -45.960239 -20732.625000 3351.222168 54695.277344 1.043020
654700 299.556488 -45.960606 -20732.625000 3351.222168 54695.277344 1.043020
654800 299.556519 -45.960800 -20732.625000 3351.222412 54695.265625 1.043021
654900 299.556519 -45.960735 -20732.625000 3351.222412 54695.265625 1.043021
655000 299.556519 -45.960297 -20732.626953 3351.222412 54695.265625 1.043021
655100 299.556519 -45.960392 -20732.628906 3351.222412 54695.265625 1.043021
655200 299.556519 -45.961308 -20732.628906 3351.222412 54695.265625 1.043021
655300 299.556549 -45.961063 -20732.630859 3351.222900 54695.265625 1.043021
655400 299.556549 -45.960907 -20732.630859 3351.222900 54695.265625 1.043021
655500 299.556549 -45.960640 -20732.632812 3351.222900 54695.265625 1.043021
655600 299.556580 -45.960365 -20732.632812 3351.223145 54695.261719 1.043021
655700 299.556580 -45.959908 -20732.632812 3351.223145 54695.261719 1.043021
655800 299.556580 -45.959785 -20732.632812 3351.223145 54695.261719 1.043021
655900 299.556580 -45.959999 -20732.634766 3351.223145 54695.261719 1.043021
656000 299.556610 -45.960629 -20732.634766 3351.223389 54695.261719 1.043021
656100 299.556610 -45.961079 -20732.634766 3351.223389 54695.253906 1.043021
656200 299.556610 -45.961418 -20732.636719 3351.223389 54695.253906 1.043021
656300 299.556610 -45.963116 -20732.636719 3351.223389 54695.250000 1.043021
656400 299.556610 -45.964073 -20732.638672 3351.223389 54695.250000 1.043021
656500 299.556610 -45.964851 -20732.640625 3351.223389 54695.250000 1.043021
656600 299.556610 -45.965389 -20732.642578 3351.223389 54695.246094 1.043021
656700 299.556610 -45.966297 -20732.644531 3351.223389 54695.246094 1.043021
656800 299.556610 -45.967564 -20732.644531 3351.223389 54695.246094 1.043021
656900 299.556610 -45.967346 -20732.646484 3351.223389 54695.246094 1.043021
657000 299.556610 -45.967461 -20732.648438 3351.223389 54695.246094 1.043021
657100 299.556610 -45.967804 -20732.648438 3351.223389 54695.246094 1.043021
657200 299.556610 -45.967907 -20732.648438 3351.223389 54695.246094 1.043021
657300 299.556641 -45.968872 -20732.650391 3351.223877 54695.246094 1.043021
657400 299.556641 -45.969681 -20732.650391 3351.223877 54695.246094 1.043021
657500 299.556641 -45.970058 -20732.650391 3351.223877 54695.246094 1.043021
657600 299.556641 -45.970825 -20732.650391 3351.223877 54695.234375 1.043021
657700 299.556641 -45.971375 -20732.652344 3351.223877 54695.246094 1.043021
657800 299.556641 -45.972256 -20732.652344 3351.223877 54695.234375 1.043021
657900 299.556641 -45.972347 -20732.654297 3351.223877 54695.234375 1.043021
658000 299.556671 -45.972794 -20732.654297 3351.224121 54695.234375 1.043021
658100 299.556671 -45.972935 -20732.656250 3351.224121 54695.234375 1.043021
658200 299.556702 -45.973549 -20732.658203 3351.224365 54695.234375 1.043021
658300 299.556702 -45.973091 -20732.658203 3351.224365 54695.230469 1.043021
658400 299.556702 -45.973331 -20732.660156 3351.224365 54695.230469 1.043021
658500 299.556702 -45.974350 -20732.662109 3351.224365 54695.230469 1.043021
658600 299.556702 -45.974819 -20732.664062 3351.224365 54695.230469 1.043021
658700 299.556702 -45.975151 -20732.666016 3351.224365 54695.222656 1.043021
658800 299.556732 -45.976044 -20732.666016 3351.224854 54695.222656 1.043021
658900 299.556732 -45.975861 -20732.667969 3351.224854 54695.222656 1.043021
659000 299.556732 -45.975071 -20732.669922 3351.224854 54695.222656 1.043021
659100 299.556732 -45.974121 -20732.669922 3351.224854 54695.218750 1.043022
659200 299.556763 -45.973686 -20732.669922 3351.225098 54695.218750 1.043022
659300 299.556763 -45.973438 -20732.671875 3351.225098 54695.207031 1.043022
659400 299.556763 -45.973484 -20732.671875 3351.225098 54695.207031 1.043022
659500 299.556763 -45.974628 -20732.671875 3351.225098 54695.207031 1.043022
659600 299.556763 -45.975643 -20732.671875 3351.225098 54695.207031 1.043022
659700 299.556763 -45.976238 -20732.671875 3351.225098 54695.207031 1.043022
659800 299.556763 -45.976276 -20732.671875 3351.225098 54695.207031 1.043022
659900 299.556763 -45.976151 -20732.671875 3351.225098 54695.207031 1.043022
660000 299.556763 -45.976696 -20732.673828 3351.225098 54695.207031 1.043022
660100 299.556763 -45.977009 -20732.675781 3351.225098 54695.207031 1.043022
660200 299.556763 -45.977463 -20732.677734 3351.225098 54695.207031 1.043022
660300 299.556763 -45.977966 -20732.679688 3351.225098 54695.207031 1.043022
660400 299.556793 -45.978714 -20732.679688 3351.225342 54695.207031 1.043022
660500 299.556763 -45.979271 -20732.681641 3351.225098 54695.207031 1.043022
660600 299.556763 -45.979431 -20732.681641 3351.225098 54695.207031 1.043022
660700 299.556763 -45.979946 -20732.681641 3351.225098 54695.203125 1.043022
660800 299.556763 -45.980278 -20732.681641 3351.225098 54695.203125 1.043022
660900 299.556793 -45.981468 -20732.683594 3351.225342 54695.207031 1.043022
661000 299.556793 -45.981777 -20732.683594 3351.225342 54695.203125 1.043022
661100 299.556824 -45.982822 -20732.683594 3351.225830 54695.207031 1.043022
661200 299.556824 -45.983383 -20732.685547 3351.225830 54695.207031 1.043022
661300 299.556824 -45.983200 -20732.685547 3351.225830 54695.207031 1.043022
661400 299.556824 -45.983688 -20732.685547 3351.225830 54695.207031 1.043022
661500 299.556824 -45.983551 -20732.687500 3351.225830 54695.203125 1.043022
661600 299.556824 -45.983471 -20732.687500 3351.225830 54695.203125 1.043022
661700 299.556824 -45.983826 -20732.687500 3351.225830 54695.203125 1.043022
661800 299.556854 -45.984375 -20732.687500 3351.226074 54695.203125 1.043022
661900 299.556854 -45.984604 -20732.687500 3351.226074 54695.203125 1.043022
662000 299.556854 -45.984810 -20732.687500 3351.226074 54695.199219 1.043022
662100 299.556854 -45.985142 -20732.689453 3351.226074 54695.199219 1.043022
662200 299.556854 -45.985977 -20732.691406 3351.226074 54695.199219 1.043022
662300 299.556854 -45.986107 -20732.691406 3351.226074 54695.191406 1.043022
662400 299.556854 -45.986153 -20732.693359 3351.226074 54695.191406 1.043022
662500 299.556854 -45.985603 -20732.693359 3351.226074 54695.191406 1.043022
662600 299.556854 -45.985611 -20732.695312 3351.226074 54695.191406 1.043022
662700 299.556885 -45.986813 -20732.697266 3351.226562 54695.191406 1.043022
662800 299.556885 -45.987072 -20732.697266 3351.226562 54695.191406 1.043022
662900 299.556885 -45.987251 -20732.699219 3351.226562 54695.191406 1.043022
663000 299.556885 -45.988102 -20732.699219 3351.226562 54695.191406 1.043022
663100 299.556885 -45.988445 -20732.699219 3351.226562 54695.191406 1.043022
663200 299.556885 -45.989384 -20732.699219 3351.226562 54695.191406 1.043022
663300 299.556885 -45.989006 -20732.699219 3351.226562 54695.191406 1.043022
663400 299.556885 -45.989414 -20732.699219 3351.226562 54695.191406 1.043022
663500 299.556885 -45.990059 -20732.699219 3351.226562 54695.187500 1.043022
663600 299.556885 -45.990585 -20732.699219 3351.226562 54695.187500 1.043022
663700 299.556885 -45.991581 -20732.701172 3351.226562 54695.187500 1.043022
663800 299.556885 -45.992039 -20732.703125 3351.226562 54695.187500 1.043022
663900 299.556885 -45.992393 -20732.703125 3351.226562 54695.187500 1.043022
664000 299.556885 -45.992401 -20732.703125 3351.226562 54695.187500 1.043022
664100 299.556885 -45.992584 -20732.705078 3351.226562 54695.187500 1.043022
664200 299.556915 -45.993046 -20732.707031 3351.226807 54695.187500 1.043022
664300 299.556915 -45.993378 -20732.708984 3351.226807 54695.175781 1.043022
664400 299.556915 -45.993420 -20732.710938 3351.226807 54695.175781 1.043022
664500 299.556915 -45.993389 -20732.710938 3351.226807 54695.175781 1.043022
664600 299.556915 -45.993385 -20732.712891 3351.226807 54695.175781 1.043022
664700 299.556915 -45.994667 -20732.712891 3351.226807 54695.175781 1.043022
664800 299.556915 -45.995403 -20732.712891 3351.226807 54695.175781 1.043022
664900 299.556946 -45.995655 -20732.712891 3351.227051 54695.187500 1.043022
665000 299.556946 -45.995983 -20732.714844 3351.227051 54695.187500 1.043022
665100 299.556946 -45.995998 -20732.714844 3351.227051 54695.175781 1.043022
665200 299.556946 -45.997448 -20732.716797 3351.227051 54695.175781 1.043022
665300 299.556946 -45.997715 -20732.716797 3351.227051 54695.175781 1.043022
665400 299.556946 -45.997749 -20732.718750 3351.227051 54695.175781 1.043022
665500 299.556946 -45.997589 -20732.720703 3351.227051 54695.187500 1.043022
665600 299.556946 -45.997784 -20732.722656 3351.227051 54695.175781 1.043022
665700 299.556946 -45.997036 -20732.722656 3351.227051 54695.175781 1.043022
665800 299.556946 -45.997265 -20732.722656 3351.227051 54695.175781 1.043022
665900 299.556946 -45.998047 -20732.724609 3351.227051 54695.175781 1.043022
666000 299.556946 -45.998459 -20732.724609 3351.227051 54695.175781 1.043022
666100 299.556946 -45.999043 -20732.724609 3351.227051 54695.175781 1.043022
666200 299.556946 -45.999271 -20732.724609 3351.227051 54695.171875 1.043022
666300 299.556946 -45.999409 -20732.724609 3351.227051 54695.175781 1.043022
666400 299.556946 -45.999580 -20732.726562 3351.227051 54695.175781 1.043022
666500 299.556946 -46.000198 -20732.724609 3351.227051 54695.175781 1.043022
666600 299.556976 -45.999878 -20732.722656 3351.227539 54695.175781 1.043022
666700 299.556976 -45.999805 -20732.722656 3351.227539 54695.175781 1.043022
666800 299.556976 -45.999706 -20732.722656 3351.227539 54695.175781 1.043022
666900 299.556976 -45.999489 -20732.724609 3351.227539 54695.171875 1.043022
667000 299.557007 -45.999451 -20732.726562 3351.227783 54695.171875 1.043022
667100 299.556976 -46.001389 -20732.728516 3351.227539 54695.167969 1.043023
667200 299.556976 -46.002773 -20732.728516 3351.227539 54695.167969 1.043023
667300 299.556976 -46.003265 -20732.730469 3351.227539 54695.167969 1.043023
667400 299.556976 -46.003952 -20732.730469 3351.227539 54695.167969 1.043023
667500 299.556976 -46.004147 -20732.730469 3351.227539 54695.160156 1.043023
667600 299.556976 -46.004204 -20732.732422 3351.227539 54695.160156 1.043023
667700 299.556976 -46.004868 -20732.736328 3351.227539 54695.160156 1.043023
667800 299.557007 -46.005245 -20732.736328 3351.227783 54695.156250 1.043023
667900 299.557007 -46.005589 -20732.738281 3351.227783 54695.156250 1.043023
668000 299.557007 -46.006512 -20732.740234 3351.227783 54695.144531 1.043023
668100 299.557007 -46.006878 -20732.740234 3351.227783 54695.144531 1.043023
668200 299.557007 -46.006847 -20732.740234 3351.227783 54695.144531 1.043023
668300 299.557007 -46.006962 -20732.740234 3351.227783 54695.144531 1.043023
668400 299.557007 -46.005772 -20732.740234 3351.227783 54695.156250 1.043023
668500 299.557007 -46.005436 -20732.740234 3351.227783 54695.156250 1.043023
668600 299.557007 -46.005241 -20732.740234 3351.227783 54695.144531 1.043023
668700 299.557007 -46.005028 -20732.742188 3351.227783 54695.144531 1.043023
668800 299.557007 -46.004684 -20732.742188 3351.227783 54695.144531 1.043023
668900 299.557037 -46.004868 -20732.744141 3351.228027 54695.144531 1.043023
669000 299.557037 -46.005898 -20732.744141 3351.228027 54695.144531 1.043023
669100 299.557037 -46.007191 -20732.746094 3351.228027 54695.144531 1.043023
669200 299.557037 -46.008129 -20732.748047 3351.228027 54695.144531 1.043023
669300 299.557037 -46.008472 -20732.748047 3351.228027 54695.144531 1.043023
669400 299.557037 -46.008896 -20732.750000 3351.228027 54695.144531 1.043023
669500 299.557037 -46.009640 -20732.750000 3351.228027 54695.144531 1.043023
669600 299.557037 -46.010567 -20732.751953 3351.228027 54695.144531 1.043023
669700 299.557037 -46.010361 -20732.751953 3351.228027 54695.144531 1.043023
669800 299.557037 -46.010002 -20732.753906 3351.228027 54695.144531 1.043023
669900 299.557037 -46.010303 -20732.755859 3351.228027 54695.144531 1.043023
670000 299.557037 -46.010509 -20732.755859 3351.228027 54695.140625 1.043023
670100 299.557037 -46.010899 -20732.757812 3351.228027 54695.140625 1.043023
670200 299.557037 -46.010876 -20732.757812 3351.228027 54695.140625 1.043023
670300 299.557037 -46.011757 -20732.757812 3351.228027 54695.144531 1.043023
670400 299.557037 -46.013966 -20732.759766 3351.228027 54695.144531 1.043023
670500 299.557037 -46.015213 -20732.759766 3351.228027 54695.144531 1.043023
670600 299.557037 -46.016792 -20732.761719 3351.228027 54695.144531 1.043023
670700 299.557037 -46.017365 -20732.761719 3351.228027 54695.144531 1.043023
670800 299.557037 -46.017136 -20732.759766 3351.228027 54695.144531 1.043023
670900 299.557068 -46.016171 -20732.757812 3351.228516 54695.144531 1.043023
671000 299.557068 -46.015991 -20732.757812 3351.228516 54695.144531 1.043023
671100 299.557068 -46.015465 -20732.755859 3351.228516 54695.144531 1.043023
671200 299.557098 -46.014946 -20732.757812 3351.228760 54695.144531 1.043023
671300 299.557098 -46.013966 -20732.757812 3351.228760 54695.156250 1.043023
671400 299.557129 -46.013245 -20732.759766 3351.229004 54695.156250 1.043023
671500 299.557129 -46.012753 -20732.761719 3351.229004 54695.156250 1.043023
671600 299.557129 -46.012463 -20732.763672 3351.229004 54695.144531 1.043023
671700 299.557129 -46.011837 -20732.765625 3351.229004 54695.144531 1.043023
671800 299.557129 -46.011723 -20732.767578 3351.229004 54695.144531 1.043023
671900 299.557129 -46.011963 -20732.769531 3351.229004 54695.144531 1.043023
672000 299.557159 -46.012524 -20732.769531 3351.229492 54695.144531 1.043023
672100 299.557159 -46.012535 -20732.771484 3351.229492 54695.144531 1.043023
672200 299.557159 -46.012180 -20732.771484 3351.229492 54695.144531 1.043023
672300 299.557159 -46.011951 -20732.771484 3351.229492 54695.140625 1.043023
672400 299.557159 -46.011711 -20732.773438 3351.229492 54695.140625 1.043023
672500 299.557159 -46.011883 -20732.773438 3351.229492 54695.140625 1.043023
672600 299.557159 -46.012283 -20732.773438 3351.229492 54695.140625 1.043023
672700 299.557159 -46.013176 -20732.773438 3351.229492 54695.140625 1.043023
672800 299.557159 -46.013725 -20732.773438 3351.229492 54695.140625 1.043023
672900 299.557159 -46.014317 -20732.773438 3351.229492 54695.140625 1.043023
673000 299.557159 -46.015213 -20732.775391 3351.229492 54695.136719 1.043023
673100 299.557159 -46.015163 -20732.775391 3351.229492 54695.136719 1.043023
673200 299.557159 -46.015278 -20732.775391 3351.229492 54695.136719 1.043023
673300 299.557159 -46.015759 -20732.775391 3351.229492 54695.136719 1.043023
673400 299.557159 -46.016243 -20732.777344 3351.229492 54695.136719 1.043023
673500 299.557159 -46.016708 -20732.777344 3351.229492 54695.136719 1.043023
673600 299.557159 -46.016048 -20732.777344 3351.229492 54695.136719 1.043023
673700 299.557159 -46.015430 -20732.777344 3351.229492 54695.136719 1.043023
673800 299.557190 -46.014641 -20732.779297 3351.229736 54695.136719 1.043023
673900 299.557190 -46.015259 -20732.779297 3351.229736 54695.136719 1.043023
674000 299.557190 -46.015820 -20732.779297 3351.229736 54695.136719 1.043023
674100 299.557190 -46.016712 -20732.781250 3351.229736 54695.136719 1.043023
674200 299.557190 -46.017349 -20732.781250 3351.229736 54695.128906 1.043023
674300 299.557190 -46.017567 -20732.783203 3351.229736 54695.128906 1.043023
674400 299.557190 -46.017628 -20732.783203 3351.229736 54695.128906 1.043023
674500 299.557190 -46.017590 -20732.785156 3351.229736 54695.128906 1.043023
674600 299.557190 -46.017673 -20732.785156 3351.229736 54695.128906 1.043023
674700 299.557190 -46.017857 -20732.787109 3351.229736 54695.128906 1.043023
674800 299.557190 -46.018188 -20732.787109 3351.229736 54695.128906 1.043023
674900 299.557190 -46.018188 -20732.789062 3351.229736 54695.125000 1.043023
675000 299.557190 -46.017616 -20732.789062 3351.229736 54695.125000 1.043023
675100 299.557190 -46.017651 -20732.789062 3351.229736 54695.125000 1.043023
675200 299.557190 -46.017376 -20732.787109 3351.229736 54695.125000 1.043023
675300 299.557190 -46.017559 -20732.787109 3351.229736 54695.125000 1.043023
675400 299.557190 -46.017227 -20732.787109 3351.229736 54695.125000 1.043023
675500 299.557190 -46.017956 -20732.787109 3351.229736 54695.125000 1.043023
675600 299.557220 -46.017879 -20732.789062 3351.229980 54695.125000 1.043023
675700 299.557220 -46.017948 -20732.789062 3351.229980 54695.117188 1.043023
675800 299.557220 -46.017948 -20732.791016 3351.229980 54695.117188 1.043023
675900 299.557220 -46.018127 -20732.792969 3351.229980 54695.117188 1.043023
676000 299.557251 -46.017776 -20732.792969 3351.230469 54695.109375 1.043024
676100 299.557251 -46.017879 -20732.792969 3351.230469 54695.109375 1.043024
676200 299.557251 -46.017788 -20732.792969 3351.230469 54695.109375 1.043024
676300 299.557251 -46.019100 -20732.796875 3351.230469 54695.109375 1.043024
676400 299.557251 -46.019890 -20732.798828 3351.230469 54695.105469 1.043024
676500 299.557251 -46.020649 -20732.800781 3351.230469 54695.105469 1.043024
676600 299.557251 -46.021141 -20732.800781 3351.230469 54695.105469 1.043024
676700 299.557251 -46.021366 -20732.800781 3351.230469 54695.105469 1.043024
676800 299.557251 -46.021618 -20732.802734 3351.230469 54695.105469 1.043024
676900 299.557281 -46.021931 -20732.802734 3351.230713 54695.105469 1.043024
677000 299.557281 -46.021931 -20732.804688 3351.230713 54695.105469 1.043024
677100 299.557281 -46.022236 -20732.804688 3351.230713 54695.109375 1.043024
677200 299.557281 -46.022442 -20732.804688 3351.230713 54695.109375 1.043024
677300 299.557281 -46.022697 -20732.804688 3351.230713 54695.105469 1.043024
677400 299.557281 -46.022594 -20732.804688 3351.230713 54695.109375 1.043024
677500 299.557281 -46.022640 -20732.804688 3351.230713 54695.105469 1.043024
677600 299.557312 -46.023403 -20732.806641 3351.231445 54695.105469 1.043024
677700 299.557312 -46.023701 -20732.806641 3351.231445 54695.105469 1.043024
677800 299.557312 -46.023293 -20732.806641 3351.231445 54695.105469 1.043024
677900 299.557312 -46.023235 -20732.808594 3351.231445 54695.105469 1.043024
678000 299.557312 -46.023121 -20732.808594 3351.231445 54695.105469 1.043024
678100 299.557312 -46.023361 -20732.808594 3351.231445 54695.105469 1.043024
678200 299.557312 -46.023659 -20732.810547 3351.231445 54695.105469 1.043024
678300 299.557312 -46.024376 -20732.810547 3351.231445 54695.105469 1.043024
678400 299.557312 -46.024494 -20732.812500 3351.231445 54695.105469 1.043024
678500 299.557312 -46.024765 -20732.812500 3351.231445 54695.105469 1.043024
678600 299.557312 -46.025154 -20732.814453 3351.231445 54695.105469 1.043024
678700 299.557312 -46.025513 -20732.814453 3351.231445 54695.101562 1.043024
678800 299.557312 -46.026131 -20732.816406 3351.231445 54695.101562 1.043024
678900 299.557312 -46.026554 -20732.816406 3351.231445 54695.101562 1.043024
679000 299.557312 -46.028019 -20732.818359 3351.231445 54695.101562 1.043024
679100 299.557312 -46.028728 -20732.816406 3351.231445 54695.105469 1.043024
679200 299.557312 -46.029045 -20732.818359 3351.231445 54695.105469 1.043024
679300 299.557343 -46.028797 -20732.818359 3351.231689 54695.101562 1.043024
679400 299.557343 -46.028774 -20732.818359 3351.231689 54695.101562 1.043024
679500 299.557343 -46.028957 -20732.820312 3351.231689 54695.101562 1.043024
679600 299.557343 -46.029205 -20732.820312 3351.231689 54695.101562 1.043024
679700 299.557343 -46.029060 -20732.822266 3351.231689 54695.101562 1.043024
679800 299.557343 -46.029243 -20732.824219 3351.231689 54695.101562 1.043024
679900 299.557343 -46.029434 -20732.826172 3351.231689 54695.101562 1.043024
680000 299.557343 -46.029850 -20732.830078 3351.231689 54695.101562 1.043024
680100 299.557373 -46.030434 -20732.832031 3351.232178 54695.101562 1.043024
680200 299.557373 -46.030811 -20732.833984 3351.232178 54695.101562 1.043024
680300 299.557373 -46.031071 -20732.833984 3351.232178 54695.101562 1.043024
680400 299.557373 -46.031635 -20732.833984 3351.232178 54695.101562 1.043024
680500 299.557373 -46.031647 -20732.833984 3351.232178 54695.101562 1.043024
680600 299.557373 -46.031784 -20732.832031 3351.232178 54695.101562 1.043024
680700 299.557373 -46.031803 -20732.832031 3351.232178 54695.105469 1.043024
680800 299.557373 -46.032013 -20732.830078 3351.232178 54695.105469 1.043024
680900 299.557373 -46.031818 -20732.830078 3351.232178 54695.105469 1.043024
681000 299.557373 -46.031532 -20732.830078 3351.232178 54695.101562 1.043024
681100 299.557373 -46.030777 -20732.830078 3351.232178 54695.101562 1.043024
681200 299.557373 -46.030327 -20732.828125 3351.232178 54695.101562 1.043024
681300 299.557373 -46.030041 -20732.830078 3351.232178 54695.101562 1.043024
681400 299.557373 -46.030212 -20732.830078 3351.232178 54695.101562 1.043024
681500 299.557373 -46.030743 -20732.830078 3351.232178 54695.101562 1.043024
681600 299.557373 -46.031300 -20732.830078 3351.232178 54695.101562 1.043024
681700 299.557373 -46.031631 -20732.830078 3351.232178 54695.093750 1.043024
681800 299.557373 -46.031860 -20732.830078 3351.232178 54695.093750 1.043024
681900 299.557373 -46.032047 -20732.830078 3351.232178 54695.093750 1.043024
682000 299.557373 -46.031246 -20732.830078 3351.232178 54695.093750 1.043024
682100 299.557373 -46.030891 -20732.832031 3351.232178 54695.085938 1.043024
682200 299.557373 -46.030766 -20732.832031 3351.232178 54695.085938 1.043024
682300 299.557373 -46.029747 -20732.832031 3351.232178 54695.085938 1.043024
682400 299.557404 -46.029953 -20732.832031 3351.232422 54695.085938 1.043024
682500 299.557404 -46.030464 -20732.832031 3351.232422 54695.085938 1.043024
682600 299.557404 -46.031803 -20732.832031 3351.232422 54695.085938 1.043024
682700 299.557404 -46.032581 -20732.833984 3351.232422 54695.085938 1.043024
682800 299.557404 -46.032730 -20732.833984 3351.232422 54695.085938 1.043024
682900 299.557404 -46.032974 -20732.833984 3351.232422 54695.085938 1.043024
683000 299.557404 -46.033360 -20732.833984 3351.232422 54695.085938 1.043024
683100 299.557404 -46.033966 -20732.833984 3351.232422 54695.085938 1.043024
683200 299.557404 -46.034344 -20732.833984 3351.232422 54695.085938 1.043024
683300 299.557404 -46.034508 -20732.835938 3351.232422 54695.085938 1.043024
683400 299.557404 -46.034451 -20732.835938 3351.232422 54695.085938 1.043024
683500 299.557434 -46.033478 -20732.837891 3351.232666 54695.085938 1.043024
683600 299.557434 -46.032745 -20732.837891 3351.232666 54695.085938 1.043024
683700 299.557434 -46.032665 -20732.837891 3351.232666 54695.085938 1.043024
683800 299.557434 -46.032867 -20732.839844 3351.232666 54695.078125 1.043024
683900 299.557434 -46.033131 -20732.841797 3351.232666 54695.078125 1.043024
684000 299.557465 -46.032593 -20732.841797 3351.233154 54695.078125 1.043024
684100 299.557465 -46.031921 -20732.841797 3351.233154 54695.078125 1.043024
684200 299.557465 -46.031578 -20732.841797 3351.233154 54695.078125 1.043024
684300 299.557465 -46.031555 -20732.841797 3351.233154 54695.078125 1.043024
684400 299.557465 -46.032124 -20732.843750 3351.233154 54695.078125 1.043024
684500 299.557495 -46.031815 -20732.845703 3351.233398 54695.078125 1.043024
684600 299.557495 -46.031643 -20732.845703 3351.233398 54695.078125 1.043024
684700 299.557495 -46.031647 -20732.845703 3351.233398 54695.078125 1.043024
684800 299.557495 -46.031796 -20732.845703 3351.233398 54695.078125 1.043024
684900 299.557495 -46.031990 -20732.845703 3351.233398 54695.074219 1.043024
685000 299.557495 -46.032253 -20732.847656 3351.233398 54695.078125 1.043024
685100 299.557495 -46.033176 -20732.849609 3351.233398 54695.078125 1.043024
685200 299.557495 -46.033279 -20732.849609 3351.233398 54695.078125 1.043024
685300 299.557495 -46.033386 -20732.851562 3351.233398 54695.078125 1.043024
685400 299.557526 -46.033260 -20732.851562 3351.233643 54695.074219 1.043024
685500 299.557526 -46.032551 -20732.853516 3351.233643 54695.074219 1.043024
685600 299.557526 -46.032093 -20732.853516 3351.233643 54695.074219 1.043024
685700 299.557526 -46.032581 -20732.853516 3351.233643 54695.074219 1.043024
685800 299.557526 -46.033203 -20732.853516 3351.233643 54695.074219 1.043024
685900 299.557526 -46.033787 -20732.853516 3351.233643 54695.074219 1.043024
686000 299.557556 -46.034428 -20732.855469 3351.234131 54695.074219 1.043024
686100 299.557556 -46.034805 -20732.857422 3351.234131 54695.074219 1.043024
686200 299.557556 -46.035023 -20732.859375 3351.234131 54695.074219 1.043024
686300 299.557556 -46.035286 -20732.859375 3351.234131 54695.074219 1.043024
686400 299.557556 -46.035332 -20732.859375 3351.234131 54695.074219 1.043024
686500 299.557556 -46.035389 -20732.861328 3351.234131 54695.074219 1.043024
686600 299.557556 -46.035046 -20732.861328 3351.234131 54695.074219 1.043024
686700 299.557556 -46.035252 -20732.861328 3351.234131 54695.074219 1.043024
686800 299.557556 -46.034542 -20732.861328 3351.234131 54695.074219 1.043024
686900 299.557556 -46.033615 -20732.861328 3351.234131 54695.074219 1.043024
687000 299.557556 -46.033783 -20732.863281 3351.234131 54695.074219 1.043024
687100 299.557556 -46.034691 -20732.863281 3351.234131 54695.074219 1.043024
687200 299.557556 -46.035526 -20732.863281 3351.234131 54695.070312 1.043024
687300 299.557556 -46.036015 -20732.863281 3351.234131 54695.070312 1.043024
687400 299.557556 -46.036163 -20732.865234 3351.234131 54695.070312 1.043024
687500 299.557556 -46.036819 -20732.865234 3351.234131 54695.070312 1.043024
687600 299.557556 -46.037918 -20732.865234 3351.234131 54695.074219 1.043024
687700 299.557556 -46.038601 -20732.865234 3351.234131 54695.074219 1.043024
687800 299.557556 -46.038944 -20732.865234 3351.234131 54695.074219 1.043024
687900 299.557556 -46.039127 -20732.865234 3351.234131 54695.078125 1.043024
688000 299.557556 -46.039059 -20732.865234 3351.234131 54695.074219 1.043024
688100 299.557556 -46.038910 -20732.865234 3351.234131 54695.074219 1.043024
688200 299.557556 -46.038933 -20732.867188 3351.234131 54695.074219 1.043024
688300 299.557556 -46.039448 -20732.867188 3351.234131 54695.074219 1.043024
688400 299.557556 -46.039326 -20732.867188 3351.234131 54695.074219 1.043024
688500 299.557556 -46.039230 -20732.867188 3351.234131 54695.074219 1.043024
688600 299.557556 -46.039085 -20732.869141 3351.234131 54695.074219 1.043024
688700 299.557556 -46.039143 -20732.869141 3351.234131 54695.074219 1.043024
688800 299.557587 -46.039368 -20732.871094 3351.234375 54695.070312 1.043024
688900 299.557587 -46.039669 -20732.871094 3351.234375 54695.070312 1.043024
689000 299.557587 -46.039722 -20732.875000 3351.234375 54695.070312 1.043024
689100 299.557587 -46.041008 -20732.876953 3351.234375 54695.070312 1.043024
689200 299.557587 -46.042698 -20732.878906 3351.234375 54695.070312 1.043024
689300 299.557587 -46.043510 -20732.880859 3351.234375 54695.070312 1.043024
689400 299.557587 -46.043823 -20732.880859 3351.234375 54695.070312 1.043024
689500 299.557587 -46.044609 -20732.880859 3351.234375 54695.070312 1.043024
689600 299.557587 -46.044819 -20732.882812 3351.234375 54695.070312 1.043024
689700 299.557617 -46.044910 -20732.884766 3351.234619 54695.070312 1.043024
689800 299.557617 -46.045128 -20732.884766 3351.234619 54695.070312 1.043024
689900 299.557617 -46.045357 -20732.882812 3351.234619 54695.070312 1.043024
690000 299.557617 -46.044464 -20732.882812 3351.234619 54695.070312 1.043024
690100 299.557617 -46.044018 -20732.882812 3351.234619 54695.070312 1.043024
690200 299.557648 -46.044323 -20732.882812 3351.235107 54695.070312 1.043024
690300 299.557648 -46.044506 -20732.882812 3351.235107 54695.070312 1.043024
690400 299.557648 -46.044899 -20732.884766 3351.235107 54695.070312 1.043024
690500 299.557648 -46.044918 -20732.884766 3351.235107 54695.070312 1.043024
690600 299.557648 -46.045010 -20732.884766 3351.235107 54695.070312 1.043024
690700 299.557648 -46.045242 -20732.886719 3351.235107 54695.070312 1.043024
690800 299.557648 -46.045116 -20732.886719 3351.235107 54695.070312 1.043024
690900 299.557648 -46.045414 -20732.888672 3351.235107 54695.070312 1.043024
691000 299.557648 -46.045906 -20732.888672 3351.235107 54695.070312 1.043024
691100 299.557648 -46.045872 -20732.888672 3351.235107 54695.074219 1.043024
691200 299.557648 -46.046032 -20732.888672 3351.235107 54695.074219 1.043024
691300 299.557617 -46.048237 -20732.890625 3351.234619 54695.070312 1.043024
691400 299.557617 -46.049763 -20732.892578 3351.234619 54695.074219 1.043024
691500 299.557617 -46.050838 -20732.892578 3351.234619 54695.074219 1.043024
691600 299.557617 -46.051636 -20732.892578 3351.234619 54695.074219 1.043024
691700 299.557617 -46.051891 -20732.894531 3351.234619 54695.070312 1.043024
691800 299.557617 -46.051949 -20732.894531 3351.234619 54695.070312 1.043024
691900 299.557617 -46.052269 -20732.896484 3351.234619 54695.070312 1.043024
692000 299.557617 -46.052174 -20732.896484 3351.234619 54695.070312 1.043024
692100 299.557617 -46.052864 -20732.898438 3351.234619 54695.070312 1.043024
692200 299.557617 -46.053242 -20732.898438 3351.234619 54695.070312 1.043024
692300 299.557617 -46.053562 -20732.898438 3351.234619 54695.070312 1.043024
692400 299.557617 -46.054054 -20732.900391 3351.234619 54695.070312 1.043024
692500 299.557648 -46.054245 -20732.900391 3351.235107 54695.070312 1.043024
692600 299.557648 -46.053959 -20732.900391 3351.235107 54695.070312 1.043024
692700 299.557648 -46.053482 -20732.902344 3351.235107 54695.070312 1.043024
692800 299.557648 -46.053699 -20732.902344 3351.235107 54695.062500 1.043025
692900 299.557648 -46.054409 -20732.902344 3351.235107 54695.062500 1.043025
693000 299.557648 -46.055645 -20732.902344 3351.235107 54695.062500 1.043025
693100 299.557617 -46.055954 -20732.904297 3351.234619 54695.062500 1.043025
693200 299.557617 -46.056110 -20732.906250 3351.234619 54695.062500 1.043025
693300 299.557617 -46.056171 -20732.908203 3351.234619 54695.062500 1.043025
693400 299.557617 -46.056229 -20732.908203 3351.234619 54695.062500 1.043025
693500 299.557617 -46.055927 -20732.910156 3351.234619 54695.062500 1.043025
693600 299.557617 -46.055313 -20732.910156 3351.234619 54695.054688 1.043025
693700 299.557648 -46.054432 -20732.912109 3351.235107 54695.054688 1.043025
693800 299.557648 -46.053722 -20732.912109 3351.235107 54695.054688 1.043025
693900 299.557648 -46.053757 -20732.912109 3351.235107 54695.054688 1.043025
694000 299.557648 -46.053368 -20732.910156 3351.235107 54695.046875 1.043025
694100 299.557648 -46.052807 -20732.910156 3351.235107 54695.046875 1.043025
694200 299.557648 -46.052795 -20732.910156 3351.235107 54695.046875 1.043025
694300 299.557648 -46.052967 -20732.910156 3351.235107 54695.046875 1.043025
694400 299.557678 -46.053185 -20732.910156 3351.235352 54695.042969 1.043025
694500 299.557678 -46.052807 -20732.912109 3351.235352 54695.042969 1.043025
694600 299.557678 -46.052429 -20732.912109 3351.235352 54695.042969 1.043025
694700 299.557709 -46.052166 -20732.914062 3351.235596 54695.042969 1.043025
694800 299.557709 -46.052334 -20732.914062 3351.235596 54695.042969 1.043025
694900 299.557709 -46.052223 -20732.912109 3351.235596 54695.046875 1.043025
695000 299.557709 -46.052212 -20732.914062 3351.235596 54695.046875 1.043025
695100 299.557709 -46.052200 -20732.914062 3351.235596 54695.046875 1.043025
695200 299.557709 -46.052727 -20732.916016 3351.235596 54695.042969 1.043025
695300 299.557709 -46.053493 -20732.917969 3351.235596 54695.046875 1.043025
695400 299.557709 -46.054100 -20732.919922 3351.235596 54695.042969 1.043025
695500 299.557709 -46.055038 -20732.921875 3351.235596 54695.042969 1.043025
695600 299.557709 -46.055355 -20732.921875 3351.235596 54695.042969 1.043025
695700 299.557709 -46.055576 -20732.923828 3351.235596 54695.046875 1.043025
695800 299.557739 -46.055645 -20732.923828 3351.236084 54695.042969 1.043025
695900 299.557739 -46.055622 -20732.923828 3351.236084 54695.042969 1.043025
696000 299.557739 -46.055634 -20732.925781 3351.236084 54695.042969 1.043025
696100 299.557739 -46.056763 -20732.925781 3351.236084 54695.042969 1.043025
696200 299.557739 -46.056812 -20732.925781 3351.236084 54695.042969 1.043025
696300 299.557739 -46.056778 -20732.927734 3351.236084 54695.039062 1.043025
696400 299.557739 -46.056156 -20732.925781 3351.236084 54695.042969 1.043025
696500 299.557739 -46.055725 -20732.923828 3351.236084 54695.042969 1.043025
696600 299.557770 -46.055275 -20732.923828 3351.236328 54695.042969 1.043025
696700 299.557770 -46.055107 -20732.923828 3351.236328 54695.046875 1.043025
696800 299.557770 -46.055210 -20732.923828 3351.236328 54695.046875 1.043025
696900 299.557770 -46.055267 -20732.923828 3351.236328 54695.042969 1.043025
697000 299.557770 -46.055058 -20732.923828 3351.236328 54695.046875 1.043025
697100 299.557770 -46.055027 -20732.925781 3351.236328 54695.046875 1.043025
697200 299.557770 -46.054684 -20732.925781 3351.236328 54695.046875 1.043025
697300 299.557770 -46.054462 -20732.925781 3351.236328 54695.046875 1.043025
697400 299.557770 -46.054794 -20732.927734 3351.236328 54695.046875 1.043025
697500 299.557770 -46.055279 -20732.925781 3351.236328 54695.046875 1.043025
697600 299.557770 -46.055851 -20732.927734 3351.236328 54695.046875 1.043025
697700 299.557800 -46.056728 -20732.929688 3351.236572 54695.042969 1.043025
697800 299.557800 -46.058010 -20732.927734 3351.236572 54695.042969 1.043025
697900 299.557800 -46.059044 -20732.927734 3351.236572 54695.042969 1.043025
698000 299.557800 -46.059414 -20732.929688 3351.236572 54695.042969 1.043025
698100 299.557800 -46.059742 -20732.931641 3351.236572 54695.042969 1.043025
698200 299.557800 -46.060051 -20732.931641 3351.236572 54695.042969 1.043025
698300 299.557800 -46.059948 -20732.931641 3351.236572 54695.042969 1.043025
698400 299.557800 -46.060581 -20732.933594 3351.236572 54695.042969 1.043025
698500 299.557800 -46.060715 -20732.935547 3351.236572 54695.042969 1.043025
698600 299.557800 -46.060589 -20732.935547 3351.236572 54695.042969 1.043025
698700 299.557800 -46.060749 -20732.935547 3351.236572 54695.042969 1.043025
698800 299.557800 -46.060417 -20732.935547 3351.236572 54695.042969 1.043025
698900 299.557831 -46.060726 -20732.935547 3351.237061 54695.042969 1.043025
699000 299.557831 -46.060204 -20732.935547 3351.237061 54695.042969 1.043025
699100 299.557831 -46.059948 -20732.935547 3351.237061 54695.042969 1.043025
699200 299.557831 -46.060326 -20732.937500 3351.237061 54695.042969 1.043025
699300 299.557831 -46.060268 -20732.937500 3351.237061 54695.042969 1.043025
699400 299.557831 -46.060410 -20732.937500 3351.237061 54695.042969 1.043025
699500 299.557831 -46.060295 -20732.937500 3351.237061 54695.042969 1.043025
699600 299.557831 -46.059902 -20732.937500 3351.237061 54695.042969 1.043025
699700 299.557831 -46.059708 -20732.937500 3351.237061 54695.042969 1.043025
699800 299.557831 -46.059551 -20732.937500 3351.237061 54695.042969 1.043025
699900 299.557831 -46.059700 -20732.939453 3351.237061 54695.042969 1.043025
700000 299.557831 -46.060032 -20732.939453 3351.237061 54695.042969 1.043025
