# TimeStep Temp Press PotEng KinEng Volume Density
0 297.06 -49.49 -21155.91 3350.00 54000.00 1.0444
100 298.21 -157.56 -21072.07 3350.00 54000.00 1.0469
200 298.79 -164.59 -21046.65 3350.00 54000.00 1.0473
300 299.19 -158.70 -21019.50 3350.00 54000.00 1.0476
400 299.45 -147.93 -20993.73 3350.00 54000.00 1.0478
500 299.63 -136.34 -20971.15 3350.00 54000.00 1.0478
600 299.75 -125.64 -20952.27 3350.00 54000.00 1.0478
700 299.84 -116.47 -20936.97 3350.00 54000.00 1.0477
800 299.89 -108.94 -20924.86 3350.00 54000.00 1.0476
900 299.93 -102.91 -20915.44 3350.00 54000.00 1.0475
1000 299.96 -98.15 -20908.24 3350.00 54000.00 1.0474
1100 299.98 -94.45 -20902.79 3350.00 54000.00 1.0474
1200 299.99 -91.59 -20898.70 3350.00 54000.00 1.0473
1300 300.00 -89.38 -20895.64 3350.00 54000.00 1.0473
1400 300.01 -87.67 -20893.36 3350.00 54000.00 1.0473
1500 300.01 -86.34 -20891.67 3350.00 54000.00 1.0472
1600 300.01 -85.31 -20890.40 3350.00 54000.00 1.0472
1700 300.02 -84.51 -20889.45 3350.00 54000.00 1.0472
1800 300.02 -83.87 -20888.72 3350.00 54000.00 1.0472
1900 300.02 -83.37 -20888.16 3350.00 54000.00 1.0472
2000 300.02 -82.96 -20887.72 3350.00 54000.00 1.0472
2100 300.02 -82.64 -20887.37 3350.00 54000.00 1.0472
2200 300.02 -82.36 -20887.09 3350.00 54000.00 1.0472
2300 300.02 -82.14 -20886.85 3350.00 54000.00 1.0472
2400 300.03 -81.96 -20886.65 3350.00 54000.00 1.0471
2500 300.03 -81.80 -20886.48 3350.00 54000.00 1.0471
2600 300.03 -81.66 -20886.33 3350.00 54000.00 1.0471
2700 300.03 -81.54 -20886.19 3350.00 54000.00 1.0471
2800 300.03 -81.44 -20886.06 3350.00 54000.00 1.0471
2900 300.03 -81.35 -20885.94 3350.00 54000.00 1.0471
3000 300.03 -81.26 -20885.83 3350.00 54000.00 1.0471
3100 300.03 -81.19 -20885.73 3350.00 54000.00 1.0471
3200 300.03 -81.12 -20885.64 3350.00 54000.00 1.0471
3300 300.03 -81.06 -20885.55 3350.00 54000.00 1.0471
3400 300.03 -81.00 -20885.46 3350.00 54000.00 1.0471
3500 300.03 -80.95 -20885.38 3350.00 54000.00 1.0471
3600 300.03 -80.90 -20885.30 3350.00 54000.00 1.0471
3700 300.03 -80.86 -20885.22 3350.00 54000.00 1.0471
3800 300.03 -80.82 -20885.15 3350.00 54000.00 1.0471
3900 300.03 -80.78 -20885.10 3350.00 54000.00 1.0471
4000 300.03 -80.74 -20885.03 3350.00 54000.00 1.0471
4100 300.03 -80.71 -20884.96 3350.00 54000.00 1.0471
4200 300.03 -80.67 -20884.90 3350.00 54000.00 1.0471
4300 300.03 -80.64 -20884.85 3350.00 54000.00 1.0471
4400 300.03 -80.62 -20884.79 3350.00 54000.00 1.0471
4500 300.03 -80.59 -20884.74 3350.00 54000.00 1.0471
4600 300.03 -80.56 -20884.69 3350.00 54000.00 1.0471
4700 300.03 -80.54 -20884.63 3350.00 54000.00 1.0471
4800 300.03 -80.51 -20884.59 3350.00 54000.00 1.0471
4900 300.03 -80.49 -20884.55 3350.00 54000.00 1.0471
5000 300.03 -80.47 -20884.50 3350.00 54000.00 1.0471
5100 300.03 -80.45 -20884.46 3350.00 54000.00 1.0471
5200 300.03 -80.43 -20884.42 3350.00 54000.00 1.0471
5300 300.03 -80.41 -20884.38 3350.00 54000.00 1.0471
5400 300.03 -80.39 -20884.34 3350.00 54000.00 1.0471
5500 300.03 -80.38 -20884.31 3350.00 54000.00 1.0471
5600 300.03 -80.36 -20884.28 3350.00 54000.00 1.0471
5700 300.03 -80.34 -20884.24 3350.00 54000.00 1.0471
5800 300.03 -80.33 -20884.21 3350.00 54000.00 1.0471
5900 300.03 -80.31 -20884.18 3350.00 54000.00 1.0471
6000 300.03 -80.29 -20884.15 3350.00 54000.00 1.0471
6100 300.03 -80.28 -20884.12 3350.00 54000.00 1.0471
6200 300.03 -80.27 -20884.10 3350.00 54000.00 1.0471
6300 300.03 -80.26 -20884.08 3350.00 54000.00 1.0471
6400 300.03 -80.25 -20884.05 3350.00 54000.00 1.0471
6500 300.03 -80.24 -20884.03 3350.00 54000.00 1.0471
6600 300.03 -80.23 -20884.01 3350.00 54000.00 1.0471
6700 300.03 -80.22 -20883.99 3350.00 54000.00 1.0471
6800 300.03 -80.21 -20883.97 3350.00 54000.00 1.0471
6900 300.03 -80.20 -20883.94 3350.00 54000.00 1.0471
7000 300.03 -80.19 -20883.92 3350.00 54000.00 1.0471
7100 300.03 -80.18 -20883.91 3350.00 54000.00 1.0471
7200 300.03 -80.17 -20883.89 3350.00 54000.00 1.0471
7300 300.03 -80.16 -20883.87 3350.00 54000.00 1.0471
7400 300.03 -80.16 -20883.85 3350.00 54000.00 1.0471
7500 300.03 -80.15 -20883.84 3350.00 54000.00 1.0471
7600 300.03 -80.14 -20883.82 3350.00 54000.00 1.0471
7700 300.03 -80.14 -20883.82 3350.00 54000.00 1.0471
7800 300.03 -80.13 -20883.80 3350.00 54000.00 1.0471
7900 300.03 -80.12 -20883.79 3350.00 54000.00 1.0471
8000 300.03 -80.12 -20883.77 3350.00 54000.00 1.0471
8100 300.03 -80.11 -20883.76 3350.00 54000.00 1.0471
8200 300.03 -80.11 -20883.75 3350.00 54000.00 1.0471
8300 300.03 -80.10 -20883.74 3350.00 54000.00 1.0471
8400 300.03 -80.10 -20883.73 3350.00 54000.00 1.0471
8500 300.03 -80.09 -20883.72 3350.00 54000.00 1.0471
8600 300.03 -80.09 -20883.71 3350.00 54000.00 1.0471
8700 300.03 -80.09 -20883.70 3350.00 54000.00 1.0471
8800 300.03 -80.09 -20883.70 3350.00 54000.00 1.0471
8900 300.03 -80.08 -20883.68 3350.00 54000.00 1.0471
9000 300.03 -80.08 -20883.67 3350.00 54000.00 1.0471
9100 300.03 -80.07 -20883.66 3350.00 54000.00 1.0471
9200 300.03 -80.07 -20883.66 3350.00 54000.00 1.0471
9300 300.03 -80.07 -20883.66 3350.00 54000.00 1.0471
9400 300.03 -80.07 -20883.65 3350.00 54000.00 1.0471
9500 300.03 -80.06 -20883.64 3350.00 54000.00 1.0471
9600 300.03 -80.06 -20883.64 3350.00 54000.00 1.0471
9700 300.03 -80.05 -20883.63 3350.00 54000.00 1.0471
9800 300.03 -80.05 -20883.63 3350.00 54000.00 1.0471
9900 300.03 -80.05 -20883.62 3350.00 54000.00 1.0471
10000 300.03 -80.05 -20883.62 3350.00 54000.00 1.0471
10100 300.03 -80.04 -20883.62 3350.00 54000.00 1.0471
10200 300.03 -80.04 -20883.61 3350.00 54000.00 1.0471
10300 300.03 -80.04 -20883.60 3350.00 54000.00 1.0471
10400 300.03 -80.03 -20883.59 3350.00 54000.00 1.0471
10500 300.03 -80.03 -20883.59 3350.00 54000.00 1.0471
10600 300.03 -80.03 -20883.59 3350.00 54000.00 1.0471
10700 300.03 -80.02 -20883.58 3350.00 54000.00 1.0471
10800 300.03 -80.02 -20883.58 3350.00 54000.00 1.0471
10900 300.03 -80.02 -20883.58 3350.00 54000.00 1.0471
11000 300.03 -80.02 -20883.57 3350.00 54000.00 1.0471
11100 300.03 -80.02 -20883.57 3350.00 54000.00 1.0471
11200 300.03 -80.02 -20883.57 3350.00 54000.00 1.0471
11300 300.03 -80.02 -20883.57 3350.00 54000.00 1.0471
11400 300.03 -80.02 -20883.56 3350.00 54000.00 1.0471
11500 300.03 -80.02 -20883.56 3350.00 54000.00 1.0471
11600 300.03 -80.01 -20883.56 3350.00 54000.00 1.0471
11700 300.03 -80.01 -20883.56 3350.00 54000.00 1.0471
11800 300.03 -80.01 -20883.56 3350.00 54000.00 1.0471
11900 300.03 -80.01 -20883.55 3350.00 54000.00 1.0471
12000 300.03 -80.01 -20883.55 3350.00 54000.00 1.0471
12100 300.03 -80.01 -20883.55 3350.00 54000.00 1.0471
12200 300.03 -80.01 -20883.55 3350.00 54000.00 1.0471
12300 300.03 -80.01 -20883.55 3350.00 54000.00 1.0471
12400 300.03 -80.01 -20883.55 3350.00 54000.00 1.0471
12500 300.03 -80.01 -20883.54 3350.00 54000.00 1.0471
12600 300.03 -80.01 -20883.54 3350.00 54000.00 1.0471
12700 300.03 -80.01 -20883.54 3350.00 54000.00 1.0471
12800 300.03 -80.00 -20883.54 3350.00 54000.00 1.0471
12900 300.03 -80.00 -20883.54 3350.00 54000.00 1.0471
13000 300.03 -80.00 -20883.54 3350.00 54000.00 1.0471
13100 300.03 -80.00 -20883.54 3350.00 54000.00 1.0471
13200 300.03 -80.00 -20883.54 3350.00 54000.00 1.0471
13300 300.03 -80.00 -20883.54 3350.00 54000.00 1.0471
13400 300.03 -80.00 -20883.53 3350.00 54000.00 1.0471
13500 300.03 -80.00 -20883.53 3350.00 54000.00 1.0471
13600 300.03 -80.00 -20883.53 3350.00 54000.00 1.0471
13700 300.03 -80.00 -20883.53 3350.00 54000.00 1.0471
13800 300.03 -80.00 -20883.53 3350.00 54000.00 1.0471
13900 300.03 -80.00 -20883.53 3350.00 54000.00 1.0471
14000 300.03 -80.00 -20883.53 3350.00 54000.00 1.0471
14100 300.03 -80.00 -20883.53 3350.00 54000.00 1.0471
14200 300.03 -80.00 -20883.53 3350.00 54000.00 1.0471
14300 300.03 -80.00 -20883.53 3350.00 54000.00 1.0471
14400 300.03 -80.00 -20883.53 3350.00 54000.00 1.0471
14500 300.03 -80.00 -20883.53 3350.00 54000.00 1.0471
14600 300.03 -80.00 -20883.53 3350.00 54000.00 1.0471
14700 300.03 -80.00 -20883.53 3350.00 54000.00 1.0471
14800 300.03 -79.99 -20883.53 3350.00 54000.00 1.0471
14900 300.03 -79.99 -20883.53 3350.00 54000.00 1.0471
15000 300.03 -79.99 -20883.53 3350.00 54000.00 1.0471
15100 300.03 -79.99 -20883.53 3350.00 54000.00 1.0471
15200 300.03 -80.00 -20883.53 3350.00 54000.00 1.0471
15300 300.03 -80.00 -20883.54 3350.00 54000.00 1.0471
15400 300.03 -80.00 -20883.54 3350.00 54000.00 1.0471
15500 300.03 -80.00 -20883.54 3350.00 54000.00 1.0471
15600 300.03 -80.00 -20883.54 3350.00 54000.00 1.0471
15700 300.03 -80.00 -20883.54 3350.00 54000.00 1.0471
15800 300.03 -80.00 -20883.54 3350.00 54000.00 1.0471
15900 300.03 -80.00 -20883.54 3350.00 54000.00 1.0471
16000 300.03 -80.00 -20883.54 3350.00 54000.00 1.0471
16100 300.03 -80.00 -20883.54 3350.00 54000.00 1.0471
16200 300.03 -80.00 -20883.54 3350.00 54000.00 1.0471
16300 300.03 -80.00 -20883.54 3350.00 54000.00 1.0471
16400 300.03 -80.00 -20883.54 3350.00 54000.00 1.0471
16500 300.03 -80.00 -20883.54 3350.00 54000.00 1.0471
16600 300.03 -80.00 -20883.54 3350.00 54000.00 1.0471
16700 300.03 -80.00 -20883.54 3350.00 54000.00 1.0471
16800 300.03 -80.00 -20883.54 3350.00 54000.00 1.0471
16900 300.03 -80.00 -20883.54 3350.00 54000.00 1.0471
17000 300.03 -80.00 -20883.54 3350.00 54000.00 1.0471
17100 300.03 -80.00 -20883.54 3350.00 54000.00 1.0471
17200 300.03 -80.00 -20883.54 3350.00 54000.00 1.0471
17300 300.03 -80.00 -20883.54 3350.00 54000.00 1.0471
17400 300.03 -80.00 -20883.54 3350.00 54000.00 1.0471
17500 300.03 -80.00 -20883.54 3350.00 54000.00 1.0471
17600 300.03 -80.00 -20883.54 3350.00 54000.00 1.0471
17700 300.03 -80.00 -20883.54 3350.00 54000.00 1.0471
17800 300.03 -80.00 -20883.54 3350.00 54000.00 1.0471
17900 300.03 -80.00 -20883.54 3350.00 54000.00 1.0471
18000 300.03 -80.00 -20883.54 3350.00 54000.00 1.0471
18100 300.03 -80.00 -20883.54 3350.00 54000.00 1.0471
18200 300.03 -80.00 -20883.54 3350.00 54000.00 1.0471
18300 300.03 -80.00 -20883.54 3350.00 54000.00 1.0471
18400 300.03 -80.00 -20883.54 3350.00 54000.00 1.0471
18500 300.03 -80.00 -20883.54 3350.00 54000.00 1.0471
18600 300.03 -80.00 -20883.54 3350.00 54000.00 1.0471
18700 300.03 -80.00 -20883.54 3350.00 54000.00 1.0471
18800 300.03 -80.00 -20883.54 3350.00 54000.00 1.0471
18900 300.03 -80.00 -20883.54 3350.00 54000.00 1.0471
19000 300.03 -80.00 -20883.54 3350.00 54000.00 1.0471
19100 300.03 -80.00 -20883.54 3350.00 54000.00 1.0471
19200 300.03 -80.00 -20883.54 3350.00 54000.00 1.0471
19300 300.03 -80.00 -20883.54 3350.00 54000.00 1.0471
19400 300.03 -80.00 -20883.54 3350.00 54000.00 1.0471
19500 300.03 -80.00 -20883.54 3350.00 54000.00 1.0471
19600 300.03 -80.00 -20883.54 3350.00 54000.00 1.0471
19700 300.03 -80.00 -20883.54 3350.00 54000.00 1.0471
19800 300.03 -80.00 -20883.54 3350.00 54000.00 1.0471
19900 300.03 -79.99 -20883.54 3350.00 54000.00 1.0471
20000 300.03 -79.99 -20883.54 3350.00 54000.00 1.0471
20100 300.03 -79.99 -20883.54 3350.00 54000.00 1.0471
20200 300.03 -79.99 -20883.54 3350.00 54000.00 1.0471
20300 300.03 -79.99 -20883.54 3350.00 54000.00 1.0471
20400 300.03 -79.99 -20883.54 3350.00 54000.00 1.0471
20500 300.03 -79.99 -20883.54 3350.00 54000.00 1.0471
20600 300.03 -79.99 -20883.54 3350.00 54000.00 1.0471
20700 300.03 -79.99 -20883.54 3350.00 54000.00 1.0471
20800 300.03 -79.99 -20883.54 3350.00 54000.00 1.0471
20900 300.03 -79.99 -20883.54 3350.00 54000.00 1.0471
21000 300.03 -79.99 -20883.54 3350.00 54000.00 1.0471
21100 300.03 -79.99 -20883.54 3350.00 54000.00 1.0471
21200 300.03 -79.99 -20883.54 3350.00 54000.00 1.0471
21300 300.03 -79.99 -20883.53 3350.00 54000.00 1.0471
21400 300.03 -79.99 -20883.53 3350.00 54000.00 1.0471
21500 300.03 -79.99 -20883.53 3350.00 54000.00 1.0471
21600 300.03 -79.99 -20883.53 3350.00 54000.00 1.0471
21700 300.03 -79.99 -20883.53 3350.00 54000.00 1.0471
21800 300.03 -79.99 -20883.53 3350.00 54000.00 1.0471
21900 300.03 -79.99 -20883.53 3350.00 54000.00 1.0471
22000 300.03 -79.99 -20883.53 3350.00 54000.00 1.0471
22100 300.03 -79.99 -20883.53 3350.00 54000.00 1.0471
22200 300.03 -79.99 -20883.53 3350.00 54000.00 1.0471
22300 300.03 -79.99 -20883.53 3350.00 54000.00 1.0471
22400 300.03 -79.99 -20883.53 3350.00 54000.00 1.0471
22500 300.03 -79.99 -20883.53 3350.00 54000.00 1.0471
22600 300.03 -79.99 -20883.53 3350.00 54000.00 1.0471
22700 300.03 -79.99 -20883.53 3350.00 54000.00 1.0471
22800 300.03 -79.99 -20883.53 3350.00 54000.00 1.0471
22900 300.03 -79.99 -20883.53 3350.00 54000.00 1.0471
23000 300.03 -79.99 -20883.53 3350.00 54000.00 1.0471
23100 300.03 -79.99 -20883.53 3350.00 54000.00 1.0471
23200 300.03 -79.99 -20883.53 3350.00 54000.00 1.0471
23300 300.03 -79.99 -20883.53 3350.00 54000.00 1.0471
23400 300.03 -79.99 -20883.53 3350.00 54000.00 1.0471
23500 300.03 -79.99 -20883.53 3350.00 54000.00 1.0471
23600 300.03 -79.99 -20883.53 3350.00 54000.00 1.0471
23700 300.03 -79.99 -20883.53 3350.00 54000.00 1.0471
23800 300.03 -79.99 -20883.53 3350.00 54000.00 1.0471
23900 300.03 -79.99 -20883.53 3350.00 54000.00 1.0471
24000 300.03 -79.99 -20883.53 3350.00 54000.00 1.0471
24100 300.03 -79.99 -20883.53 3350.00 54000.00 1.0471
24200 300.03 -79.99 -20883.53 3350.00 54000.00 1.0471
24300 300.03 -79.99 -20883.53 3350.00 54000.00 1.0471
24400 300.03 -79.99 -20883.53 3350.00 54000.00 1.0471
24500 300.03 -79.99 -20883.53 3350.00 54000.00 1.0471
24600 300.03 -79.99 -20883.53 3350.00 54000.00 1.0471
24700 300.03 -79.99 -20883.53 3350.00 54000.00 1.0471
24800 300.03 -79.99 -20883.53 3350.00 54000.00 1.0471
24900 300.03 -79.99 -20883.53 3350.00 54000.00 1.0471
25000 300.03 -79.99 -20883.53 3350.00 54000.00 1.0471
25100 300.03 -79.99 -20883.53 3350.00 54000.00 1.0471
25200 300.03 -79.99 -20883.53 3350.00 54000.00 1.0471
25300 300.03 -79.99 -20883.53 3350.00 54000.00 1.0471
25400 300.03 -79.99 -20883.53 3350.00 54000.00 1.0471
25500 300.03 -79.99 -20883.53 3350.00 54000.00 1.0471
25600 300.03 -79.99 -20883.53 3350.00 54000.00 1.0471
25700 300.03 -79.99 -20883.53 3350.00 54000.00 1.0471
25800 300.03 -79.99 -20883.53 3350.00 54000.00 1.0471
25900 300.03 -79.99 -20883.53 3350.00 54000.00 1.0471
26000 300.03 -79.99 -20883.53 3350.00 54000.00 1.0471
26100 300.03 -79.99 -20883.53 3350.00 54000.00 1.0471
26200 300.03 -79.99 -20883.53 3350.00 54000.00 1.0471
26300 300.03 -79.99 -20883.53 3350.00 54000.00 1.0471
26400 300.03 -79.99 -20883.53 3350.00 54000.00 1.0471
26500 300.03 -79.99 -20883.53 3350.00 54000.00 1.0471
26600 300.03 -79.99 -20883.53 3350.00 54000.00 1.0471
26700 300.03 -79.99 -20883.53 3350.00 54000.00 1.0471
26800 300.03 -79.99 -20883.53 3350.00 54000.00 1.0471
26900 300.03 -79.99 -20883.53 3350.00 54000.00 1.0471
27000 300.03 -79.99 -20883.53 3350.00 54000.00 1.0471
27100 300.03 -79.99 -20883.53 3350.00 54000.00 1.0471
27200 300.03 -79.99 -20883.53 3350.00 54000.00 1.0471
27300 300.03 -79.99 -20883.53 3350.00 54000.00 1.0471
27400 300.03 -79.99 -20883.53 3350.00 54000.00 1.0471
27500 300.03 -79.99 -20883.53 3350.00 54000.00 1.0471
27600 300.03 -79.99 -20883.53 3350.00 54000.00 1.0471
27700 300.03 -79.99 -20883.53 3350.00 54000.00 1.0471
27800 300.03 -79.99 -20883.53 3350.00 54000.00 1.0471
27900 300.03 -79.99 -20883.53 3350.00 54000.00 1.0471
28000 300.03 -79.99 -20883.53 3350.00 54000.00 1.0471
28100 300.03 -79.99 -20883.53 3350.00 54000.00 1.0471
28200 300.03 -79.99 -20883.53 3350.00 54000.00 1.0471
28300 300.03 -79.99 -20883.53 3350.00 54000.00 1.0471
28400 300.03 -79.99 -20883.53 3350.00 54000.00 1.0471
28500 300.03 -79.99 -20883.53 3350.00 54000.00 1.0471
28600 300.03 -79.99 -20883.53 3350.00 54000.00 1.0471
28700 300.03 -79.99 -20883.53 3350.00 54000.00 1.0471
28800 300.03 -79.99 -20883.53 3350.00 54000.00 1.0471
28900 300.03 -79.99 -20883.53 3350.00 54000.00 1.0471
29000 300.03 -79.99 -20883.53 3350.00 54000.00 1.0471
29100 300.03 -79.99 -20883.53 3350.00 54000.00 1.0471
29200 300.03 -79.99 -20883.53 3350.00 54000.00 1.0471
29300 300.03 -79.99 -20883.53 3350.00 54000.00 1.0471
29400 300.03 -79.99 -20883.53 3350.00 54000.00 1.0471
29500 300.03 -79.99 -20883.53 3350.00 54000.00 1.0471
29600 300.03 -79.99 -20883.53 3350.00 54000.00 1.0471
29700 300.03 -79.99 -20883.53 3350.00 54000.00 1.0471
29800 300.03 -79.99 -20883.53 3350.00 54000.00 1.0471
29900 300.03 -79.99 -20883.53 3350.00 54000.00 1.0471
30000 300.03 -79.99 -20883.53 3350.00 54000.00 1.0471
30100 300.03 -79.99 -20883.53 3350.00 54000.00 1.0471
30200 300.03 -79.99 -20883.53 3350.00 54000.00 1.0471
30300 300.03 -79.99 -20883.53 3350.00 54000.00 1.0471
30400 300.03 -79.99 -20883.53 3350.00 54000.00 1.0471
30500 300.03 -79.99 -20883.53 3350.00 54000.00 1.0471
30600 300.03 -79.99 -20883.53 3350.00 54000.00 1.0471
30700 300.03 -79.99 -20883.53 3350.00 54000.00 1.0471
30800 300.03 -79.99 -20883.53 3350.00 54000.00 1.0471
30900 300.03 -79.99 -20883.53 3350.00 54000.00 1.0471
31000 300.03 -79.99 -20883.53 3350.00 54000.00 1.0471
31100 300.03 -79.99 -20883.53 3350.00 54000.00 1.0471
31200 300.03 -79.99 -20883.53 3350.00 54000.00 1.0471
31300 300.03 -79.99 -20883.53 3350.00 54000.00 1.0471
31400 300.03 -79.99 -20883.53 3350.00 54000.00 1.0471
31500 300.03 -79.99 -20883.53 3350.00 54000.00 1.0471
31600 300.03 -79.99 -20883.53 3350.00 54000.00 1.0471
31700 300.03 -79.99 -20883.53 3350.00 54000.00 1.0471
31800 300.03 -79.99 -20883.53 3350.00 54000.00 1.0471
31900 300.03 -79.99 -20883.53 3350.00 54000.00 1.0471
32000 300.03 -79.99 -20883.53 3350.00 54000.00 1.0471
32100 300.03 -79.99 -20883.53 3350.00 54000.00 1.0471
32200 300.03 -79.99 -20883.53 3350.00 54000.00 1.0471
32300 300.03 -79.99 -20883.53 3350.00 54000.00 1.0471
32400 300.03 -79.99 -20883.53 3350.00 54000.00 1.0471
32500 300.03 -79.99 -20883.53 3350.00 54000.00 1.0471
32600 300.03 -79.99 -20883.53 3350.00 54000.00 1.0471
32700 300.03 -79.99 -20883.53 3350.00 54000.00 1.0471
32800 300.03 -79.99 -20883.53 3350.00 54000.00 1.0471
32900 300.03 -79.99 -20883.53 3350.00 54000.00 1.0471
33000 300.03 -79.99 -20883.53 3350.00 54000.00 1.0471
33100 300.03 -79.99 -20883.53 3350.00 54000.00 1.0471
33200 300.03 -79.99 -20883.53 3350.00 54000.00 1.0471
33300 300.03 -79.99 -20883.53 3350.00 54000.00 1.0471
33400 300.03 -79.99 -20883.53 3350.00 54000.00 1.0471
33500 300.03 -79.99 -20883.53 3350.00 54000.00 1.0471
33600 300.03 -79.99 -20883.53 3350.00 54000.00 1.0471
33700 300.03 -79.99 -20883.53 3350.00 54000.00 1.0471
33800 300.03 -79.99 -20883.53 3350.00 54000.00 1.0471
33900 300.03 -79.99 -20883.53 3350.00 54000.00 1.0471
34000 300.03 -79.99 -20883.53 3350.00 54000.00 1.0471
34100 300.03 -79.99 -20883.53 3350.00 54000.00 1.0471
34200 300.03 -79.99 -20883.53 3350.00 54000.00 1.0471
34300 300.03 -79.99 -20883.53 3350.00 54000.00 1.0471
34400 300.03 -79.99 -20883.53 3350.00 54000.00 1.0471
34500 300.03 -79.99 -20883.53 3350.00 54000.00 1.0471
34600 300.03 -79.99 -20883.53 3350.00 54000.00 1.0471
34700 300.03 -79.99 -20883.53 3350.00 54000.00 1.0471
34800 300.03 -79.99 -20883.53 3350.00 54000.00 1.0471
34900 300.03 -79.99 -20883.53 3350.00 54000.00 1.0471
35000 300.03 -79.99 -20883.53 3350.00 54000.00 1.0471
35100 300.03 -79.99 -20883.53 3350.00 54000.00 1.0471
35200 300.03 -79.99 -20883.53 3350.00 54000.00 1.0471
35300 300.03 -79.99 -20883.53 3350.00 54000.00 1.0471
35400 300.03 -79.99 -20883.53 3350.00 54000.00 1.0471
35500 300.03 -79.99 -20883.53 3350.00 54000.00 1.0471
35600 300.03 -79.99 -20883.53 3350.00 54000.00 1.0471
35700 300.03 -79.99 -20883.53 3350.00 54000.00 1.0471
35800 300.03 -79.99 -20883.53 3350.00 54000.00 1.0471
35900 300.03 -79.99 -20883.53 3350.00 54000.00 1.0471
36000 300.03 -79.99 -20883.53 3350.00 54000.00 1.0471
36100 300.03 -79.99 -20883.53 3350.00 54000.00 1.0471
36200 300.03 -79.99 -20883.53 3350.00 54000.00 1.0471
36300 300.03 -79.99 -20883.53 3350.00 54000.00 1.0471
36400 300.03 -79.99 -20883.53 3350.00 54000.00 1.0471
36500 300.03 -79.99 -20883.53 3350.00 54000.00 1.0471
36600 300.03 -79.99 -20883.53 3350.00 54000.00 1.0471
36700 300.03 -79.99 -20883.53 3350.00 54000.00 1.0471
36800 300.03 -79.99 -20883.53 3350.00 54000.00 1.0471
36900 300.03 -79.99 -20883.53 3350.00 54000.00 1.0471
37000 300.03 -79.99 -20883.53 3350.00 54000.00 1.0471
37100 300.03 -79.99 -20883.53 3350.00 54000.00 1.0471
37200 300.03 -79.99 -20883.53 3350.00 54000.00 1.0471
37300 300.03 -79.99 -20883.53 3350.00 54000.00 1.0471
37400 300.03 -79.99 -20883.53 3350.00 54000.00 1.0471
37500 300.03 -79.99 -20883.53 3350.00 54000.00 1.0471
37600 300.03 -79.99 -20883.53 3350.00 54000.00 1.0471
37700 300.03 -79.99 -20883.53 3350.00 54000.00 1.0471
37800 300.03 -79.99 -20883.53 3350.00 54000.00 1.0471
37900 300.03 -79.99 -20883.53 3350.00 54000.00 1.0471
38000 300.03 -79.99 -20883.53 3350.00 54000.00 1.0471
38100 300.03 -79.99 -20883.53 3350.00 54000.00 1.0471
38200 300.03 -79.99 -20883.53 3350.00 54000.00 1.0471
38300 300.03 -79.99 -20883.53 3350.00 54000.00 1.0471
38400 300.03 -79.99 -20883.53 3350.00 54000.00 1.0471
38500 300.03 -79.99 -20883.53 3350.00 54000.00 1.0471
38600 300.03 -79.99 -20883.53 3350.00 54000.00 1.0471
38700 300.03 -79.99 -20883.53 3350.00 54000.00 1.0471
38800 300.03 -79.99 -20883.53 3350.00 54000.00 1.0471
38900 300.03 -79.99 -20883.53 3350.00 54000.00 1.0471
39000 300.03 -79.99 -20883.53 3350.00 54000.00 1.0471
39100 300.03 -79.99 -20883.53 3350.00 54000.00 1.0471
39200 300.03 -79.99 -20883.53 3350.00 54000.00 1.0471
39300 300.03 -79.99 -20883.53 3350.00 54000.00 1.0471
39400 300.03 -79.99 -20883.53 3350.00 54000.00 1.0471
39500 300.03 -79.99 -20883.53 3350.00 54000.00 1.0471
39600 300.03 -79.99 -20883.53 3350.00 54000.00 1.0471
39700 300.03 -79.99 -20883.53 3350.00 54000.00 1.0471
39800 300.03 -79.99 -20883.53 3350.00 54000.00 1.0471
39900 300.03 -79.99 -20883.53 3350.00 54000.00 1.0471
40000 300.03 -79.99 -20883.53 3350.00 54000.00 1.0471
40100 300.03 -79.99 -20883.53 3350.00 54000.00 1.0471
40200 300.03 -79.99 -20883.53 3350.00 54000.00 1.0471
40300 300.03 -79.99 -20883.53 3350.00 54000.00 1.0471
40400 300.03 -79.99 -20883.53 3350.00 54000.00 1.0471
40500 300.03 -79.99 -20883.53 3350.00 54000.00 1.0471
40600 300.03 -79.99 -20883.53 3350.00 54000.00 1.0471
40700 300.03 -79.99 -20883.53 3350.00 54000.00 1.0471
40800 300.03 -79.99 -20883.53 3350.00 54000.00 1.0471
40900 300.03 -79.99 -20883.53 3350.00 54000.00 1.0471
41000 300.03 -79.99 -20883.53 3350.00 54000.00 1.0471
41100 300.03 -79.99 -20883.53 3350.00 54000.00 1.0471
41200 300.03 -79.99 -20883.53 3350.00 54000.00 1.0471
41300 300.03 -79.99 -20883.53 3350.00 54000.00 1.0471
41400 300.03 -79.99 -20883.53 3350.00 54000.00 1.0471
41500 300.03 -79.99 -20883.53 3350.00 54000.00 1.0471
41600 300.03 -79.99 -20883.53 3350.00 54000.00 1.0471
41700 300.03 -79.99 -20883.53 3350.00 54000.00 1.0471
41800 300.03 -79.99 -20883.53 3350.00 54000.00 1.0471
41900 300.03 -79.99 -20883.53 3350.00 54000.00 1.0471
42000 300.03 -79.99 -20883.53 3350.00 54000.00 1.0471
42100 300.03 -79.99 -20883.53 3350.00 54000.00 1.0471
42200 300.03 -79.99 -20883.53 3350.00 54000.00 1.0471
42300 300.03 -79.99 -20883.53 3350.00 54000.00 1.0471
42400 300.03 -79.99 -20883.53 3350.00 54000.00 1.0471
42500 300.03 -79.99 -20883.53 3350.00 54000.00 1.0471
42600 300.03 -79.99 -20883.53 3350.00 54000.00 1.0471
42700 300.03 -79.99 -20883.53 3350.00 54000.00 1.0471
42800 300.03 -79.99 -20883.53 3350.00 54000.00 1.0471
42900 300.03 -79.99 -20883.53 3350.00 54000.00 1.0471
43000 300.03 -79.99 -20883.53 3350.00 54000.00 1.0471
43100 300.03 -79.99 -20883.53 3350.00 54000.00 1.0471
43200 300.03 -79.99 -20883.53 3350.00 54000.00 1.0471
43300 300.03 -79.99 -20883.53 3350.00 54000.00 1.0471
43400 300.03 -79.99 -20883.53 3350.00 54000.00 1.0471
43500 300.03 -79.99 -20883.53 3350.00 54000.00 1.0471
43600 300.03 -79.99 -20883.53 3350.00 54000.00 1.0471
43700 300.03 -79.99 -20883.53 3350.00 54000.00 1.0471
43800 300.03 -79.99 -20883.53 3350.00 54000.00 1.0471
43900 300.03 -79.99 -20883.53 3350.00 54000.00 1.0471
44000 300.03 -79.99 -20883.53 3350.00 54000.00 1.0471
44100 300.03 -79.99 -20883.53 3350.00 54000.00 1.0471
44200 300.03 -79.99 -20883.53 3350.00 54000.00 1.0471
44300 300.03 -79.99 -20883.53 3350.00 54000.00 1.0471
44400 300.03 -79.99 -20883.53 3350.00 54000.00 1.0471
44500 300.03 -79.99 -20883.53 3350.00 54000.00 1.0471
44600 300.03 -79.99 -20883.53 3350.00 54000.00 1.0471
44700 300.03 -79.99 -20883.53 3350.00 54000.00 1.0471
44800 300.03 -79.99 -20883.53 3350.00 54000.00 1.0471
44900 300.03 -79.99 -20883.53 3350.00 54000.00 1.0471
45000 300.03 -79.99 -20883.53 3350.00 54000.00 1.0471
45100 300.03 -79.99 -20883.53 3350.00 54000.00 1.0471
45200 300.03 -79.99 -20883.53 3350.00 54000.00 1.0471
45300 300.03 -79.99 -20883.53 3350.00 54000.00 1.0471
45400 300.03 -79.99 -20883.53 3350.00 54000.00 1.0471
45500 300.03 -79.99 -20883.53 3350.00 54000.00 1.0471
45600 300.03 -79.99 -20883.53 3350.00 54000.00 1.0471
45700 300.03 -79.99 -20883.53 3350.00 54000.00 1.0471
45800 300.03 -79.99 -20883.53 3350.00 54000.00 1.0471
45900 300.03 -79.99 -20883.53 3350.00 54000.00 1.0471
46000 300.03 -79.99 -20883.53 3350.00 54000.00 1.0471
46100 300.03 -79.99 -20883.53 3350.00 54000.00 1.0471
46200 300.03 -79.99 -20883.53 3350.00 54000.00 1.0471
46300 300.03 -79.99 -20883.53 3350.00 54000.00 1.0471
46400 300.03 -79.99 -20883.53 3350.00 54000.00 1.0471
46500 300.03 -79.99 -20883.53 3350.00 54000.00 1.0471
46600 300.03 -79.99 -20883.53 3350.00 54000.00 1.0471
46700 300.03 -79.99 -20883.53 3350.00 54000.00 1.0471
46800 300.03 -79.99 -20883.53 3350.00 54000.00 1.0471
46900 300.03 -79.99 -20883.53 3350.00 54000.00 1.0471
47000 300.03 -79.99 -20883.53 3350.00 54000.00 1.0471
47100 300.03 -79.99 -20883.53 3350.00 54000.00 1.0471
47200 300.03 -79.99 -20883.53 3350.00 54000.00 1.0471
47300 300.03 -79.99 -20883.53 3350.00 54000.00 1.0471
47400 300.03 -79.99 -20883.53 3350.00 54000.00 1.0471
47500 300.03 -79.99 -20883.53 3350.00 54000.00 1.0471
47600 300.03 -79.99 -20883.53 3350.00 54000.00 1.0471
47700 300.03 -79.99 -20883.53 3350.00 54000.00 1.0471
47800 300.03 -79.99 -20883.53 3350.00 54000.00 1.0471
47900 300.03 -79.99 -20883.53 3350.00 54000.00 1.0471
48000 300.03 -79.99 -20883.53 3350.00 54000.00 1.0471
48100 300.03 -79.99 -20883.53 3350.00 54000.00 1.0471
48200 300.03 -79.99 -20883.53 3350.00 54000.00 1.0471
48300 300.03 -79.99 -20883.53 3350.00 54000.00 1.0471
48400 300.03 -79.99 -20883.53 3350.00 54000.00 1.0471
48500 300.03 -79.99 -20883.53 3350.00 54000.00 1.0471
48600 300.03 -79.99 -20883.53 3350.00 54000.00 1.0471
48700 300.03 -79.99 -20883.53 3350.00 54000.00 1.0471
48800 300.03 -79.99 -20883.53 3350.00 54000.00 1.0471
48900 300.03 -79.99 -20883.53 3350.00 54000.00 1.0471
49000 300.03 -79.99 -20883.53 3350.00 54000.00 1.0471
49100 300.03 -79.99 -20883.53 3350.00 54000.00 1.0471
49200 300.03 -79.99 -20883.53 3350.00 54000.00 1.0471
49300 300.03 -79.99 -20883.53 3350.00 54000.00 1.0471
49400 300.03 -79.99 -20883.53 3350.00 54000.00 1.0471
49500 300.03 -79.99 -20883.53 3350.00 54000.00 1.0471
49600 300.03 -79.99 -20883.53 3350.00 54000.00 1.0471
49700 300.03 -79.99 -20883.53 3350.00 54000.00 1.0471
49800 300.03 -79.99 -20883.53 3350.00 54000.00 1.0471
49900 300.03 -79.99 -20883.53 3350.00 54000.00 1.0471
50000 300.03 -79.99 -20883.53 3350.00 54000.00 1.0471
50100 300.03 -79.99 -20883.53 3350.00 54000.00 1.0471
50200 300.03 -79.99 -20883.53 3350.00 54000.00 1.0471
50300 300.03 -79.99 -20883.53 3350.00 54000.00 1.0471
50400 300.03 -79.99 -20883.53 3350.00 54000.00 1.0471
50500 300.03 -79.99 -20883.53 3350.00 54000.00 1.0471
50600 300.03 -79.99 -20883.53 3350.00 54000.00 1.0471
50700 300.03 -79.99 -20883.53 3350.00 54000.00 1.0471
50800 300.03 -79.99 -20883.53 3350.00 54000.00 1.0471
50900 300.03 -79.99 -20883.53 3350.00 54000.00 1.0471
51000 300.03 -79.99 -20883.53 3350.00 54000.00 1.0471
51100 300.03 -79.99 -20883.53 3350.00 54000.00 1.0471
51200 300.03 -79.99 -20883.53 3350.00 54000.00 1.0471
51300 300.03 -79.99 -20883.53 3350.00 54000.00 1.0471
51400 300.03 -79.99 -20883.53 3350.00 54000.00 1.0471
51500 300.03 -79.99 -20883.53 3350.00 54000.00 1.0471
51600 300.03 -79.99 -20883.53 3350.00 54000.00 1.0471
51700 300.03 -79.99 -20883.53 3350.00 54000.00 1.0471
51800 300.03 -79.99 -20883.53 3350.00 54000.00 1.0471
51900 300.03 -79.99 -20883.53 3350.00 54000.00 1.0471
52000 300.03 -79.99 -20883.53 3350.00 54000.00 1.0471
52100 300.03 -79.99 -20883.53 3350.00 54000.00 1.0471
52200 300.03 -79.99 -20883.53 3350.00 54000.00 1.0471
52300 300.03 -79.99 -20883.53 3350.00 54000.00 1.0471
52400 300.03 -79.99 -20883.53 3350.00 54000.00 1.0471
52500 300.03 -79.99 -20883.53 3350.00 54000.00 1.0471
52600 300.03 -79.99 -20883.53 3350.00 54000.00 1.0471
52700 300.03 -79.99 -20883.53 3350.00 54000.00 1.0471
52800 300.03 -79.99 -20883.53 3350.00 54000.00 1.0471
52900 300.03 -79.99 -20883.53 3350.00 54000.00 1.0471
53000 300.03 -79.99 -20883.53 3350.00 54000.00 1.0471
53100 300.03 -79.99 -20883.53 3350.00 54000.00 1.0471
53200 300.03 -79.99 -20883.53 3350.00 54000.00 1.0471
53300 300.03 -79.99 -20883.53 3350.00 54000.00 1.0471
53400 300.03 -79.99 -20883.53 3350.00 54000.00 1.0471
53500 300.03 -79.99 -20883.53 3350.00 54000.00 1.0471
53600 300.03 -79.99 -20883.53 3350.00 54000.00 1.0471
53700 300.03 -79.99 -20883.53 3350.00 54000.00 1.0471
53800 300.03 -79.99 -20883.53 3350.00 54000.00 1.0471
53900 300.03 -79.99 -20883.53 3350.00 54000.00 1.0471
54000 300.03 -79.99 -20883.53 3350.00 54000.00 1.0471
54100 300.03 -79.99 -20883.53 3350.00 54000.00 1.0471
54200 300.03 -79.99 -20883.53 3350.00 54000.00 1.0471
54300 300.03 -79.99 -20883.53 3350.00 54000.00 1.0471
54400 300.03 -79.99 -20883.53 3350.00 54000.00 1.0471
54500 300.03 -79.99 -20883.53 3350.00 54000.00 1.0471
54600 300.03 -79.99 -20883.53 3350.00 54000.00 1.0471
54700 300.03 -79.99 -20883.53 3350.00 54000.00 1.0471
54800 300.03 -79.99 -20883.53 3350.00 54000.00 1.0471
54900 300.03 -79.99 -20883.53 3350.00 54000.00 1.0471
55000 300.03 -79.99 -20883.53 3350.00 54000.00 1.0471
55100 300.03 -79.99 -20883.53 3350.00 54000.00 1.0471
55200 300.03 -79.99 -20883.53 3350.00 54000.00 1.0471
55300 300.03 -79.99 -20883.53 3350.00 54000.00 1.0471
55400 300.03 -79.99 -20883.53 3350.00 54000.00 1.0471
55500 300.03 -79.99 -20883.53 3350.00 54000.00 1.0471
55600 300.03 -79.99 -20883.53 3350.00 54000.00 1.0471
55700 300.03 -79.99 -20883.53 3350.00 54000.00 1.0471
55800 300.03 -79.99 -20883.53 3350.00 54000.00 1.0471
55900 300.03 -79.99 -20883.53 3350.00 54000.00 1.0471
56000 300.03 -79.99 -20883.53 3350.00 54000.00 1.0471
56100 300.03 -79.99 -20883.53 3350.00 54000.00 1.0471
56200 300.03 -79.99 -20883.53 3350.00 54000.00 1.0471
56300 300.03 -79.99 -20883.53 3350.00 54000.00 1.0471
56400 300.03 -79.99 -20883.53 3350.00 54000.00 1.0471
56500 300.03 -79.99 -20883.53 3350.00 54000.00 1.0471
56600 300.03 -79.99 -20883.53 3350.00 54000.00 1.0471
56700 300.03 -79.99 -20883.53 3350.00 54000.00 1.0471
56800 300.03 -79.99 -20883.53 3350.00 54000.00 1.0471
56900 300.03 -79.99 -20883.53 3350.00 54000.00 1.0471
57000 300.03 -79.99 -20883.53 3350.00 54000.00 1.0471
57100 300.03 -79.99 -20883.53 3350.00 54000.00 1.0471
57200 300.03 -79.99 -20883.53 3350.00 54000.00 1.0471
57300 300.03 -79.99 -20883.53 3350.00 54000.00 1.0471
57400 300.03 -79.99 -20883.53 3350.00 54000.00 1.0471
57500 300.03 -79.99 -20883.53 3350.00 54000.00 1.0471
57600 300.03 -79.99 -20883.53 3350.00 54000.00 1.0471
57700 300.03 -79.99 -20883.53 3350.00 54000.00 1.0471
57800 300.03 -79.99 -20883.53 3350.00 54000.00 1.0471
57900 300.03 -79.99 -20883.53 3350.00 54000.00 1.0471
58000 300.03 -79.99 -20883.53 3350.00 54000.00 1.0471
58100 300.03 -79.99 -20883.53 3350.00 54000.00 1.0471
58200 300.03 -79.99 -20883.53 3350.00 54000.00 1.0471
58300 300.03 -79.99 -20883.53 3350.00 54000.00 1.0471
58400 300.03 -79.99 -20883.53 3350.00 54000.00 1.0471
58500 300.03 -79.99 -20883.53 3350.00 54000.00 1.0471
58600 300.03 -79.99 -20883.53 3350.00 54000.00 1.0471
58700 300.03 -79.99 -20883.53 3350.00 54000.00 1.0471
58800 300.03 -79.99 -20883.53 3350.00 54000.00 1.0471
58900 300.03 -79.99 -20883.53 3350.00 54000.00 1.0471
59000 300.03 -79.99 -20883.53 3350.00 54000.00 1.0471
59100 300.03 -79.99 -20883.53 3350.00 54000.00 1.0471
59200 300.03 -79.99 -20883.53 3350.00 54000.00 1.0471
59300 300.03 -79.99 -20883.53 3350.00 54000.00 1.0471
59400 300.03 -79.99 -20883.53 3350.00 54000.00 1.0471
59500 300.03 -79.99 -20883.53 3350.00 54000.00 1.0471
59600 300.03 -79.99 -20883.53 3350.00 54000.00 1.0471
59700 300.03 -79.99 -20883.53 3350.00 54000.00 1.0471
59800 300.03 -79.99 -20883.53 3350.00 54000.00 1.0471
59900 300.03 -79.99 -20883.53 3350.00 54000.00 1.0471
60000 300.03 -79.99 -20883.53 3350.00 54000.00 1.0471
60100 300.03 -79.99 -20883.53 3350.00 54000.00 1.0471
60200 300.03 -79.99 -20883.53 3350.00 54000.00 1.0471
60300 300.03 -79.99 -20883.53 3350.00 54000.00 1.0471
60400 300.03 -79.99 -20883.53 3350.00 54000.00 1.0471
60500 300.03 -79.99 -20883.53 3350.00 54000.00 1.0471
60600 300.03 -79.99 -20883.53 3350.00 54000.00 1.0471
60700 300.03 -79.99 -20883.53 3350.00 54000.00 1.0471
60800 300.03 -79.99 -20883.53 3350.00 54000.00 1.0471
60900 300.03 -79.99 -20883.53 3350.00 54000.00 1.0471
61000 300.03 -79.99 -20883.53 3350.00 54000.00 1.0471
61100 300.03 -79.99 -20883.53 3350.00 54000.00 1.0471
61200 300.03 -79.99 -20883.53 3350.00 54000.00 1.0471
61300 300.03 -79.99 -20883.53 3350.00 54000.00 1.0471
61400 300.03 -79.99 -20883.53 3350.00 54000.00 1.0471
61500 300.03 -79.99 -20883.53 3350.00 54000.00 1.0471
61600 300.03 -79.99 -20883.53 3350.00 54000.00 1.0471
61700 300.03 -79.99 -20883.53 3350.00 54000.00 1.0471
61800 300.03 -79.99 -20883.53 3350.00 54000.00 1.0471
61900 300.03 -79.99 -20883.53 3350.00 54000.00 1.0471
62000 300.03 -79.99 -20883.53 3350.00 54000.00 1.0471
62100 300.03 -79.99 -20883.53 3350.00 54000.00 1.0471
62200 300.03 -79.99 -20883.53 3350.00 54000.00 1.0471
62300 300.03 -79.99 -20883.53 3350.00 54000.00 1.0471
62400 300.03 -79.99 -20883.53 3350.00 54000.00 1.0471
62500 300.03 -79.99 -20883.53 3350.00 54000.00 1.0471
62600 300.03 -79.99 -20883.53 3350.00 54000.00 1.0471
62700 300.03 -79.99 -20883.53 3350.00 54000.00 1.0471
62800 300.03 -79.99 -20883.53 3350.00 54000.00 1.0471
62900 300.03 -79.99 -20883.53 3350.00 54000.00 1.0471
63000 300.03 -79.99 -20883.53 3350.00 54000.00 1.0471
63100 300.03 -79.99 -20883.53 3350.00 54000.00 1.0471
63200 300.03 -79.99 -20883.53 3350.00 54000.00 1.0471
63300 300.03 -79.99 -20883.53 3350.00 54000.00 1.0471
63400 300.03 -79.99 -20883.53 3350.00 54000.00 1.0471
63500 300.03 -79.99 -20883.53 3350.00 54000.00 1.0471
63600 300.03 -79.99 -20883.53 3350.00 54000.00 1.0471
63700 300.03 -79.99 -20883.53 3350.00 54000.00 1.0471
63800 300.03 -79.99 -20883.53 3350.00 54000.00 1.0471
63900 300.03 -79.99 -20883.53 3350.00 54000.00 1.0471
64000 300.03 -79.99 -20883.53 3350.00 54000.00 1.0471
64100 300.03 -79.99 -20883.53 3350.00 54000.00 1.0471
64200 300.03 -79.99 -20883.53 3350.00 54000.00 1.0471
64300 300.03 -79.99 -20883.53 3350.00 54000.00 1.0471
64400 300.03 -79.99 -20883.53 3350.00 54000.00 1.0471
64500 300.03 -79.99 -20883.53 3350.00 54000.00 1.0471
64600 300.03 -79.99 -20883.53 3350.00 54000.00 1.0471
64700 300.03 -79.99 -20883.53 3350.00 54000.00 1.0471
64800 300.03 -79.99 -20883.53 3350.00 54000.00 1.0471
64900 300.03 -79.99 -20883.53 3350.00 54000.00 1.0471
65000 300.03 -79.99 -20883.53 3350.00 54000.00 1.0471
65100 300.03 -79.99 -20883.53 3350.00 54000.00 1.0471
65200 300.03 -79.99 -20883.53 3350.00 54000.00 1.0471
65300 300.03 -79.99 -20883.53 3350.00 54000.00 1.0471
65400 300.03 -79.99 -20883.53 3350.00 54000.00 1.0471
65500 300.03 -79.99 -20883.53 3350.00 54000.00 1.0471
65600 300.03 -79.99 -20883.53 3350.00 54000.00 1.0471
65700 300.03 -79.99 -20883.53 3350.00 54000.00 1.0471
65800 300.03 -79.99 -20883.53 3350.00 54000.00 1.0471
65900 300.03 -79.99 -20883.53 3350.00 54000.00 1.0471
66000 300.03 -79.99 -20883.53 3350.00 54000.00 1.0471
66100 300.03 -79.99 -20883.53 3350.00 54000.00 1.0471
66200 300.03 -79.99 -20883.53 3350.00 54000.00 1.0471
66300 300.03 -79.99 -20883.53 3350.00 54000.00 1.0471
66400 300.03 -79.99 -20883.53 3350.00 54000.00 1.0471
66500 300.03 -79.99 -20883.53 3350.00 54000.00 1.0471
66600 300.03 -79.99 -20883.53 3350.00 54000.00 1.0471
66700 300.03 -79.99 -20883.53 3350.00 54000.00 1.0471
66800 300.03 -79.99 -20883.53 3350.00 54000.00 1.0471
66900 300.03 -79.99 -20883.53 3350.00 54000.00 1.0471
67000 300.03 -79.99 -20883.53 3350.00 54000.00 1.0471
67100 300.03 -79.99 -20883.53 3350.00 54000.00 1.0471
67200 300.03 -79.99 -20883.53 3350.00 54000.00 1.0471
67300 300.03 -79.99 -20883.53 3350.00 54000.00 1.0471
67400 300.03 -79.99 -20883.53 3350.00 54000.00 1.0471
67500 300.03 -79.99 -20883.53 3350.00 54000.00 1.0471
67600 300.03 -79.99 -20883.53 3350.00 54000.00 1.0471
67700 300.03 -79.99 -20883.53 3350.00 54000.00 1.0471
67800 300.03 -79.99 -20883.53 3350.00 54000.00 1.0471
67900 300.03 -79.99 -20883.53 3350.00 54000.00 1.0471
68000 300.03 -79.99 -20883.53 3350.00 54000.00 1.0471
68100 300.03 -79.99 -20883.53 3350.00 54000.00 1.0471
68200 300.03 -79.99 -20883.53 3350.00 54000.00 1.0471
68300 300.03 -79.99 -20883.53 3350.00 54000.00 1.0471
68400 300.03 -79.99 -20883.53 3350.00 54000.00 1.0471
68500 300.03 -79.99 -20883.53 3350.00 54000.00 1.0471
68600 300.03 -79.99 -20883.53 3350.00 54000.00 1.0471
68700 300.03 -79.99 -20883.53 3350.00 54000.00 1.0471
68800 300.03 -79.99 -20883.53 3350.00 54000.00 1.0471
68900 300.03 -79.99 -20883.53 3350.00 54000.00 1.0471
69000 300.03 -79.99 -20883.53 3350.00 54000.00 1.0471
69100 300.03 -79.99 -20883.53 3350.00 54000.00 1.0471
69200 300.03 -79.99 -20883.53 3350.00 54000.00 1.0471
69300 300.03 -79.99 -20883.53 3350.00 54000.00 1.0471
69400 300.03 -79.99 -20883.53 3350.00 54000.00 1.0471
69500 300.03 -79.99 -20883.53 3350.00 54000.00 1.0471
69600 300.03 -79.99 -20883.53 3350.00 54000.00 1.0471
69700 300.03 -79.99 -20883.53 3350.00 54000.00 1.0471
69800 300.03 -79.99 -20883.53 3350.00 54000.00 1.0471
69900 300.03 -79.99 -20883.53 3350.00 54000.00 1.0471
70000 300.03 -79.99 -20883.53 3350.00 54000.00 1.0471
70100 300.03 -79.99 -20883.53 3350.00 54000.00 1.0471
70200 300.03 -79.99 -20883.53 3350.00 54000.00 1.0471
70300 300.03 -79.99 -20883.53 3350.00 54000.00 1.0471
70400 300.03 -79.99 -20883.53 3350.00 54000.00 1.0471
70500 300.03 -79.99 -20883.53 3350.00 54000.00 1.0471
70600 300.03 -79.99 -20883.53 3350.00 54000.00 1.0471
70700 300.03 -79.99 -20883.53 3350.00 54000.00 1.0471
70800 300.03 -79.99 -20883.53 3350.00 54000.00 1.0471
70900 300.03 -79.99 -20883.53 3350.00 54000.00 1.0471
71000 300.03 -79.99 -20883.53 3350.00 54000.00 1.0471
71100 300.03 -79.99 -20883.53 3350.00 54000.00 1.0471
71200 300.03 -79.99 -20883.53 3350.00 54000.00 1.0471
71300 300.03 -79.99 -20883.53 3350.00 54000.00 1.0471
71400 300.03 -79.99 -20883.53 3350.00 54000.00 1.0471
71500 300.03 -79.99 -20883.53 3350.00 54000.00 1.0471
71600 300.03 -79.99 -20883.53 3350.00 54000.00 1.0471
71700 300.03 -79.99 -20883.53 3350.00 54000.00 1.0471
71800 300.03 -79.99 -20883.53 3350.00 54000.00 1.0471
71900 300.03 -79.99 -20883.53 3350.00 54000.00 1.0471
72000 300.03 -79.99 -20883.53 3350.00 54000.00 1.0471
72100 300.03 -79.99 -20883.53 3350.00 54000.00 1.0471
72200 300.03 -79.99 -20883.53 3350.00 54000.00 1.0471
72300 300.03 -79.99 -20883.53 3350.00 54000.00 1.0471
72400 300.03 -79.99 -20883.53 3350.00 54000.00 1.0471
72500 300.03 -79.99 -20883.53 3350.00 54000.00 1.0471
72600 300.03 -79.99 -20883.53 3350.00 54000.00 1.0471
72700 300.03 -79.99 -20883.53 3350.00 54000.00 1.0471
72800 300.03 -79.99 -20883.53 3350.00 54000.00 1.0471
72900 300.03 -79.99 -20883.53 3350.00 54000.00 1.0471
73000 300.03 -79.99 -20883.53 3350.00 54000.00 1.0471
73100 300.03 -79.99 -20883.53 3350.00 54000.00 1.0471
73200 300.03 -79.99 -20883.53 3350.00 54000.00 1.0471
73300 300.03 -79.99 -20883.53 3350.00 54000.00 1.0471
73400 300.03 -79.99 -20883.53 3350.00 54000.00 1.0471
73500 300.03 -79.99 -20883.53 3350.00 54000.00 1.0471
73600 300.03 -79.99 -20883.53 3350.00 54000.00 1.0471
73700 300.03 -79.99 -20883.53 3350.00 54000.00 1.0471
73800 300.03 -79.99 -20883.53 3350.00 54000.00 1.0471
73900 300.03 -79.99 -20883.53 3350.00 54000.00 1.0471
74000 300.03 -79.99 -20883.53 3350.00 54000.00 1.0471
74100 300.03 -79.99 -20883.53 3350.00 54000.00 1.0471
74200 300.03 -79.99 -20883.53 3350.00 54000.00 1.0471
74300 300.03 -79.99 -20883.53 3350.00 54000.00 1.0471
74400 300.03 -79.99 -20883.53 3350.00 54000.00 1.0471
74500 300.03 -79.99 -20883.53 3350.00 54000.00 1.0471
74600 300.03 -79.99 -20883.53 3350.00 54000.00 1.0471
74700 300.03 -79.99 -20883.53 3350.00 54000.00 1.0471
74800 300.03 -79.99 -20883.53 3350.00 54000.00 1.0471
74900 300.03 -79.99 -20883.53 3350.00 54000.00 1.0471
75000 300.03 -79.99 -20883.53 3350.00 54000.00 1.0471
75100 300.03 -79.99 -20883.53 3350.00 54000.00 1.0471
75200 300.03 -79.99 -20883.53 3350.00 54000.00 1.0471
75300 300.03 -79.99 -20883.53 3350.00 54000.00 1.0471
75400 300.03 -79.99 -20883.53 3350.00 54000.00 1.0471
75500 300.03 -79.99 -20883.53 3350.00 54000.00 1.0471
75600 300.03 -79.99 -20883.53 3350.00 54000.00 1.0471
75700 300.03 -79.99 -20883.53 3350.00 54000.00 1.0471
75800 300.03 -79.99 -20883.53 3350.00 54000.00 1.0471
75900 300.03 -79.99 -20883.53 3350.00 54000.00 1.0471
76000 300.03 -79.99 -20883.53 3350.00 54000.00 1.0471
76100 300.03 -79.99 -20883.53 3350.00 54000.00 1.0471
76200 300.03 -79.99 -20883.53 3350.00 54000.00 1.0471
76300 300.03 -79.99 -20883.53 3350.00 54000.00 1.0471
76400 300.03 -79.99 -20883.53 3350.00 54000.00 1.0471
76500 300.03 -79.99 -20883.53 3350.00 54000.00 1.0471
76600 300.03 -79.99 -20883.53 3350.00 54000.00 1.0471
76700 300.03 -79.99 -20883.53 3350.00 54000.00 1.0471
76800 300.03 -79.99 -20883.53 3350.00 54000.00 1.0471
76900 300.03 -79.99 -20883.53 3350.00 54000.00 1.0471
77000 300.03 -79.99 -20883.53 3350.00 54000.00 1.0471
77100 300.03 -79.99 -20883.53 3350.00 54000.00 1.0471
77200 300.03 -79.99 -20883.53 3350.00 54000.00 1.0471
77300 300.03 -79.99 -20883.53 3350.00 54000.00 1.0471
77400 300.03 -79.99 -20883.53 3350.00 54000.00 1.0471
77500 300.03 -79.99 -20883.53 3350.00 54000.00 1.0471
77600 300.03 -79.99 -20883.53 3350.00 54000.00 1.0471
77700 300.03 -79.99 -20883.53 3350.00 54000.00 1.0471
77800 300.03 -79.99 -20883.53 3350.00 54000.00 1.0471
77900 300.03 -79.99 -20883.53 3350.00 54000.00 1.0471
78000 300.03 -79.99 -20883.53 3350.00 54000.00 1.0471
78100 300.03 -79.99 -20883.53 3350.00 54000.00 1.0471
78200 300.03 -79.99 -20883.53 3350.00 54000.00 1.0471
78300 300.03 -79.99 -20883.53 3350.00 54000.00 1.0471
78400 300.03 -79.99 -20883.53 3350.00 54000.00 1.0471
78500 300.03 -79.99 -20883.53 3350.00 54000.00 1.0471
78600 300.03 -79.99 -20883.53 3350.00 54000.00 1.0471
78700 300.03 -79.99 -20883.53 3350.00 54000.00 1.0471
78800 300.03 -79.99 -20883.53 3350.00 54000.00 1.0471
78900 300.03 -79.99 -20883.53 3350.00 54000.00 1.0471
79000 300.03 -79.99 -20883.53 3350.00 54000.00 1.0471
79100 300.03 -79.99 -20883.53 3350.00 54000.00 1.0471
79200 300.03 -79.99 -20883.53 3350.00 54000.00 1.0471
79300 300.03 -79.99 -20883.53 3350.00 54000.00 1.0471
79400 300.03 -79.99 -20883.53 3350.00 54000.00 1.0471
79500 300.03 -79.99 -20883.53 3350.00 54000.00 1.0471
79600 300.03 -79.99 -20883.53 3350.00 54000.00 1.0471
79700 300.03 -79.99 -20883.53 3350.00 54000.00 1.0471
79800 300.03 -79.99 -20883.53 3350.00 54000.00 1.0471
79900 300.03 -79.99 -20883.53 3350.00 54000.00 1.0471
80000 300.03 -79.99 -20883.53 3350.00 54000.00 1.0471
80100 300.03 -79.99 -20883.53 3350.00 54000.00 1.0471
80200 300.03 -79.99 -20883.53 3350.00 54000.00 1.0471
80300 300.03 -79.99 -20883.53 3350.00 54000.00 1.0471
80400 300.03 -79.99 -20883.53 3350.00 54000.00 1.0471
80500 300.03 -79.99 -20883.53 3350.00 54000.00 1.0471
80600 300.03 -79.99 -20883.53 3350.00 54000.00 1.0471
80700 300.03 -79.99 -20883.53 3350.00 54000.00 1.0471
80800 300.03 -79.99 -20883.53 3350.00 54000.00 1.0471
80900 300.03 -79.99 -20883.53 3350.00 54000.00 1.0471
81000 300.03 -79.99 -20883.53 3350.00 54000.00 1.0471
81100 300.03 -79.99 -20883.53 3350.00 54000.00 1.0471
81200 300.03 -79.99 -20883.53 3350.00 54000.00 1.0471
81300 300.03 -79.99 -20883.53 3350.00 54000.00 1.0471
81400 300.03 -79.99 -20883.53 3350.00 54000.00 1.0471
81500 300.03 -79.99 -20883.53 3350.00 54000.00 1.0471
81600 300.03 -79.99 -20883.53 3350.00 54000.00 1.0471
81700 300.03 -79.99 -20883.53 3350.00 54000.00 1.0471
81800 300.03 -79.99 -20883.53 3350.00 54000.00 1.0471
81900 300.03 -79.99 -20883.53 3350.00 54000.00 1.0471
82000 300.03 -79.99 -20883.53 3350.00 54000.00 1.0471
82100 300.03 -79.99 -20883.53 3350.00 54000.00 1.0471
82200 300.03 -79.99 -20883.53 3350.00 54000.00 1.0471
82300 300.03 -79.99 -20883.53 3350.00 54000.00 1.0471
82400 300.03 -79.99 -20883.53 3350.00 54000.00 1.0471
82500 300.03 -79.99 -20883.53 3350.00 54000.00 1.0471
82600 300.03 -79.99 -20883.53 3350.00 54000.00 1.0471
82700 300.03 -79.99 -20883.53 3350.00 54000.00 1.0471
82800 300.03 -79.99 -20883.53 3350.00 54000.00 1.0471
82900 300.03 -79.99 -20883.53 3350.00 54000.00 1.0471
83000 300.03 -79.99 -20883.53 3350.00 54000.00 1.0471
83100 300.03 -79.99 -20883.53 3350.00 54000.00 1.0471
83200 300.03 -79.99 -20883.53 3350.00 54000.00 1.0471
83300 300.03 -79.99 -20883.53 3350.00 54000.00 1.0471
83400 300.03 -79.99 -20883.53 3350.00 54000.00 1.0471
83500 300.03 -79.99 -20883.53 3350.00 54000.00 1.0471
83600 300.03 -79.99 -20883.53 3350.00 54000.00 1.0471
83700 300.03 -79.99 -20883.53 3350.00 54000.00 1.0471
83800 300.03 -79.99 -20883.53 3350.00 54000.00 1.0471
83900 300.03 -79.99 -20883.53 3350.00 54000.00 1.0471
84000 300.03 -79.99 -20883.53 3350.00 54000.00 1.0471
84100 300.03 -79.99 -20883.53 3350.00 54000.00 1.0471
84200 300.03 -79.99 -20883.53 3350.00 54000.00 1.0471
84300 300.03 -79.99 -20883.53 3350.00 54000.00 1.0471
84400 300.03 -79.99 -20883.53 3350.00 54000.00 1.0471
84500 300.03 -79.99 -20883.53 3350.00 54000.00 1.0471
84600 300.03 -79.99 -20883.53 3350.00 54000.00 1.0471
84700 300.03 -79.99 -20883.53 3350.00 54000.00 1.0471
84800 300.03 -79.99 -20883.53 3350.00 54000.00 1.0471
84900 300.03 -79.99 -20883.53 3350.00 54000.00 1.0471
85000 300.03 -79.99 -20883.53 3350.00 54000.00 1.0471
85100 300.03 -79.99 -20883.53 3350.00 54000.00 1.0471
85200 300.03 -79.99 -20883.53 3350.00 54000.00 1.0471
85300 300.03 -79.99 -20883.53 3350.00 54000.00 1.0471
85400 300.03 -79.99 -20883.53 3350.00 54000.00 1.0471
85500 300.03 -79.99 -20883.53 3350.00 54000.00 1.0471
85600 300.03 -79.99 -20883.53 3350.00 54000.00 1.0471
85700 300.03 -79.99 -20883.53 3350.00 54000.00 1.0471
85800 300.03 -79.99 -20883.53 3350.00 54000.00 1.0471
85900 300.03 -79.99 -20883.53 3350.00 54000.00 1.0471
86000 300.03 -79.99 -20883.53 3350.00 54000.00 1.0471
86100 300.03 -79.99 -20883.53 3350.00 54000.00 1.0471
86200 300.03 -79.99 -20883.53 3350.00 54000.00 1.0471
86300 300.03 -79.99 -20883.53 3350.00 54000.00 1.0471
86400 300.03 -79.99 -20883.53 3350.00 54000.00 1.0471
86500 300.03 -79.99 -20883.53 3350.00 54000.00 1.0471
86600 300.03 -79.99 -20883.53 3350.00 54000.00 1.0471
86700 300.03 -79.99 -20883.53 3350.00 54000.00 1.0471
86800 300.03 -79.99 -20883.53 3350.00 54000.00 1.0471
86900 300.03 -79.99 -20883.53 3350.00 54000.00 1.0471
87000 300.03 -79.99 -20883.53 3350.00 54000.00 1.0471
87100 300.03 -79.99 -20883.53 3350.00 54000.00 1.0471
87200 300.03 -79.99 -20883.53 3350.00 54000.00 1.0471
87300 300.03 -79.99 -20883.53 3350.00 54000.00 1.0471
87400 300.03 -79.99 -20883.53 3350.00 54000.00 1.0471
87500 300.03 -79.99 -20883.53 3350.00 54000.00 1.0471
87600 300.03 -79.99 -20883.53 3350.00 54000.00 1.0471
87700 300.03 -79.99 -20883.53 3350.00 54000.00 1.0471
87800 300.03 -79.99 -20883.53 3350.00 54000.00 1.0471
87900 300.03 -79.99 -20883.53 3350.00 54000.00 1.0471
88000 300.03 -79.99 -20883.53 3350.00 54000.00 1.0471
88100 300.03 -79.99 -20883.53 3350.00 54000.00 1.0471
88200 300.03 -79.99 -20883.53 3350.00 54000.00 1.0471
88300 300.03 -79.99 -20883.53 3350.00 54000.00 1.0471
88400 300.03 -79.99 -20883.53 3350.00 54000.00 1.0471
88500 300.03 -79.99 -20883.53 3350.00 54000.00 1.0471
88600 300.03 -79.99 -20883.53 3350.00 54000.00 1.0471
88700 300.03 -79.99 -20883.53 3350.00 54000.00 1.0471
88800 300.03 -79.99 -20883.53 3350.00 54000.00 1.0471
88900 300.03 -79.99 -20883.53 3350.00 54000.00 1.0471
89000 300.03 -79.99 -20883.53 3350.00 54000.00 1.0471
89100 300.03 -79.99 -20883.53 3350.00 54000.00 1.0471
89200 300.03 -79.99 -20883.53 3350.00 54000.00 1.0471
89300 300.03 -79.99 -20883.53 3350.00 54000.00 1.0471
89400 300.03 -79.99 -20883.53 3350.00 54000.00 1.0471
89500 300.03 -79.99 -20883.53 3350.00 54000.00 1.0471
89600 300.03 -79.99 -20883.53 3350.00 54000.00 1.0471
89700 300.03 -79.99 -20883.53 3350.00 54000.00 1.0471
89800 300.03 -79.99 -20883.53 3350.00 54000.00 1.0471
89900 300.03 -79.99 -20883.53 3350.00 54000.00 1.0471
90000 300.03 -79.99 -20883.53 3350.00 54000.00 1.0471
90100 300.03 -79.99 -20883.53 3350.00 54000.00 1.0471
90200 300.03 -79.99 -20883.53 3350.00 54000.00 1.0471
90300 300.03 -79.99 -20883.53 3350.00 54000.00 1.0471
90400 300.03 -79.99 -20883.53 3350.00 54000.00 1.0471
90500 300.03 -79.99 -20883.53 3350.00 54000.00 1.0471
90600 300.03 -79.99 -20883.53 3350.00 54000.00 1.0471
90700 300.03 -79.99 -20883.53 3350.00 54000.00 1.0471
90800 300.03 -79.99 -20883.53 3350.00 54000.00 1.0471
90900 300.03 -79.99 -20883.53 3350.00 54000.00 1.0471
91000 300.03 -79.99 -20883.53 3350.00 54000.00 1.0471
91100 300.03 -79.99 -20883.53 3350.00 54000.00 1.0471
91200 300.03 -79.99 -20883.53 3350.00 54000.00 1.0471
91300 300.03 -79.99 -20883.53 3350.00 54000.00 1.0471
91400 300.03 -79.99 -20883.53 3350.00 54000.00 1.0471
91500 300.03 -79.99 -20883.53 3350.00 54000.00 1.0471
91600 300.03 -79.99 -20883.53 3350.00 54000.00 1.0471
91700 300.03 -79.99 -20883.53 3350.00 54000.00 1.0471
91800 300.03 -79.99 -20883.53 3350.00 54000.00 1.0471
91900 300.03 -79.99 -20883.53 3350.00 54000.00 1.0471
92000 300.03 -79.99 -20883.53 3350.00 54000.00 1.0471
92100 300.03 -79.99 -20883.53 3350.00 54000.00 1.0471
92200 300.03 -79.99 -20883.53 3350.00 54000.00 1.0471
92300 300.03 -79.99 -20883.53 3350.00 54000.00 1.0471
92400 300.03 -79.99 -20883.53 3350.00 54000.00 1.0471
92500 300.03 -79.99 -20883.53 3350.00 54000.00 1.0471
92600 300.03 -79.99 -20883.53 3350.00 54000.00 1.0471
92700 300.03 -79.99 -20883.53 3350.00 54000.00 1.0471
92800 300.03 -79.99 -20883.53 3350.00 54000.00 1.0471
92900 300.03 -79.99 -20883.53 3350.00 54000.00 1.0471
93000 300.03 -79.99 -20883.53 3350.00 54000.00 1.0471
93100 300.03 -79.99 -20883.53 3350.00 54000.00 1.0471
93200 300.03 -79.99 -20883.53 3350.00 54000.00 1.0471
93300 300.03 -79.99 -20883.53 3350.00 54000.00 1.0471
93400 300.03 -79.99 -20883.53 3350.00 54000.00 1.0471
93500 300.03 -79.99 -20883.53 3350.00 54000.00 1.0471
93600 300.03 -79.99 -20883.53 3350.00 54000.00 1.0471
93700 300.03 -79.99 -20883.53 3350.00 54000.00 1.0471
93800 300.03 -79.99 -20883.53 3350.00 54000.00 1.0471
93900 300.03 -79.99 -20883.53 3350.00 54000.00 1.0471
94000 300.03 -79.99 -20883.53 3350.00 54000.00 1.0471
94100 300.03 -79.99 -20883.53 3350.00 54000.00 1.0471
94200 300.03 -79.99 -20883.53 3350.00 54000.00 1.0471
94300 300.03 -79.99 -20883.53 3350.00 54000.00 1.0471
94400 300.03 -79.99 -20883.53 3350.00 54000.00 1.0471
94500 300.03 -79.99 -20883.53 3350.00 54000.00 1.0471
94600 300.03 -79.99 -20883.53 3350.00 54000.00 1.0471
94700 300.03 -79.99 -20883.53 3350.00 54000.00 1.0471
94800 300.03 -79.99 -20883.53 3350.00 54000.00 1.0471
94900 300.03 -79.99 -20883.53 3350.00 54000.00 1.0471
95000 300.03 -79.99 -20883.53 3350.00 54000.00 1.0471
95100 300.03 -79.99 -20883.53 3350.00 54000.00 1.0471
95200 300.03 -79.99 -20883.53 3350.00 54000.00 1.0471
95300 300.03 -79.99 -20883.53 3350.00 54000.00 1.0471
95400 300.03 -79.99 -20883.53 3350.00 54000.00 1.0471
95500 300.03 -79.99 -20883.53 3350.00 54000.00 1.0471
95600 300.03 -79.99 -20883.53 3350.00 54000.00 1.0471
95700 300.03 -79.99 -20883.53 3350.00 54000.00 1.0471
95800 300.03 -79.99 -20883.53 3350.00 54000.00 1.0471
95900 300.03 -79.99 -20883.53 3350.00 54000.00 1.0471
96000 300.03 -79.99 -20883.53 3350.00 54000.00 1.0471
96100 300.03 -79.99 -20883.53 3350.00 54000.00 1.0471
96200 300.03 -79.99 -20883.53 3350.00 54000.00 1.0471
96300 300.03 -79.99 -20883.53 3350.00 54000.00 1.0471
96400 300.03 -79.99 -20883.53 3350.00 54000.00 1.0471
96500 300.03 -79.99 -20883.53 3350.00 54000.00 1.0471
96600 300.03 -79.99 -20883.53 3350.00 54000.00 1.0471
96700 300.03 -79.99 -20883.53 3350.00 54000.00 1.0471
96800 300.03 -79.99 -20883.53 3350.00 54000.00 1.0471
96900 300.03 -79.99 -20883.53 3350.00 54000.00 1.0471
97000 300.03 -79.99 -20883.53 3350.00 54000.00 1.0471
97100 300.03 -79.99 -20883.53 3350.00 54000.00 1.0471
97200 300.03 -79.99 -20883.53 3350.00 54000.00 1.0471
97300 300.03 -79.99 -20883.53 3350.00 54000.00 1.0471
97400 300.03 -79.99 -20883.53 3350.00 54000.00 1.0471
97500 300.03 -79.99 -20883.53 3350.00 54000.00 1.0471
97600 300.03 -79.99 -20883.53 3350.00 54000.00 1.0471
97700 300.03 -79.99 -20883.53 3350.00 54000.00 1.0471
97800 300.03 -79.99 -20883.53 3350.00 54000.00 1.0471
97900 300.03 -79.99 -20883.53 3350.00 54000.00 1.0471
98000 300.03 -79.99 -20883.53 3350.00 54000.00 1.0471
98100 300.03 -79.99 -20883.53 3350.00 54000.00 1.0471
98200 300.03 -79.99 -20883.53 3350.00 54000.00 1.0471
98300 300.03 -79.99 -20883.53 3350.00 54000.00 1.0471
98400 300.03 -79.99 -20883.53 3350.00 54000.00 1.0471
98500 300.03 -79.99 -20883.53 3350.00 54000.00 1.0471
98600 300.03 -79.99 -20883.53 3350.00 54000.00 1.0471
98700 300.03 -79.99 -20883.53 3350.00 54000.00 1.0471
98800 300.03 -79.99 -20883.53 3350.00 54000.00 1.0471
98900 300.03 -79.99 -20883.53 3350.00 54000.00 1.0471
99000 300.03 -79.99 -20883.53 3350.00 54000.00 1.0471
99100 300.03 -79.99 -20883.53 3350.00 54000.00 1.0471
99200 300.03 -79.99 -20883.53 3350.00 54000.00 1.0471
99300 300.03 -79.99 -20883.53 3350.00 54000.00 1.0471
99400 300.03 -79.99 -20883.53 3350.00 54000.00 1.0471
99500 300.03 -79.99 -20883.53 3350.00 54000.00 1.0471
99600 300.03 -79.99 -20883.53 3350.00 54000.00 1.0471
99700 300.03 -79.99 -20883.53 3350.00 54000.00 1.0471
99800 300.03 -79.99 -20883.53 3350.00 54000.00 1.0471
99900 300.03 -79.99 -20883.53 3350.00 54000.00 1.0471
