# TimeStep Temp Press PotEng KinEng Volume Density
0 296.91 -53.11 -21141.55 3350.00 54000.00 1.0458
100 298.15 -160.83 -21060.85 3350.00 54000.00 1.0472
200 298.74 -166.90 -21039.46 3350.00 54000.00 1.0473
300 299.14 -162.04 -21015.58 3350.00 54000.00 1.0476
400 299.41 -152.80 -20993.12 3350.00 54000.00 1.0477
500 299.59 -142.88 -20974.04 3350.00 54000.00 1.0478
600 299.71 -133.79 -20958.64 3350.00 54000.00 1.0478
700 299.79 -126.07 -20946.58 3350.00 54000.00 1.0477
800 299.85 -119.77 -20937.30 3350.00 54000.00 1.0477
900 299.88 -114.75 -20930.26 3350.00 54000.00 1.0476
1000 299.91 -110.82 -20924.97 3350.00 54000.00 1.0476
1100 299.93 -107.77 -20921.02 3350.00 54000.00 1.0476
1200 299.94 -105.43 -20918.09 3350.00 54000.00 1.0475
1300 299.95 -103.62 -20915.92 3350.00 54000.00 1.0475
1400 299.96 -102.24 -20914.31 3350.00 54000.00 1.0475
1500 299.96 -101.18 -20913.13 3350.00 54000.00 1.0475
1600 299.96 -100.37 -20912.25 3350.00 54000.00 1.0475
1700 299.97 -99.73 -20911.60 3350.00 54000.00 1.0475
1800 299.97 -99.24 -20911.12 3350.00 54000.00 1.0475
1900 299.97 -98.87 -20910.76 3350.00 54000.00 1.0475
2000 299.97 -98.57 -20910.50 3350.00 54000.00 1.0475
2100 299.98 -98.34 -20910.31 3350.00 54000.00 1.0475
2200 299.98 -98.16 -20910.15 3350.00 54000.00 1.0475
2300 299.98 -98.02 -20910.05 3350.00 54000.00 1.0475
2400 299.98 -97.90 -20909.97 3350.00 54000.00 1.0475
2500 299.98 -97.80 -20909.92 3350.00 54000.00 1.0475
2600 299.98 -97.73 -20909.88 3350.00 54000.00 1.0475
2700 299.98 -97.67 -20909.86 3350.00 54000.00 1.0475
2800 299.98 -97.62 -20909.84 3350.00 54000.00 1.0475
2900 299.98 -97.57 -20909.84 3350.00 54000.00 1.0475
3000 299.98 -97.53 -20909.83 3350.00 54000.00 1.0475
3100 299.98 -97.51 -20909.84 3350.00 54000.00 1.0475
3200 299.98 -97.48 -20909.85 3350.00 54000.00 1.0475
3300 299.98 -97.46 -20909.85 3350.00 54000.00 1.0475
3400 299.98 -97.44 -20909.87 3350.00 54000.00 1.0475
3500 299.98 -97.42 -20909.88 3350.00 54000.00 1.0475
3600 299.98 -97.41 -20909.89 3350.00 54000.00 1.0475
3700 299.98 -97.39 -20909.91 3350.00 54000.00 1.0475
3800 299.98 -97.38 -20909.93 3350.00 54000.00 1.0475
3900 299.98 -97.37 -20909.94 3350.00 54000.00 1.0475
4000 299.98 -97.36 -20909.96 3350.00 54000.00 1.0475
4100 299.98 -97.35 -20909.98 3350.00 54000.00 1.0475
4200 299.98 -97.34 -20910.00 3350.00 54000.00 1.0475
4300 299.98 -97.34 -20910.01 3350.00 54000.00 1.0475
4400 299.98 -97.33 -20910.03 3350.00 54000.00 1.0475
4500 299.98 -97.32 -20910.04 3350.00 54000.00 1.0475
4600 299.98 -97.32 -20910.06 3350.00 54000.00 1.0475
4700 299.98 -97.31 -20910.07 3350.00 54000.00 1.0475
4800 299.98 -97.31 -20910.09 3350.00 54000.00 1.0475
4900 299.98 -97.30 -20910.10 3350.00 54000.00 1.0475
5000 299.98 -97.30 -20910.12 3350.00 54000.00 1.0475
5100 299.98 -97.29 -20910.12 3350.00 54000.00 1.0475
5200 299.99 -97.28 -20910.14 3350.00 54000.00 1.0475
5300 299.99 -97.28 -20910.15 3350.00 54000.00 1.0475
5400 299.99 -97.28 -20910.17 3350.00 54000.00 1.0475
5500 299.99 -97.27 -20910.18 3350.00 54000.00 1.0475
5600 299.99 -97.27 -20910.19 3350.00 54000.00 1.0475
5700 299.99 -97.26 -20910.20 3350.00 54000.00 1.0475
5800 299.99 -97.26 -20910.21 3350.00 54000.00 1.0475
5900 299.99 -97.26 -20910.22 3350.00 54000.00 1.0475
6000 299.99 -97.26 -20910.23 3350.00 54000.00 1.0475
6100 299.99 -97.25 -20910.24 3350.00 54000.00 1.0475
6200 299.99 -97.25 -20910.25 3350.00 54000.00 1.0475
6300 299.99 -97.24 -20910.26 3350.00 54000.00 1.0475
6400 299.99 -97.24 -20910.27 3350.00 54000.00 1.0475
6500 299.99 -97.24 -20910.28 3350.00 54000.00 1.0475
6600 299.99 -97.24 -20910.29 3350.00 54000.00 1.0475
6700 299.99 -97.24 -20910.29 3350.00 54000.00 1.0475
6800 299.99 -97.23 -20910.30 3350.00 54000.00 1.0475
6900 299.99 -97.23 -20910.31 3350.00 54000.00 1.0475
7000 299.99 -97.23 -20910.31 3350.00 54000.00 1.0475
7100 299.99 -97.22 -20910.32 3350.00 54000.00 1.0475
7200 299.99 -97.22 -20910.33 3350.00 54000.00 1.0475
7300 299.99 -97.22 -20910.34 3350.00 54000.00 1.0475
7400 299.99 -97.22 -20910.35 3350.00 54000.00 1.0475
7500 299.99 -97.22 -20910.36 3350.00 54000.00 1.0475
7600 299.99 -97.22 -20910.36 3350.00 54000.00 1.0475
7700 299.99 -97.21 -20910.37 3350.00 54000.00 1.0475
7800 299.99 -97.21 -20910.37 3350.00 54000.00 1.0475
7900 299.99 -97.21 -20910.38 3350.00 54000.00 1.0475
8000 299.99 -97.21 -20910.38 3350.00 54000.00 1.0475
8100 299.99 -97.21 -20910.38 3350.00 54000.00 1.0475
8200 299.99 -97.20 -20910.38 3350.00 54000.00 1.0475
8300 299.99 -97.20 -20910.38 3350.00 54000.00 1.0475
8400 299.99 -97.20 -20910.39 3350.00 54000.00 1.0475
8500 299.99 -97.20 -20910.40 3350.00 54000.00 1.0475
8600 299.99 -97.20 -20910.41 3350.00 54000.00 1.0475
8700 299.99 -97.19 -20910.42 3350.00 54000.00 1.0475
8800 299.99 -97.19 -20910.43 3350.00 54000.00 1.0475
8900 299.99 -97.19 -20910.43 3350.00 54000.00 1.0475
9000 299.99 -97.19 -20910.44 3350.00 54000.00 1.0475
9100 299.99 -97.19 -20910.45 3350.00 54000.00 1.0475
9200 299.99 -97.19 -20910.45 3350.00 54000.00 1.0475
9300 299.99 -97.19 -20910.46 3350.00 54000.00 1.0475
9400 299.99 -97.19 -20910.46 3350.00 54000.00 1.0475
9500 299.99 -97.19 -20910.46 3350.00 54000.00 1.0475
9600 299.99 -97.19 -20910.46 3350.00 54000.00 1.0475
9700 299.99 -97.19 -20910.46 3350.00 54000.00 1.0475
9800 299.99 -97.18 -20910.46 3350.00 54000.00 1.0475
9900 299.99 -97.18 -20910.46 3350.00 54000.00 1.0475
10000 299.99 -97.18 -20910.46 3350.00 54000.00 1.0475
10100 299.99 -97.18 -20910.47 3350.00 54000.00 1.0475
10200 299.99 -97.18 -20910.47 3350.00 54000.00 1.0475
10300 299.99 -97.18 -20910.48 3350.00 54000.00 1.0475
10400 299.99 -97.18 -20910.48 3350.00 54000.00 1.0475
10500 299.99 -97.18 -20910.48 3350.00 54000.00 1.0475
10600 299.99 -97.18 -20910.49 3350.00 54000.00 1.0475
10700 299.99 -97.18 -20910.49 3350.00 54000.00 1.0475
10800 299.99 -97.17 -20910.49 3350.00 54000.00 1.0475
10900 299.99 -97.17 -20910.48 3350.00 54000.00 1.0475
11000 299.99 -97.17 -20910.48 3350.00 54000.00 1.0475
11100 299.99 -97.17 -20910.48 3350.00 54000.00 1.0475
11200 299.99 -97.16 -20910.48 3350.00 54000.00 1.0475
11300 299.99 -97.16 -20910.49 3350.00 54000.00 1.0475
11400 299.99 -97.16 -20910.49 3350.00 54000.00 1.0475
11500 299.99 -97.16 -20910.50 3350.00 54000.00 1.0475
11600 299.99 -97.16 -20910.50 3350.00 54000.00 1.0475
11700 299.99 -97.17 -20910.50 3350.00 54000.00 1.0475
11800 299.99 -97.17 -20910.50 3350.00 54000.00 1.0475
11900 299.99 -97.16 -20910.51 3350.00 54000.00 1.0475
12000 299.99 -97.16 -20910.51 3350.00 54000.00 1.0475
12100 299.99 -97.16 -20910.51 3350.00 54000.00 1.0475
12200 299.99 -97.16 -20910.51 3350.00 54000.00 1.0475
12300 299.99 -97.16 -20910.51 3350.00 54000.00 1.0475
12400 299.99 -97.15 -20910.51 3350.00 54000.00 1.0475
12500 299.99 -97.16 -20910.52 3350.00 54000.00 1.0475
12600 299.99 -97.16 -20910.52 3350.00 54000.00 1.0475
12700 299.99 -97.15 -20910.52 3350.00 54000.00 1.0475
12800 299.99 -97.15 -20910.53 3350.00 54000.00 1.0475
12900 299.99 -97.15 -20910.53 3350.00 54000.00 1.0475
13000 299.99 -97.15 -20910.53 3350.00 54000.00 1.0475
13100 299.99 -97.15 -20910.53 3350.00 54000.00 1.0475
13200 299.99 -97.15 -20910.53 3350.00 54000.00 1.0475
13300 299.99 -97.15 -20910.53 3350.00 54000.00 1.0475
13400 299.99 -97.15 -20910.54 3350.00 54000.00 1.0475
13500 299.99 -97.15 -20910.54 3350.00 54000.00 1.0475
13600 299.99 -97.16 -20910.54 3350.00 54000.00 1.0475
13700 299.99 -97.16 -20910.54 3350.00 54000.00 1.0475
13800 299.99 -97.15 -20910.54 3350.00 54000.00 1.0475
13900 299.99 -97.15 -20910.54 3350.00 54000.00 1.0475
14000 299.99 -97.15 -20910.54 3350.00 54000.00 1.0475
14100 299.99 -97.15 -20910.54 3350.00 54000.00 1.0475
14200 299.99 -97.15 -20910.54 3350.00 54000.00 1.0475
14300 299.99 -97.15 -20910.54 3350.00 54000.00 1.0475
14400 299.99 -97.15 -20910.54 3350.00 54000.00 1.0475
14500 299.99 -97.15 -20910.54 3350.00 54000.00 1.0475
14600 299.99 -97.15 -20910.54 3350.00 54000.00 1.0475
14700 299.99 -97.15 -20910.54 3350.00 54000.00 1.0475
14800 299.99 -97.15 -20910.54 3350.00 54000.00 1.0475
14900 299.99 -97.15 -20910.54 3350.00 54000.00 1.0475
15000 299.99 -97.15 -20910.54 3350.00 54000.00 1.0475
15100 299.99 -97.15 -20910.54 3350.00 54000.00 1.0475
15200 299.99 -97.15 -20910.54 3350.00 54000.00 1.0475
15300 299.99 -97.15 -20910.54 3350.00 54000.00 1.0475
15400 299.99 -97.15 -20910.54 3350.00 54000.00 1.0475
15500 299.99 -97.15 -20910.55 3350.00 54000.00 1.0475
15600 299.99 -97.15 -20910.55 3350.00 54000.00 1.0475
15700 299.99 -97.15 -20910.55 3350.00 54000.00 1.0475
15800 299.99 -97.15 -20910.55 3350.00 54000.00 1.0475
15900 299.99 -97.15 -20910.55 3350.00 54000.00 1.0475
16000 299.99 -97.15 -20910.55 3350.00 54000.00 1.0475
16100 299.99 -97.15 -20910.55 3350.00 54000.00 1.0475
16200 299.99 -97.15 -20910.55 3350.00 54000.00 1.0475
16300 299.99 -97.15 -20910.55 3350.00 54000.00 1.0475
16400 299.99 -97.15 -20910.55 3350.00 54000.00 1.0475
16500 299.99 -97.15 -20910.55 3350.00 54000.00 1.0475
16600 299.99 -97.15 -20910.56 3350.00 54000.00 1.0475
16700 299.99 -97.15 -20910.56 3350.00 54000.00 1.0475
16800 299.99 -97.15 -20910.56 3350.00 54000.00 1.0475
16900 299.99 -97.15 -20910.56 3350.00 54000.00 1.0475
17000 299.99 -97.15 -20910.56 3350.00 54000.00 1.0475
17100 299.99 -97.15 -20910.56 3350.00 54000.00 1.0475
17200 299.99 -97.15 -20910.56 3350.00 54000.00 1.0475
17300 299.99 -97.15 -20910.56 3350.00 54000.00 1.0475
17400 299.99 -97.15 -20910.56 3350.00 54000.00 1.0475
17500 299.99 -97.15 -20910.56 3350.00 54000.00 1.0475
17600 299.99 -97.15 -20910.57 3350.00 54000.00 1.0475
17700 299.99 -97.15 -20910.56 3350.00 54000.00 1.0475
17800 299.99 -97.15 -20910.56 3350.00 54000.00 1.0475
17900 299.99 -97.15 -20910.56 3350.00 54000.00 1.0475
18000 299.99 -97.15 -20910.57 3350.00 54000.00 1.0475
18100 299.99 -97.15 -20910.57 3350.00 54000.00 1.0475
18200 299.99 -97.15 -20910.57 3350.00 54000.00 1.0475
18300 299.99 -97.15 -20910.57 3350.00 54000.00 1.0475
18400 299.99 -97.15 -20910.58 3350.00 54000.00 1.0475
18500 299.99 -97.14 -20910.58 3350.00 54000.00 1.0475
18600 299.99 -97.14 -20910.58 3350.00 54000.00 1.0475
18700 299.99 -97.14 -20910.58 3350.00 54000.00 1.0475
18800 299.99 -97.14 -20910.58 3350.00 54000.00 1.0475
18900 299.99 -97.14 -20910.58 3350.00 54000.00 1.0475
19000 299.99 -97.14 -20910.58 3350.00 54000.00 1.0475
19100 299.99 -97.15 -20910.58 3350.00 54000.00 1.0475
19200 299.99 -97.15 -20910.58 3350.00 54000.00 1.0475
19300 299.99 -97.14 -20910.58 3350.00 54000.00 1.0475
19400 299.99 -97.14 -20910.58 3350.00 54000.00 1.0475
19500 299.99 -97.14 -20910.58 3350.00 54000.00 1.0475
19600 299.99 -97.14 -20910.58 3350.00 54000.00 1.0475
19700 299.99 -97.14 -20910.58 3350.00 54000.00 1.0475
19800 299.99 -97.14 -20910.57 3350.00 54000.00 1.0475
19900 299.99 -97.14 -20910.57 3350.00 54000.00 1.0475
20000 299.99 -97.14 -20910.57 3350.00 54000.00 1.0475
20100 299.99 -97.14 -20910.57 3350.00 54000.00 1.0475
20200 299.99 -97.14 -20910.57 3350.00 54000.00 1.0475
20300 299.99 -97.14 -20910.57 3350.00 54000.00 1.0475
20400 299.99 -97.14 -20910.57 3350.00 54000.00 1.0475
20500 299.99 -97.14 -20910.58 3350.00 54000.00 1.0475
20600 299.99 -97.14 -20910.58 3350.00 54000.00 1.0475
20700 299.99 -97.14 -20910.58 3350.00 54000.00 1.0475
20800 299.99 -97.14 -20910.58 3350.00 54000.00 1.0475
20900 299.99 -97.14 -20910.58 3350.00 54000.00 1.0475
21000 299.99 -97.14 -20910.57 3350.00 54000.00 1.0475
21100 299.99 -97.14 -20910.57 3350.00 54000.00 1.0475
21200 299.99 -97.14 -20910.57 3350.00 54000.00 1.0475
21300 299.99 -97.14 -20910.57 3350.00 54000.00 1.0475
21400 299.99 -97.14 -20910.57 3350.00 54000.00 1.0475
21500 299.99 -97.14 -20910.58 3350.00 54000.00 1.0475
21600 299.99 -97.14 -20910.58 3350.00 54000.00 1.0475
21700 299.99 -97.14 -20910.58 3350.00 54000.00 1.0475
21800 299.99 -97.14 -20910.58 3350.00 54000.00 1.0475
21900 299.99 -97.14 -20910.58 3350.00 54000.00 1.0475
22000 299.99 -97.14 -20910.58 3350.00 54000.00 1.0475
22100 299.99 -97.14 -20910.58 3350.00 54000.00 1.0475
22200 299.99 -97.14 -20910.58 3350.00 54000.00 1.0475
22300 299.99 -97.14 -20910.58 3350.00 54000.00 1.0475
22400 299.99 -97.14 -20910.58 3350.00 54000.00 1.0475
22500 299.99 -97.14 -20910.57 3350.00 54000.00 1.0475
22600 299.99 -97.14 -20910.57 3350.00 54000.00 1.0475
22700 299.99 -97.14 -20910.58 3350.00 54000.00 1.0475
22800 299.99 -97.14 -20910.58 3350.00 54000.00 1.0475
22900 299.99 -97.14 -20910.58 3350.00 54000.00 1.0475
23000 299.99 -97.14 -20910.58 3350.00 54000.00 1.0475
23100 299.99 -97.14 -20910.58 3350.00 54000.00 1.0475
23200 299.99 -97.14 -20910.58 3350.00 54000.00 1.0475
23300 299.99 -97.14 -20910.58 3350.00 54000.00 1.0475
23400 299.99 -97.14 -20910.58 3350.00 54000.00 1.0475
23500 299.99 -97.14 -20910.58 3350.00 54000.00 1.0475
23600 299.99 -97.14 -20910.58 3350.00 54000.00 1.0475
23700 299.99 -97.14 -20910.58 3350.00 54000.00 1.0475
23800 299.99 -97.13 -20910.58 3350.00 54000.00 1.0475
23900 299.99 -97.13 -20910.58 3350.00 54000.00 1.0475
24000 299.99 -97.13 -20910.58 3350.00 54000.00 1.0475
24100 299.99 -97.13 -20910.58 3350.00 54000.00 1.0475
24200 299.99 -97.13 -20910.58 3350.00 54000.00 1.0475
24300 299.99 -97.13 -20910.58 3350.00 54000.00 1.0475
24400 299.99 -97.13 -20910.58 3350.00 54000.00 1.0475
24500 299.99 -97.13 -20910.58 3350.00 54000.00 1.0475
24600 299.99 -97.13 -20910.58 3350.00 54000.00 1.0475
24700 299.99 -97.13 -20910.58 3350.00 54000.00 1.0475
24800 299.99 -97.13 -20910.58 3350.00 54000.00 1.0475
24900 299.99 -97.13 -20910.58 3350.00 54000.00 1.0475
25000 299.99 -97.13 -20910.58 3350.00 54000.00 1.0475
25100 299.99 -97.13 -20910.58 3350.00 54000.00 1.0475
25200 299.99 -97.13 -20910.59 3350.00 54000.00 1.0475
25300 299.99 -97.14 -20910.59 3350.00 54000.00 1.0475
25400 299.99 -97.14 -20910.59 3350.00 54000.00 1.0475
25500 299.99 -97.14 -20910.59 3350.00 54000.00 1.0475
25600 299.99 -97.14 -20910.59 3350.00 54000.00 1.0475
25700 299.99 -97.14 -20910.60 3350.00 54000.00 1.0475
25800 299.99 -97.14 -20910.60 3350.00 54000.00 1.0475
25900 299.99 -97.14 -20910.60 3350.00 54000.00 1.0475
26000 299.99 -97.14 -20910.60 3350.00 54000.00 1.0475
26100 299.99 -97.14 -20910.60 3350.00 54000.00 1.0475
26200 299.99 -97.14 -20910.60 3350.00 54000.00 1.0475
26300 299.99 -97.14 -20910.60 3350.00 54000.00 1.0475
26400 299.99 -97.14 -20910.60 3350.00 54000.00 1.0475
26500 299.99 -97.14 -20910.60 3350.00 54000.00 1.0475
26600 299.99 -97.14 -20910.60 3350.00 54000.00 1.0475
26700 299.99 -97.14 -20910.60 3350.00 54000.00 1.0475
26800 299.99 -97.14 -20910.61 3350.00 54000.00 1.0475
26900 299.99 -97.14 -20910.61 3350.00 54000.00 1.0475
27000 299.99 -97.14 -20910.60 3350.00 54000.00 1.0475
27100 299.99 -97.14 -20910.60 3350.00 54000.00 1.0475
27200 299.99 -97.14 -20910.60 3350.00 54000.00 1.0475
27300 299.99 -97.14 -20910.60 3350.00 54000.00 1.0475
27400 299.99 -97.14 -20910.60 3350.00 54000.00 1.0475
27500 299.99 -97.14 -20910.60 3350.00 54000.00 1.0475
27600 299.99 -97.14 -20910.60 3350.00 54000.00 1.0475
27700 299.99 -97.14 -20910.60 3350.00 54000.00 1.0475
27800 299.99 -97.14 -20910.60 3350.00 54000.00 1.0475
27900 299.99 -97.14 -20910.60 3350.00 54000.00 1.0475
28000 299.99 -97.14 -20910.60 3350.00 54000.00 1.0475
28100 299.99 -97.14 -20910.60 3350.00 54000.00 1.0475
28200 299.99 -97.14 -20910.60 3350.00 54000.00 1.0475
28300 299.99 -97.14 -20910.60 3350.00 54000.00 1.0475
28400 299.99 -97.14 -20910.60 3350.00 54000.00 1.0475
28500 299.99 -97.14 -20910.60 3350.00 54000.00 1.0475
28600 299.99 -97.14 -20910.60 3350.00 54000.00 1.0475
28700 299.99 -97.14 -20910.60 3350.00 54000.00 1.0475
28800 299.99 -97.14 -20910.60 3350.00 54000.00 1.0475
28900 299.99 -97.14 -20910.60 3350.00 54000.00 1.0475
29000 299.99 -97.14 -20910.60 3350.00 54000.00 1.0475
29100 299.99 -97.14 -20910.60 3350.00 54000.00 1.0475
29200 299.99 -97.14 -20910.60 3350.00 54000.00 1.0475
29300 299.99 -97.14 -20910.60 3350.00 54000.00 1.0475
29400 299.99 -97.14 -20910.60 3350.00 54000.00 1.0475
29500 299.99 -97.14 -20910.60 3350.00 54000.00 1.0475
29600 299.99 -97.14 -20910.60 3350.00 54000.00 1.0475
29700 299.99 -97.14 -20910.60 3350.00 54000.00 1.0475
29800 299.99 -97.14 -20910.60 3350.00 54000.00 1.0475
29900 299.99 -97.14 -20910.60 3350.00 54000.00 1.0475
30000 299.99 -97.14 -20910.60 3350.00 54000.00 1.0475
30100 299.99 -97.14 -20910.60 3350.00 54000.00 1.0475
30200 299.99 -97.14 -20910.60 3350.00 54000.00 1.0475
30300 299.99 -97.14 -20910.60 3350.00 54000.00 1.0475
30400 299.99 -97.14 -20910.60 3350.00 54000.00 1.0475
30500 299.99 -97.14 -20910.60 3350.00 54000.00 1.0475
30600 299.99 -97.14 -20910.60 3350.00 54000.00 1.0475
30700 299.99 -97.14 -20910.60 3350.00 54000.00 1.0475
30800 299.99 -97.14 -20910.60 3350.00 54000.00 1.0475
30900 299.99 -97.13 -20910.60 3350.00 54000.00 1.0475
31000 299.99 -97.13 -20910.60 3350.00 54000.00 1.0475
31100 299.99 -97.13 -20910.60 3350.00 54000.00 1.0475
31200 299.99 -97.13 -20910.60 3350.00 54000.00 1.0475
31300 299.99 -97.13 -20910.60 3350.00 54000.00 1.0475
31400 299.99 -97.13 -20910.59 3350.00 54000.00 1.0475
31500 299.99 -97.13 -20910.59 3350.00 54000.00 1.0475
31600 299.99 -97.13 -20910.59 3350.00 54000.00 1.0475
31700 299.99 -97.13 -20910.59 3350.00 54000.00 1.0475
31800 299.99 -97.13 -20910.59 3350.00 54000.00 1.0475
31900 299.99 -97.13 -20910.59 3350.00 54000.00 1.0475
32000 299.99 -97.13 -20910.59 3350.00 54000.00 1.0475
32100 299.99 -97.13 -20910.59 3350.00 54000.00 1.0475
32200 299.99 -97.13 -20910.59 3350.00 54000.00 1.0475
32300 299.99 -97.13 -20910.59 3350.00 54000.00 1.0475
32400 299.99 -97.13 -20910.59 3350.00 54000.00 1.0475
32500 299.99 -97.13 -20910.59 3350.00 54000.00 1.0475
32600 299.99 -97.13 -20910.59 3350.00 54000.00 1.0475
32700 299.99 -97.13 -20910.60 3350.00 54000.00 1.0475
32800 299.99 -97.13 -20910.60 3350.00 54000.00 1.0475
32900 299.99 -97.13 -20910.60 3350.00 54000.00 1.0475
33000 299.99 -97.13 -20910.60 3350.00 54000.00 1.0475
33100 299.99 -97.13 -20910.60 3350.00 54000.00 1.0475
33200 299.99 -97.13 -20910.60 3350.00 54000.00 1.0475
33300 299.99 -97.13 -20910.60 3350.00 54000.00 1.0475
33400 299.99 -97.13 -20910.60 3350.00 54000.00 1.0475
33500 299.99 -97.13 -20910.60 3350.00 54000.00 1.0475
33600 299.99 -97.13 -20910.60 3350.00 54000.00 1.0475
33700 299.99 -97.13 -20910.60 3350.00 54000.00 1.0475
33800 299.99 -97.13 -20910.60 3350.00 54000.00 1.0475
33900 299.99 -97.13 -20910.60 3350.00 54000.00 1.0475
34000 299.99 -97.13 -20910.60 3350.00 54000.00 1.0475
34100 299.99 -97.13 -20910.60 3350.00 54000.00 1.0475
34200 299.99 -97.13 -20910.60 3350.00 54000.00 1.0475
34300 299.99 -97.13 -20910.60 3350.00 54000.00 1.0475
34400 299.99 -97.13 -20910.60 3350.00 54000.00 1.0475
34500 299.99 -97.13 -20910.60 3350.00 54000.00 1.0475
34600 299.99 -97.13 -20910.60 3350.00 54000.00 1.0475
34700 299.99 -97.13 -20910.60 3350.00 54000.00 1.0475
34800 299.99 -97.13 -20910.60 3350.00 54000.00 1.0475
34900 299.99 -97.13 -20910.60 3350.00 54000.00 1.0475
35000 299.99 -97.13 -20910.60 3350.00 54000.00 1.0475
35100 299.99 -97.13 -20910.60 3350.00 54000.00 1.0475
35200 299.99 -97.13 -20910.60 3350.00 54000.00 1.0475
35300 299.99 -97.13 -20910.60 3350.00 54000.00 1.0475
35400 299.99 -97.13 -20910.60 3350.00 54000.00 1.0475
35500 299.99 -97.13 -20910.60 3350.00 54000.00 1.0475
35600 299.99 -97.13 -20910.60 3350.00 54000.00 1.0475
35700 299.99 -97.13 -20910.60 3350.00 54000.00 1.0475
35800 299.99 -97.13 -20910.60 3350.00 54000.00 1.0475
35900 299.99 -97.13 -20910.60 3350.00 54000.00 1.0475
36000 299.99 -97.13 -20910.60 3350.00 54000.00 1.0475
36100 299.99 -97.13 -20910.60 3350.00 54000.00 1.0475
36200 299.99 -97.13 -20910.60 3350.00 54000.00 1.0475
36300 299.99 -97.13 -20910.60 3350.00 54000.00 1.0475
36400 299.99 -97.13 -20910.60 3350.00 54000.00 1.0475
36500 299.99 -97.13 -20910.60 3350.00 54000.00 1.0475
36600 299.99 -97.13 -20910.60 3350.00 54000.00 1.0475
36700 299.99 -97.13 -20910.60 3350.00 54000.00 1.0475
36800 299.99 -97.13 -20910.60 3350.00 54000.00 1.0475
36900 299.99 -97.13 -20910.60 3350.00 54000.00 1.0475
37000 299.99 -97.13 -20910.60 3350.00 54000.00 1.0475
37100 299.99 -97.13 -20910.60 3350.00 54000.00 1.0475
37200 299.99 -97.13 -20910.60 3350.00 54000.00 1.0475
37300 299.99 -97.13 -20910.60 3350.00 54000.00 1.0475
37400 299.99 -97.13 -20910.60 3350.00 54000.00 1.0475
37500 299.99 -97.13 -20910.60 3350.00 54000.00 1.0475
37600 299.99 -97.13 -20910.60 3350.00 54000.00 1.0475
37700 299.99 -97.13 -20910.60 3350.00 54000.00 1.0475
37800 299.99 -97.13 -20910.60 3350.00 54000.00 1.0475
37900 299.99 -97.13 -20910.60 3350.00 54000.00 1.0475
38000 299.99 -97.13 -20910.60 3350.00 54000.00 1.0475
38100 299.99 -97.13 -20910.60 3350.00 54000.00 1.0475
38200 299.99 -97.13 -20910.60 3350.00 54000.00 1.0475
38300 299.99 -97.13 -20910.60 3350.00 54000.00 1.0475
38400 299.99 -97.13 -20910.60 3350.00 54000.00 1.0475
38500 299.99 -97.13 -20910.60 3350.00 54000.00 1.0475
38600 299.99 -97.13 -20910.60 3350.00 54000.00 1.0475
38700 299.99 -97.13 -20910.60 3350.00 54000.00 1.0475
38800 299.99 -97.13 -20910.60 3350.00 54000.00 1.0475
38900 299.99 -97.13 -20910.60 3350.00 54000.00 1.0475
39000 299.99 -97.13 -20910.60 3350.00 54000.00 1.0475
39100 299.99 -97.13 -20910.60 3350.00 54000.00 1.0475
39200 299.99 -97.13 -20910.60 3350.00 54000.00 1.0475
39300 299.99 -97.13 -20910.61 3350.00 54000.00 1.0475
39400 299.99 -97.13 -20910.61 3350.00 54000.00 1.0475
39500 299.99 -97.13 -20910.61 3350.00 54000.00 1.0475
39600 299.99 -97.13 -20910.61 3350.00 54000.00 1.0475
39700 299.99 -97.13 -20910.61 3350.00 54000.00 1.0475
39800 299.99 -97.13 -20910.61 3350.00 54000.00 1.0475
39900 299.99 -97.13 -20910.61 3350.00 54000.00 1.0475
40000 299.99 -97.13 -20910.61 3350.00 54000.00 1.0475
40100 299.99 -97.13 -20910.61 3350.00 54000.00 1.0475
40200 299.99 -97.13 -20910.61 3350.00 54000.00 1.0475
40300 299.99 -97.13 -20910.61 3350.00 54000.00 1.0475
40400 299.99 -97.13 -20910.61 3350.00 54000.00 1.0475
40500 299.99 -97.13 -20910.61 3350.00 54000.00 1.0475
40600 299.99 -97.13 -20910.61 3350.00 54000.00 1.0475
40700 299.99 -97.13 -20910.61 3350.00 54000.00 1.0475
40800 299.99 -97.13 -20910.61 3350.00 54000.00 1.0475
40900 299.99 -97.13 -20910.61 3350.00 54000.00 1.0475
41000 299.99 -97.13 -20910.61 3350.00 54000.00 1.0475
41100 299.99 -97.13 -20910.61 3350.00 54000.00 1.0475
41200 299.99 -97.13 -20910.61 3350.00 54000.00 1.0475
41300 299.99 -97.13 -20910.61 3350.00 54000.00 1.0475
41400 299.99 -97.13 -20910.61 3350.00 54000.00 1.0475
41500 299.99 -97.13 -20910.61 3350.00 54000.00 1.0475
41600 299.99 -97.13 -20910.61 3350.00 54000.00 1.0475
41700 299.99 -97.13 -20910.61 3350.00 54000.00 1.0475
41800 299.99 -97.13 -20910.61 3350.00 54000.00 1.0475
41900 299.99 -97.13 -20910.61 3350.00 54000.00 1.0475
42000 299.99 -97.13 -20910.61 3350.00 54000.00 1.0475
42100 299.99 -97.13 -20910.61 3350.00 54000.00 1.0475
42200 299.99 -97.13 -20910.61 3350.00 54000.00 1.0475
42300 299.99 -97.13 -20910.61 3350.00 54000.00 1.0475
42400 299.99 -97.13 -20910.61 3350.00 54000.00 1.0475
42500 299.99 -97.13 -20910.61 3350.00 54000.00 1.0475
42600 299.99 -97.13 -20910.61 3350.00 54000.00 1.0475
42700 299.99 -97.13 -20910.61 3350.00 54000.00 1.0475
42800 299.99 -97.13 -20910.61 3350.00 54000.00 1.0475
42900 299.99 -97.13 -20910.61 3350.00 54000.00 1.0475
43000 299.99 -97.13 -20910.61 3350.00 54000.00 1.0475
43100 299.99 -97.13 -20910.61 3350.00 54000.00 1.0475
43200 299.99 -97.13 -20910.61 3350.00 54000.00 1.0475
43300 299.99 -97.13 -20910.61 3350.00 54000.00 1.0475
43400 299.99 -97.13 -20910.61 3350.00 54000.00 1.0475
43500 299.99 -97.13 -20910.61 3350.00 54000.00 1.0475
43600 299.99 -97.13 -20910.61 3350.00 54000.00 1.0475
43700 299.99 -97.13 -20910.61 3350.00 54000.00 1.0475
43800 299.99 -97.13 -20910.61 3350.00 54000.00 1.0475
43900 299.99 -97.13 -20910.61 3350.00 54000.00 1.0475
44000 299.99 -97.13 -20910.61 3350.00 54000.00 1.0475
44100 299.99 -97.13 -20910.61 3350.00 54000.00 1.0475
44200 299.99 -97.13 -20910.61 3350.00 54000.00 1.0475
44300 299.99 -97.13 -20910.61 3350.00 54000.00 1.0475
44400 299.99 -97.13 -20910.61 3350.00 54000.00 1.0475
44500 299.99 -97.13 -20910.61 3350.00 54000.00 1.0475
44600 299.99 -97.13 -20910.61 3350.00 54000.00 1.0475
44700 299.99 -97.13 -20910.61 3350.00 54000.00 1.0475
44800 299.99 -97.13 -20910.61 3350.00 54000.00 1.0475
44900 299.99 -97.13 -20910.61 3350.00 54000.00 1.0475
45000 299.99 -97.13 -20910.61 3350.00 54000.00 1.0475
45100 299.99 -97.13 -20910.61 3350.00 54000.00 1.0475
45200 299.99 -97.13 -20910.61 3350.00 54000.00 1.0475
45300 299.99 -97.13 -20910.61 3350.00 54000.00 1.0475
45400 299.99 -97.13 -20910.61 3350.00 54000.00 1.0475
45500 299.99 -97.13 -20910.60 3350.00 54000.00 1.0475
45600 299.99 -97.13 -20910.60 3350.00 54000.00 1.0475
45700 299.99 -97.13 -20910.60 3350.00 54000.00 1.0475
45800 299.99 -97.13 -20910.60 3350.00 54000.00 1.0475
45900 299.99 -97.13 -20910.60 3350.00 54000.00 1.0475
46000 299.99 -97.13 -20910.60 3350.00 54000.00 1.0475
46100 299.99 -97.13 -20910.61 3350.00 54000.00 1.0475
46200 299.99 -97.13 -20910.61 3350.00 54000.00 1.0475
46300 299.99 -97.13 -20910.61 3350.00 54000.00 1.0475
46400 299.99 -97.13 -20910.61 3350.00 54000.00 1.0475
46500 299.99 -97.13 -20910.61 3350.00 54000.00 1.0475
46600 299.99 -97.13 -20910.61 3350.00 54000.00 1.0475
46700 299.99 -97.13 -20910.61 3350.00 54000.00 1.0475
46800 299.99 -97.13 -20910.60 3350.00 54000.00 1.0475
46900 299.99 -97.13 -20910.60 3350.00 54000.00 1.0475
47000 299.99 -97.13 -20910.60 3350.00 54000.00 1.0475
47100 299.99 -97.13 -20910.60 3350.00 54000.00 1.0475
47200 299.99 -97.13 -20910.60 3350.00 54000.00 1.0475
47300 299.99 -97.13 -20910.60 3350.00 54000.00 1.0475
47400 299.99 -97.13 -20910.60 3350.00 54000.00 1.0475
47500 299.99 -97.13 -20910.60 3350.00 54000.00 1.0475
47600 299.99 -97.13 -20910.60 3350.00 54000.00 1.0475
47700 299.99 -97.13 -20910.60 3350.00 54000.00 1.0475
47800 299.99 -97.13 -20910.60 3350.00 54000.00 1.0475
47900 299.99 -97.13 -20910.60 3350.00 54000.00 1.0475
48000 299.99 -97.13 -20910.60 3350.00 54000.00 1.0475
48100 299.99 -97.13 -20910.60 3350.00 54000.00 1.0475
48200 299.99 -97.13 -20910.60 3350.00 54000.00 1.0475
48300 299.99 -97.13 -20910.60 3350.00 54000.00 1.0475
48400 299.99 -97.13 -20910.60 3350.00 54000.00 1.0475
48500 299.99 -97.13 -20910.60 3350.00 54000.00 1.0475
48600 299.99 -97.13 -20910.60 3350.00 54000.00 1.0475
48700 299.99 -97.13 -20910.60 3350.00 54000.00 1.0475
48800 299.99 -97.13 -20910.60 3350.00 54000.00 1.0475
48900 299.99 -97.13 -20910.60 3350.00 54000.00 1.0475
49000 299.99 -97.13 -20910.60 3350.00 54000.00 1.0475
49100 299.99 -97.13 -20910.60 3350.00 54000.00 1.0475
49200 299.99 -97.13 -20910.60 3350.00 54000.00 1.0475
49300 299.99 -97.13 -20910.60 3350.00 54000.00 1.0475
49400 299.99 -97.13 -20910.60 3350.00 54000.00 1.0475
49500 299.99 -97.13 -20910.60 3350.00 54000.00 1.0475
49600 299.99 -97.13 -20910.60 3350.00 54000.00 1.0475
49700 299.99 -97.13 -20910.60 3350.00 54000.00 1.0475
49800 299.99 -97.13 -20910.60 3350.00 54000.00 1.0475
49900 299.99 -97.13 -20910.60 3350.00 54000.00 1.0475
50000 299.99 -97.13 -20910.60 3350.00 54000.00 1.0475
50100 299.99 -97.13 -20910.60 3350.00 54000.00 1.0475
50200 299.99 -97.13 -20910.60 3350.00 54000.00 1.0475
50300 299.99 -97.13 -20910.60 3350.00 54000.00 1.0475
50400 299.99 -97.13 -20910.60 3350.00 54000.00 1.0475
50500 299.99 -97.13 -20910.60 3350.00 54000.00 1.0475
50600 299.99 -97.13 -20910.60 3350.00 54000.00 1.0475
50700 299.99 -97.13 -20910.60 3350.00 54000.00 1.0475
50800 299.99 -97.13 -20910.60 3350.00 54000.00 1.0475
50900 299.99 -97.13 -20910.60 3350.00 54000.00 1.0475
51000 299.99 -97.13 -20910.60 3350.00 54000.00 1.0475
51100 299.99 -97.13 -20910.60 3350.00 54000.00 1.0475
51200 299.99 -97.13 -20910.60 3350.00 54000.00 1.0475
51300 299.99 -97.13 -20910.60 3350.00 54000.00 1.0475
51400 299.99 -97.13 -20910.60 3350.00 54000.00 1.0475
51500 299.99 -97.13 -20910.60 3350.00 54000.00 1.0475
51600 299.99 -97.13 -20910.60 3350.00 54000.00 1.0475
51700 299.99 -97.13 -20910.60 3350.00 54000.00 1.0475
51800 299.99 -97.13 -20910.60 3350.00 54000.00 1.0475
51900 299.99 -97.13 -20910.60 3350.00 54000.00 1.0475
52000 299.99 -97.13 -20910.60 3350.00 54000.00 1.0475
52100 299.99 -97.13 -20910.60 3350.00 54000.00 1.0475
52200 299.99 -97.13 -20910.60 3350.00 54000.00 1.0475
52300 299.99 -97.13 -20910.60 3350.00 54000.00 1.0475
52400 299.99 -97.13 -20910.60 3350.00 54000.00 1.0475
52500 299.99 -97.13 -20910.60 3350.00 54000.00 1.0475
52600 299.99 -97.13 -20910.60 3350.00 54000.00 1.0475
52700 299.99 -97.13 -20910.60 3350.00 54000.00 1.0475
52800 299.99 -97.13 -20910.60 3350.00 54000.00 1.0475
52900 299.99 -97.13 -20910.60 3350.00 54000.00 1.0475
53000 299.99 -97.13 -20910.60 3350.00 54000.00 1.0475
53100 299.99 -97.13 -20910.60 3350.00 54000.00 1.0475
53200 299.99 -97.13 -20910.60 3350.00 54000.00 1.0475
53300 299.99 -97.13 -20910.60 3350.00 54000.00 1.0475
53400 299.99 -97.13 -20910.60 3350.00 54000.00 1.0475
53500 299.99 -97.13 -20910.60 3350.00 54000.00 1.0475
53600 299.99 -97.13 -20910.60 3350.00 54000.00 1.0475
53700 299.99 -97.13 -20910.60 3350.00 54000.00 1.0475
53800 299.99 -97.13 -20910.60 3350.00 54000.00 1.0475
53900 299.99 -97.13 -20910.60 3350.00 54000.00 1.0475
54000 299.99 -97.13 -20910.60 3350.00 54000.00 1.0475
54100 299.99 -97.13 -20910.60 3350.00 54000.00 1.0475
54200 299.99 -97.13 -20910.60 3350.00 54000.00 1.0475
54300 299.99 -97.13 -20910.60 3350.00 54000.00 1.0475
54400 299.99 -97.13 -20910.60 3350.00 54000.00 1.0475
54500 299.99 -97.13 -20910.60 3350.00 54000.00 1.0475
54600 299.99 -97.13 -20910.60 3350.00 54000.00 1.0475
54700 299.99 -97.13 -20910.60 3350.00 54000.00 1.0475
54800 299.99 -97.13 -20910.60 3350.00 54000.00 1.0475
54900 299.99 -97.13 -20910.60 3350.00 54000.00 1.0475
55000 299.99 -97.13 -20910.60 3350.00 54000.00 1.0475
55100 299.99 -97.13 -20910.60 3350.00 54000.00 1.0475
55200 299.99 -97.13 -20910.60 3350.00 54000.00 1.0475
55300 299.99 -97.13 -20910.60 3350.00 54000.00 1.0475
55400 299.99 -97.13 -20910.60 3350.00 54000.00 1.0475
55500 299.99 -97.13 -20910.60 3350.00 54000.00 1.0475
55600 299.99 -97.13 -20910.60 3350.00 54000.00 1.0475
55700 299.99 -97.13 -20910.60 3350.00 54000.00 1.0475
55800 299.99 -97.13 -20910.60 3350.00 54000.00 1.0475
55900 299.99 -97.13 -20910.60 3350.00 54000.00 1.0475
56000 299.99 -97.13 -20910.60 3350.00 54000.00 1.0475
56100 299.99 -97.13 -20910.60 3350.00 54000.00 1.0475
56200 299.99 -97.13 -20910.60 3350.00 54000.00 1.0475
56300 299.99 -97.13 -20910.60 3350.00 54000.00 1.0475
56400 299.99 -97.13 -20910.60 3350.00 54000.00 1.0475
56500 299.99 -97.13 -20910.60 3350.00 54000.00 1.0475
56600 299.99 -97.13 -20910.60 3350.00 54000.00 1.0475
56700 299.99 -97.13 -20910.60 3350.00 54000.00 1.0475
56800 299.99 -97.13 -20910.60 3350.00 54000.00 1.0475
56900 299.99 -97.13 -20910.60 3350.00 54000.00 1.0475
57000 299.99 -97.13 -20910.60 3350.00 54000.00 1.0475
57100 299.99 -97.13 -20910.60 3350.00 54000.00 1.0475
57200 299.99 -97.13 -20910.60 3350.00 54000.00 1.0475
57300 299.99 -97.13 -20910.60 3350.00 54000.00 1.0475
57400 299.99 -97.13 -20910.60 3350.00 54000.00 1.0475
57500 299.99 -97.13 -20910.60 3350.00 54000.00 1.0475
57600 299.99 -97.13 -20910.60 3350.00 54000.00 1.0475
57700 299.99 -97.13 -20910.60 3350.00 54000.00 1.0475
57800 299.99 -97.13 -20910.60 3350.00 54000.00 1.0475
57900 299.99 -97.13 -20910.60 3350.00 54000.00 1.0475
58000 299.99 -97.13 -20910.60 3350.00 54000.00 1.0475
58100 299.99 -97.13 -20910.60 3350.00 54000.00 1.0475
58200 299.99 -97.13 -20910.60 3350.00 54000.00 1.0475
58300 299.99 -97.13 -20910.60 3350.00 54000.00 1.0475
58400 299.99 -97.13 -20910.60 3350.00 54000.00 1.0475
58500 299.99 -97.13 -20910.60 3350.00 54000.00 1.0475
58600 299.99 -97.13 -20910.60 3350.00 54000.00 1.0475
58700 299.99 -97.13 -20910.60 3350.00 54000.00 1.0475
58800 299.99 -97.13 -20910.60 3350.00 54000.00 1.0475
58900 299.99 -97.13 -20910.60 3350.00 54000.00 1.0475
59000 299.99 -97.13 -20910.60 3350.00 54000.00 1.0475
59100 299.99 -97.13 -20910.60 3350.00 54000.00 1.0475
59200 299.99 -97.13 -20910.60 3350.00 54000.00 1.0475
59300 299.99 -97.13 -20910.60 3350.00 54000.00 1.0475
59400 299.99 -97.13 -20910.60 3350.00 54000.00 1.0475
59500 299.99 -97.13 -20910.60 3350.00 54000.00 1.0475
59600 299.99 -97.13 -20910.60 3350.00 54000.00 1.0475
59700 299.99 -97.13 -20910.60 3350.00 54000.00 1.0475
59800 299.99 -97.13 -20910.60 3350.00 54000.00 1.0475
59900 299.99 -97.13 -20910.60 3350.00 54000.00 1.0475
60000 299.99 -97.13 -20910.60 3350.00 54000.00 1.0475
60100 299.99 -97.13 -20910.60 3350.00 54000.00 1.0475
60200 299.99 -97.13 -20910.60 3350.00 54000.00 1.0475
60300 299.99 -97.13 -20910.60 3350.00 54000.00 1.0475
60400 299.99 -97.13 -20910.60 3350.00 54000.00 1.0475
60500 299.99 -97.13 -20910.60 3350.00 54000.00 1.0475
60600 299.99 -97.13 -20910.60 3350.00 54000.00 1.0475
60700 299.99 -97.13 -20910.60 3350.00 54000.00 1.0475
60800 299.99 -97.13 -20910.60 3350.00 54000.00 1.0475
60900 299.99 -97.13 -20910.60 3350.00 54000.00 1.0475
61000 299.99 -97.13 -20910.60 3350.00 54000.00 1.0475
61100 299.99 -97.13 -20910.60 3350.00 54000.00 1.0475
61200 299.99 -97.13 -20910.60 3350.00 54000.00 1.0475
61300 299.99 -97.13 -20910.60 3350.00 54000.00 1.0475
61400 299.99 -97.13 -20910.60 3350.00 54000.00 1.0475
61500 299.99 -97.13 -20910.60 3350.00 54000.00 1.0475
61600 299.99 -97.13 -20910.60 3350.00 54000.00 1.0475
61700 299.99 -97.13 -20910.60 3350.00 54000.00 1.0475
61800 299.99 -97.13 -20910.60 3350.00 54000.00 1.0475
61900 299.99 -97.13 -20910.60 3350.00 54000.00 1.0475
62000 299.99 -97.13 -20910.60 3350.00 54000.00 1.0475
62100 299.99 -97.13 -20910.60 3350.00 54000.00 1.0475
62200 299.99 -97.13 -20910.60 3350.00 54000.00 1.0475
62300 299.99 -97.13 -20910.60 3350.00 54000.00 1.0475
62400 299.99 -97.13 -20910.60 3350.00 54000.00 1.0475
62500 299.99 -97.13 -20910.60 3350.00 54000.00 1.0475
62600 299.99 -97.13 -20910.60 3350.00 54000.00 1.0475
62700 299.99 -97.13 -20910.60 3350.00 54000.00 1.0475
62800 299.99 -97.13 -20910.60 3350.00 54000.00 1.0475
62900 299.99 -97.13 -20910.60 3350.00 54000.00 1.0475
63000 299.99 -97.13 -20910.60 3350.00 54000.00 1.0475
63100 299.99 -97.13 -20910.60 3350.00 54000.00 1.0475
63200 299.99 -97.13 -20910.60 3350.00 54000.00 1.0475
63300 299.99 -97.13 -20910.60 3350.00 54000.00 1.0475
63400 299.99 -97.13 -20910.60 3350.00 54000.00 1.0475
63500 299.99 -97.13 -20910.60 3350.00 54000.00 1.0475
63600 299.99 -97.13 -20910.60 3350.00 54000.00 1.0475
63700 299.99 -97.13 -20910.60 3350.00 54000.00 1.0475
63800 299.99 -97.13 -20910.60 3350.00 54000.00 1.0475
63900 299.99 -97.13 -20910.60 3350.00 54000.00 1.0475
64000 299.99 -97.13 -20910.60 3350.00 54000.00 1.0475
64100 299.99 -97.13 -20910.60 3350.00 54000.00 1.0475
64200 299.99 -97.13 -20910.60 3350.00 54000.00 1.0475
64300 299.99 -97.13 -20910.60 3350.00 54000.00 1.0475
64400 299.99 -97.13 -20910.60 3350.00 54000.00 1.0475
64500 299.99 -97.13 -20910.60 3350.00 54000.00 1.0475
64600 299.99 -97.13 -20910.60 3350.00 54000.00 1.0475
64700 299.99 -97.13 -20910.60 3350.00 54000.00 1.0475
64800 299.99 -97.13 -20910.60 3350.00 54000.00 1.0475
64900 299.99 -97.13 -20910.60 3350.00 54000.00 1.0475
65000 299.99 -97.13 -20910.60 3350.00 54000.00 1.0475
65100 299.99 -97.13 -20910.60 3350.00 54000.00 1.0475
65200 299.99 -97.13 -20910.60 3350.00 54000.00 1.0475
65300 299.99 -97.13 -20910.60 3350.00 54000.00 1.0475
65400 299.99 -97.13 -20910.60 3350.00 54000.00 1.0475
65500 299.99 -97.13 -20910.60 3350.00 54000.00 1.0475
65600 299.99 -97.13 -20910.60 3350.00 54000.00 1.0475
65700 299.99 -97.13 -20910.60 3350.00 54000.00 1.0475
65800 299.99 -97.13 -20910.60 3350.00 54000.00 1.0475
65900 299.99 -97.13 -20910.60 3350.00 54000.00 1.0475
66000 299.99 -97.13 -20910.60 3350.00 54000.00 1.0475
66100 299.99 -97.13 -20910.60 3350.00 54000.00 1.0475
66200 299.99 -97.13 -20910.60 3350.00 54000.00 1.0475
66300 299.99 -97.13 -20910.60 3350.00 54000.00 1.0475
66400 299.99 -97.13 -20910.60 3350.00 54000.00 1.0475
66500 299.99 -97.13 -20910.60 3350.00 54000.00 1.0475
66600 299.99 -97.13 -20910.60 3350.00 54000.00 1.0475
66700 299.99 -97.13 -20910.60 3350.00 54000.00 1.0475
66800 299.99 -97.13 -20910.60 3350.00 54000.00 1.0475
66900 299.99 -97.13 -20910.60 3350.00 54000.00 1.0475
67000 299.99 -97.13 -20910.60 3350.00 54000.00 1.0475
67100 299.99 -97.13 -20910.60 3350.00 54000.00 1.0475
67200 299.99 -97.13 -20910.60 3350.00 54000.00 1.0475
67300 299.99 -97.13 -20910.60 3350.00 54000.00 1.0475
67400 299.99 -97.13 -20910.60 3350.00 54000.00 1.0475
67500 299.99 -97.13 -20910.60 3350.00 54000.00 1.0475
67600 299.99 -97.13 -20910.60 3350.00 54000.00 1.0475
67700 299.99 -97.13 -20910.60 3350.00 54000.00 1.0475
67800 299.99 -97.13 -20910.60 3350.00 54000.00 1.0475
67900 299.99 -97.13 -20910.60 3350.00 54000.00 1.0475
68000 299.99 -97.13 -20910.60 3350.00 54000.00 1.0475
68100 299.99 -97.13 -20910.60 3350.00 54000.00 1.0475
68200 299.99 -97.13 -20910.60 3350.00 54000.00 1.0475
68300 299.99 -97.13 -20910.60 3350.00 54000.00 1.0475
68400 299.99 -97.13 -20910.60 3350.00 54000.00 1.0475
68500 299.99 -97.13 -20910.60 3350.00 54000.00 1.0475
68600 299.99 -97.13 -20910.60 3350.00 54000.00 1.0475
68700 299.99 -97.13 -20910.60 3350.00 54000.00 1.0475
68800 299.99 -97.13 -20910.60 3350.00 54000.00 1.0475
68900 299.99 -97.13 -20910.60 3350.00 54000.00 1.0475
69000 299.99 -97.13 -20910.60 3350.00 54000.00 1.0475
69100 299.99 -97.13 -20910.60 3350.00 54000.00 1.0475
69200 299.99 -97.13 -20910.60 3350.00 54000.00 1.0475
69300 299.99 -97.13 -20910.60 3350.00 54000.00 1.0475
69400 299.99 -97.13 -20910.60 3350.00 54000.00 1.0475
69500 299.99 -97.13 -20910.60 3350.00 54000.00 1.0475
69600 299.99 -97.13 -20910.60 3350.00 54000.00 1.0475
69700 299.99 -97.13 -20910.60 3350.00 54000.00 1.0475
69800 299.99 -97.13 -20910.60 3350.00 54000.00 1.0475
69900 299.99 -97.13 -20910.60 3350.00 54000.00 1.0475
70000 299.99 -97.13 -20910.60 3350.00 54000.00 1.0475
70100 299.99 -97.13 -20910.60 3350.00 54000.00 1.0475
70200 299.99 -97.13 -20910.60 3350.00 54000.00 1.0475
70300 299.99 -97.13 -20910.60 3350.00 54000.00 1.0475
70400 299.99 -97.13 -20910.60 3350.00 54000.00 1.0475
70500 299.99 -97.13 -20910.60 3350.00 54000.00 1.0475
70600 299.99 -97.13 -20910.60 3350.00 54000.00 1.0475
70700 299.99 -97.13 -20910.60 3350.00 54000.00 1.0475
70800 299.99 -97.13 -20910.60 3350.00 54000.00 1.0475
70900 299.99 -97.13 -20910.60 3350.00 54000.00 1.0475
71000 299.99 -97.13 -20910.60 3350.00 54000.00 1.0475
71100 299.99 -97.13 -20910.60 3350.00 54000.00 1.0475
71200 299.99 -97.13 -20910.60 3350.00 54000.00 1.0475
71300 299.99 -97.13 -20910.60 3350.00 54000.00 1.0475
71400 299.99 -97.13 -20910.60 3350.00 54000.00 1.0475
71500 299.99 -97.13 -20910.60 3350.00 54000.00 1.0475
71600 299.99 -97.13 -20910.60 3350.00 54000.00 1.0475
71700 299.99 -97.13 -20910.60 3350.00 54000.00 1.0475
71800 299.99 -97.13 -20910.60 3350.00 54000.00 1.0475
71900 299.99 -97.13 -20910.60 3350.00 54000.00 1.0475
72000 299.99 -97.13 -20910.60 3350.00 54000.00 1.0475
72100 299.99 -97.13 -20910.60 3350.00 54000.00 1.0475
72200 299.99 -97.13 -20910.60 3350.00 54000.00 1.0475
72300 299.99 -97.13 -20910.60 3350.00 54000.00 1.0475
72400 299.99 -97.13 -20910.60 3350.00 54000.00 1.0475
72500 299.99 -97.13 -20910.60 3350.00 54000.00 1.0475
72600 299.99 -97.13 -20910.60 3350.00 54000.00 1.0475
72700 299.99 -97.13 -20910.60 3350.00 54000.00 1.0475
72800 299.99 -97.13 -20910.60 3350.00 54000.00 1.0475
72900 299.99 -97.13 -20910.60 3350.00 54000.00 1.0475
73000 299.99 -97.13 -20910.60 3350.00 54000.00 1.0475
73100 299.99 -97.13 -20910.60 3350.00 54000.00 1.0475
73200 299.99 -97.13 -20910.60 3350.00 54000.00 1.0475
73300 299.99 -97.13 -20910.60 3350.00 54000.00 1.0475
73400 299.99 -97.13 -20910.60 3350.00 54000.00 1.0475
73500 299.99 -97.13 -20910.60 3350.00 54000.00 1.0475
73600 299.99 -97.13 -20910.60 3350.00 54000.00 1.0475
73700 299.99 -97.13 -20910.60 3350.00 54000.00 1.0475
73800 299.99 -97.13 -20910.60 3350.00 54000.00 1.0475
73900 299.99 -97.13 -20910.60 3350.00 54000.00 1.0475
74000 299.99 -97.13 -20910.60 3350.00 54000.00 1.0475
74100 299.99 -97.13 -20910.60 3350.00 54000.00 1.0475
74200 299.99 -97.13 -20910.60 3350.00 54000.00 1.0475
74300 299.99 -97.13 -20910.60 3350.00 54000.00 1.0475
74400 299.99 -97.13 -20910.60 3350.00 54000.00 1.0475
74500 299.99 -97.13 -20910.60 3350.00 54000.00 1.0475
74600 299.99 -97.13 -20910.60 3350.00 54000.00 1.0475
74700 299.99 -97.13 -20910.60 3350.00 54000.00 1.0475
74800 299.99 -97.13 -20910.60 3350.00 54000.00 1.0475
74900 299.99 -97.13 -20910.60 3350.00 54000.00 1.0475
75000 299.99 -97.13 -20910.60 3350.00 54000.00 1.0475
75100 299.99 -97.13 -20910.60 3350.00 54000.00 1.0475
75200 299.99 -97.13 -20910.60 3350.00 54000.00 1.0475
75300 299.99 -97.13 -20910.60 3350.00 54000.00 1.0475
75400 299.99 -97.13 -20910.60 3350.00 54000.00 1.0475
75500 299.99 -97.13 -20910.60 3350.00 54000.00 1.0475
75600 299.99 -97.13 -20910.60 3350.00 54000.00 1.0475
75700 299.99 -97.13 -20910.60 3350.00 54000.00 1.0475
75800 299.99 -97.13 -20910.60 3350.00 54000.00 1.0475
75900 299.99 -97.13 -20910.60 3350.00 54000.00 1.0475
76000 299.99 -97.13 -20910.60 3350.00 54000.00 1.0475
76100 299.99 -97.13 -20910.60 3350.00 54000.00 1.0475
76200 299.99 -97.13 -20910.60 3350.00 54000.00 1.0475
76300 299.99 -97.13 -20910.60 3350.00 54000.00 1.0475
76400 299.99 -97.13 -20910.60 3350.00 54000.00 1.0475
76500 299.99 -97.13 -20910.60 3350.00 54000.00 1.0475
76600 299.99 -97.13 -20910.60 3350.00 54000.00 1.0475
76700 299.99 -97.13 -20910.60 3350.00 54000.00 1.0475
76800 299.99 -97.13 -20910.60 3350.00 54000.00 1.0475
76900 299.99 -97.13 -20910.60 3350.00 54000.00 1.0475
77000 299.99 -97.13 -20910.60 3350.00 54000.00 1.0475
77100 299.99 -97.13 -20910.60 3350.00 54000.00 1.0475
77200 299.99 -97.13 -20910.60 3350.00 54000.00 1.0475
77300 299.99 -97.13 -20910.60 3350.00 54000.00 1.0475
77400 299.99 -97.13 -20910.60 3350.00 54000.00 1.0475
77500 299.99 -97.13 -20910.60 3350.00 54000.00 1.0475
77600 299.99 -97.13 -20910.60 3350.00 54000.00 1.0475
77700 299.99 -97.13 -20910.60 3350.00 54000.00 1.0475
77800 299.99 -97.13 -20910.60 3350.00 54000.00 1.0475
77900 299.99 -97.13 -20910.60 3350.00 54000.00 1.0475
78000 299.99 -97.13 -20910.60 3350.00 54000.00 1.0475
78100 299.99 -97.13 -20910.60 3350.00 54000.00 1.0475
78200 299.99 -97.13 -20910.60 3350.00 54000.00 1.0475
78300 299.99 -97.13 -20910.60 3350.00 54000.00 1.0475
78400 299.99 -97.13 -20910.60 3350.00 54000.00 1.0475
78500 299.99 -97.13 -20910.60 3350.00 54000.00 1.0475
78600 299.99 -97.13 -20910.60 3350.00 54000.00 1.0475
78700 299.99 -97.13 -20910.60 3350.00 54000.00 1.0475
78800 299.99 -97.13 -20910.60 3350.00 54000.00 1.0475
78900 299.99 -97.13 -20910.60 3350.00 54000.00 1.0475
79000 299.99 -97.13 -20910.60 3350.00 54000.00 1.0475
79100 299.99 -97.13 -20910.60 3350.00 54000.00 1.0475
79200 299.99 -97.13 -20910.60 3350.00 54000.00 1.0475
79300 299.99 -97.13 -20910.60 3350.00 54000.00 1.0475
79400 299.99 -97.13 -20910.60 3350.00 54000.00 1.0475
79500 299.99 -97.13 -20910.60 3350.00 54000.00 1.0475
79600 299.99 -97.13 -20910.60 3350.00 54000.00 1.0475
79700 299.99 -97.13 -20910.60 3350.00 54000.00 1.0475
79800 299.99 -97.13 -20910.60 3350.00 54000.00 1.0475
79900 299.99 -97.13 -20910.60 3350.00 54000.00 1.0475
80000 299.99 -97.13 -20910.60 3350.00 54000.00 1.0475
80100 299.99 -97.13 -20910.60 3350.00 54000.00 1.0475
80200 299.99 -97.13 -20910.60 3350.00 54000.00 1.0475
80300 299.99 -97.13 -20910.60 3350.00 54000.00 1.0475
80400 299.99 -97.13 -20910.60 3350.00 54000.00 1.0475
80500 299.99 -97.13 -20910.60 3350.00 54000.00 1.0475
80600 299.99 -97.13 -20910.60 3350.00 54000.00 1.0475
80700 299.99 -97.13 -20910.60 3350.00 54000.00 1.0475
80800 299.99 -97.13 -20910.60 3350.00 54000.00 1.0475
80900 299.99 -97.13 -20910.60 3350.00 54000.00 1.0475
81000 299.99 -97.13 -20910.60 3350.00 54000.00 1.0475
81100 299.99 -97.13 -20910.60 3350.00 54000.00 1.0475
81200 299.99 -97.13 -20910.60 3350.00 54000.00 1.0475
81300 299.99 -97.13 -20910.60 3350.00 54000.00 1.0475
81400 299.99 -97.13 -20910.60 3350.00 54000.00 1.0475
81500 299.99 -97.13 -20910.60 3350.00 54000.00 1.0475
81600 299.99 -97.13 -20910.60 3350.00 54000.00 1.0475
81700 299.99 -97.13 -20910.60 3350.00 54000.00 1.0475
81800 299.99 -97.13 -20910.60 3350.00 54000.00 1.0475
81900 299.99 -97.13 -20910.60 3350.00 54000.00 1.0475
82000 299.99 -97.13 -20910.60 3350.00 54000.00 1.0475
82100 299.99 -97.13 -20910.60 3350.00 54000.00 1.0475
82200 299.99 -97.13 -20910.60 3350.00 54000.00 1.0475
82300 299.99 -97.13 -20910.60 3350.00 54000.00 1.0475
82400 299.99 -97.13 -20910.60 3350.00 54000.00 1.0475
82500 299.99 -97.13 -20910.60 3350.00 54000.00 1.0475
82600 299.99 -97.13 -20910.60 3350.00 54000.00 1.0475
82700 299.99 -97.13 -20910.60 3350.00 54000.00 1.0475
82800 299.99 -97.13 -20910.60 3350.00 54000.00 1.0475
82900 299.99 -97.13 -20910.60 3350.00 54000.00 1.0475
83000 299.99 -97.13 -20910.60 3350.00 54000.00 1.0475
83100 299.99 -97.13 -20910.60 3350.00 54000.00 1.0475
83200 299.99 -97.13 -20910.60 3350.00 54000.00 1.0475
83300 299.99 -97.13 -20910.60 3350.00 54000.00 1.0475
83400 299.99 -97.13 -20910.60 3350.00 54000.00 1.0475
83500 299.99 -97.13 -20910.60 3350.00 54000.00 1.0475
83600 299.99 -97.13 -20910.60 3350.00 54000.00 1.0475
83700 299.99 -97.13 -20910.60 3350.00 54000.00 1.0475
83800 299.99 -97.13 -20910.60 3350.00 54000.00 1.0475
83900 299.99 -97.13 -20910.60 3350.00 54000.00 1.0475
84000 299.99 -97.13 -20910.60 3350.00 54000.00 1.0475
84100 299.99 -97.13 -20910.60 3350.00 54000.00 1.0475
84200 299.99 -97.13 -20910.60 3350.00 54000.00 1.0475
84300 299.99 -97.13 -20910.60 3350.00 54000.00 1.0475
84400 299.99 -97.13 -20910.60 3350.00 54000.00 1.0475
84500 299.99 -97.13 -20910.60 3350.00 54000.00 1.0475
84600 299.99 -97.13 -20910.60 3350.00 54000.00 1.0475
84700 299.99 -97.13 -20910.60 3350.00 54000.00 1.0475
84800 299.99 -97.13 -20910.60 3350.00 54000.00 1.0475
84900 299.99 -97.13 -20910.60 3350.00 54000.00 1.0475
85000 299.99 -97.13 -20910.60 3350.00 54000.00 1.0475
85100 299.99 -97.13 -20910.60 3350.00 54000.00 1.0475
85200 299.99 -97.13 -20910.60 3350.00 54000.00 1.0475
85300 299.99 -97.13 -20910.60 3350.00 54000.00 1.0475
85400 299.99 -97.13 -20910.60 3350.00 54000.00 1.0475
85500 299.99 -97.13 -20910.60 3350.00 54000.00 1.0475
85600 299.99 -97.13 -20910.60 3350.00 54000.00 1.0475
85700 299.99 -97.13 -20910.60 3350.00 54000.00 1.0475
85800 299.99 -97.13 -20910.60 3350.00 54000.00 1.0475
85900 299.99 -97.13 -20910.60 3350.00 54000.00 1.0475
86000 299.99 -97.13 -20910.60 3350.00 54000.00 1.0475
86100 299.99 -97.13 -20910.60 3350.00 54000.00 1.0475
86200 299.99 -97.13 -20910.60 3350.00 54000.00 1.0475
86300 299.99 -97.13 -20910.60 3350.00 54000.00 1.0475
86400 299.99 -97.13 -20910.60 3350.00 54000.00 1.0475
86500 299.99 -97.13 -20910.60 3350.00 54000.00 1.0475
86600 299.99 -97.13 -20910.60 3350.00 54000.00 1.0475
86700 299.99 -97.13 -20910.60 3350.00 54000.00 1.0475
86800 299.99 -97.13 -20910.60 3350.00 54000.00 1.0475
86900 299.99 -97.13 -20910.60 3350.00 54000.00 1.0475
87000 299.99 -97.13 -20910.60 3350.00 54000.00 1.0475
87100 299.99 -97.13 -20910.60 3350.00 54000.00 1.0475
87200 299.99 -97.13 -20910.60 3350.00 54000.00 1.0475
87300 299.99 -97.13 -20910.60 3350.00 54000.00 1.0475
87400 299.99 -97.13 -20910.60 3350.00 54000.00 1.0475
87500 299.99 -97.13 -20910.60 3350.00 54000.00 1.0475
87600 299.99 -97.13 -20910.60 3350.00 54000.00 1.0475
87700 299.99 -97.13 -20910.60 3350.00 54000.00 1.0475
87800 299.99 -97.13 -20910.60 3350.00 54000.00 1.0475
87900 299.99 -97.13 -20910.60 3350.00 54000.00 1.0475
88000 299.99 -97.13 -20910.60 3350.00 54000.00 1.0475
88100 299.99 -97.13 -20910.60 3350.00 54000.00 1.0475
88200 299.99 -97.13 -20910.60 3350.00 54000.00 1.0475
88300 299.99 -97.13 -20910.60 3350.00 54000.00 1.0475
88400 299.99 -97.13 -20910.60 3350.00 54000.00 1.0475
88500 299.99 -97.13 -20910.60 3350.00 54000.00 1.0475
88600 299.99 -97.13 -20910.60 3350.00 54000.00 1.0475
88700 299.99 -97.13 -20910.60 3350.00 54000.00 1.0475
88800 299.99 -97.13 -20910.60 3350.00 54000.00 1.0475
88900 299.99 -97.13 -20910.60 3350.00 54000.00 1.0475
89000 299.99 -97.13 -20910.60 3350.00 54000.00 1.0475
89100 299.99 -97.13 -20910.60 3350.00 54000.00 1.0475
89200 299.99 -97.13 -20910.60 3350.00 54000.00 1.0475
89300 299.99 -97.13 -20910.60 3350.00 54000.00 1.0475
89400 299.99 -97.13 -20910.60 3350.00 54000.00 1.0475
89500 299.99 -97.13 -20910.60 3350.00 54000.00 1.0475
89600 299.99 -97.13 -20910.60 3350.00 54000.00 1.0475
89700 299.99 -97.13 -20910.60 3350.00 54000.00 1.0475
89800 299.99 -97.13 -20910.60 3350.00 54000.00 1.0475
89900 299.99 -97.13 -20910.60 3350.00 54000.00 1.0475
90000 299.99 -97.13 -20910.60 3350.00 54000.00 1.0475
90100 299.99 -97.13 -20910.60 3350.00 54000.00 1.0475
90200 299.99 -97.13 -20910.60 3350.00 54000.00 1.0475
90300 299.99 -97.13 -20910.60 3350.00 54000.00 1.0475
90400 299.99 -97.13 -20910.60 3350.00 54000.00 1.0475
90500 299.99 -97.13 -20910.60 3350.00 54000.00 1.0475
90600 299.99 -97.13 -20910.60 3350.00 54000.00 1.0475
90700 299.99 -97.13 -20910.60 3350.00 54000.00 1.0475
90800 299.99 -97.13 -20910.60 3350.00 54000.00 1.0475
90900 299.99 -97.13 -20910.60 3350.00 54000.00 1.0475
91000 299.99 -97.13 -20910.60 3350.00 54000.00 1.0475
91100 299.99 -97.13 -20910.60 3350.00 54000.00 1.0475
91200 299.99 -97.13 -20910.60 3350.00 54000.00 1.0475
91300 299.99 -97.13 -20910.60 3350.00 54000.00 1.0475
91400 299.99 -97.13 -20910.60 3350.00 54000.00 1.0475
91500 299.99 -97.13 -20910.60 3350.00 54000.00 1.0475
91600 299.99 -97.13 -20910.60 3350.00 54000.00 1.0475
91700 299.99 -97.13 -20910.60 3350.00 54000.00 1.0475
91800 299.99 -97.13 -20910.60 3350.00 54000.00 1.0475
91900 299.99 -97.13 -20910.60 3350.00 54000.00 1.0475
92000 299.99 -97.13 -20910.60 3350.00 54000.00 1.0475
92100 299.99 -97.13 -20910.60 3350.00 54000.00 1.0475
92200 299.99 -97.13 -20910.60 3350.00 54000.00 1.0475
92300 299.99 -97.13 -20910.60 3350.00 54000.00 1.0475
92400 299.99 -97.13 -20910.60 3350.00 54000.00 1.0475
92500 299.99 -97.13 -20910.60 3350.00 54000.00 1.0475
92600 299.99 -97.13 -20910.60 3350.00 54000.00 1.0475
92700 299.99 -97.13 -20910.60 3350.00 54000.00 1.0475
92800 299.99 -97.13 -20910.60 3350.00 54000.00 1.0475
92900 299.99 -97.13 -20910.60 3350.00 54000.00 1.0475
93000 299.99 -97.13 -20910.60 3350.00 54000.00 1.0475
93100 299.99 -97.13 -20910.60 3350.00 54000.00 1.0475
93200 299.99 -97.13 -20910.60 3350.00 54000.00 1.0475
93300 299.99 -97.13 -20910.60 3350.00 54000.00 1.0475
93400 299.99 -97.13 -20910.60 3350.00 54000.00 1.0475
93500 299.99 -97.13 -20910.60 3350.00 54000.00 1.0475
93600 299.99 -97.13 -20910.60 3350.00 54000.00 1.0475
93700 299.99 -97.13 -20910.60 3350.00 54000.00 1.0475
93800 299.99 -97.13 -20910.60 3350.00 54000.00 1.0475
93900 299.99 -97.13 -20910.60 3350.00 54000.00 1.0475
94000 299.99 -97.13 -20910.60 3350.00 54000.00 1.0475
94100 299.99 -97.13 -20910.60 3350.00 54000.00 1.0475
94200 299.99 -97.13 -20910.60 3350.00 54000.00 1.0475
94300 299.99 -97.13 -20910.60 3350.00 54000.00 1.0475
94400 299.99 -97.13 -20910.60 3350.00 54000.00 1.0475
94500 299.99 -97.13 -20910.60 3350.00 54000.00 1.0475
94600 299.99 -97.13 -20910.60 3350.00 54000.00 1.0475
94700 299.99 -97.13 -20910.60 3350.00 54000.00 1.0475
94800 299.99 -97.13 -20910.60 3350.00 54000.00 1.0475
94900 299.99 -97.13 -20910.60 3350.00 54000.00 1.0475
95000 299.99 -97.13 -20910.60 3350.00 54000.00 1.0475
95100 299.99 -97.13 -20910.60 3350.00 54000.00 1.0475
95200 299.99 -97.13 -20910.60 3350.00 54000.00 1.0475
95300 299.99 -97.13 -20910.60 3350.00 54000.00 1.0475
95400 299.99 -97.13 -20910.60 3350.00 54000.00 1.0475
95500 299.99 -97.13 -20910.60 3350.00 54000.00 1.0475
95600 299.99 -97.13 -20910.60 3350.00 54000.00 1.0475
95700 299.99 -97.13 -20910.60 3350.00 54000.00 1.0475
95800 299.99 -97.13 -20910.60 3350.00 54000.00 1.0475
95900 299.99 -97.13 -20910.60 3350.00 54000.00 1.0475
96000 299.99 -97.13 -20910.60 3350.00 54000.00 1.0475
96100 299.99 -97.13 -20910.60 3350.00 54000.00 1.0475
96200 299.99 -97.13 -20910.60 3350.00 54000.00 1.0475
96300 299.99 -97.13 -20910.60 3350.00 54000.00 1.0475
96400 299.99 -97.13 -20910.60 3350.00 54000.00 1.0475
96500 299.99 -97.13 -20910.60 3350.00 54000.00 1.0475
96600 299.99 -97.13 -20910.60 3350.00 54000.00 1.0475
96700 299.99 -97.13 -20910.60 3350.00 54000.00 1.0475
96800 299.99 -97.13 -20910.60 3350.00 54000.00 1.0475
96900 299.99 -97.13 -20910.60 3350.00 54000.00 1.0475
97000 299.99 -97.13 -20910.60 3350.00 54000.00 1.0475
97100 299.99 -97.13 -20910.60 3350.00 54000.00 1.0475
97200 299.99 -97.13 -20910.60 3350.00 54000.00 1.0475
97300 299.99 -97.13 -20910.60 3350.00 54000.00 1.0475
97400 299.99 -97.13 -20910.60 3350.00 54000.00 1.0475
97500 299.99 -97.13 -20910.60 3350.00 54000.00 1.0475
97600 299.99 -97.13 -20910.60 3350.00 54000.00 1.0475
97700 299.99 -97.13 -20910.60 3350.00 54000.00 1.0475
97800 299.99 -97.13 -20910.60 3350.00 54000.00 1.0475
97900 299.99 -97.13 -20910.60 3350.00 54000.00 1.0475
98000 299.99 -97.13 -20910.60 3350.00 54000.00 1.0475
98100 299.99 -97.13 -20910.60 3350.00 54000.00 1.0475
98200 299.99 -97.13 -20910.60 3350.00 54000.00 1.0475
98300 299.99 -97.13 -20910.60 3350.00 54000.00 1.0475
98400 299.99 -97.13 -20910.60 3350.00 54000.00 1.0475
98500 299.99 -97.13 -20910.60 3350.00 54000.00 1.0475
98600 299.99 -97.13 -20910.60 3350.00 54000.00 1.0475
98700 299.99 -97.13 -20910.60 3350.00 54000.00 1.0475
98800 299.99 -97.13 -20910.60 3350.00 54000.00 1.0475
98900 299.99 -97.13 -20910.60 3350.00 54000.00 1.0475
99000 299.99 -97.13 -20910.60 3350.00 54000.00 1.0475
99100 299.99 -97.13 -20910.60 3350.00 54000.00 1.0475
99200 299.99 -97.13 -20910.60 3350.00 54000.00 1.0475
99300 299.99 -97.13 -20910.60 3350.00 54000.00 1.0475
99400 299.99 -97.13 -20910.60 3350.00 54000.00 1.0475
99500 299.99 -97.13 -20910.60 3350.00 54000.00 1.0475
99600 299.99 -97.13 -20910.60 3350.00 54000.00 1.0475
99700 299.99 -97.13 -20910.60 3350.00 54000.00 1.0475
99800 299.99 -97.13 -20910.60 3350.00 54000.00 1.0475
99900 299.99 -97.13 -20910.60 3350.00 54000.00 1.0475
