# TimeStep Temp Press PotEng KinEng Volume Density
0 297.06 -50.96 -21146.01 3350.00 54000.00 1.0449
100 298.16 -162.23 -21059.70 3350.00 54000.00 1.0467
200 298.75 -167.83 -21038.37 3350.00 54000.00 1.0473
300 299.16 -161.83 -21016.84 3350.00 54000.00 1.0477
400 299.42 -151.28 -20996.95 3350.00 54000.00 1.0479
500 299.60 -140.06 -20979.93 3350.00 54000.00 1.0480
600 299.72 -129.81 -20965.99 3350.00 54000.00 1.0480
700 299.79 -121.12 -20954.93 3350.00 54000.00 1.0479
800 299.85 -114.08 -20946.33 3350.00 54000.00 1.0479
900 299.88 -108.53 -20939.76 3350.00 54000.00 1.0478
1000 299.91 -104.24 -20934.81 3350.00 54000.00 1.0478
1100 299.93 -100.97 -20931.13 3350.00 54000.00 1.0477
1200 299.94 -98.51 -20928.41 3350.00 54000.00 1.0477
1300 299.95 -96.67 -20926.41 3350.00 54000.00 1.0477
1400 299.96 -95.31 -20924.96 3350.00 54000.00 1.0477
1500 299.96 -94.32 -20923.89 3350.00 54000.00 1.0477
1600 299.97 -93.59 -20923.12 3350.00 54000.00 1.0476
1700 299.97 -93.07 -20922.56 3350.00 54000.00 1.0476
1800 299.97 -92.71 -20922.16 3350.00 54000.00 1.0476
1900 299.97 -92.45 -20921.87 3350.00 54000.00 1.0476
2000 299.98 -92.28 -20921.66 3350.00 54000.00 1.0476
2100 299.98 -92.18 -20921.52 3350.00 54000.00 1.0476
2200 299.98 -92.12 -20921.42 3350.00 54000.00 1.0476
2300 299.98 -92.09 -20921.35 3350.00 54000.00 1.0476
2400 299.98 -92.08 -20921.31 3350.00 54000.00 1.0476
2500 299.98 -92.09 -20921.28 3350.00 54000.00 1.0476
2600 299.98 -92.11 -20921.27 3350.00 54000.00 1.0476
2700 299.98 -92.13 -20921.26 3350.00 54000.00 1.0476
2800 299.98 -92.17 -20921.26 3350.00 54000.00 1.0476
2900 299.98 -92.20 -20921.27 3350.00 54000.00 1.0476
3000 299.98 -92.23 -20921.27 3350.00 54000.00 1.0476
3100 299.98 -92.26 -20921.28 3350.00 54000.00 1.0476
3200 299.98 -92.29 -20921.29 3350.00 54000.00 1.0476
3300 299.98 -92.32 -20921.30 3350.00 54000.00 1.0476
3400 299.98 -92.35 -20921.31 3350.00 54000.00 1.0476
3500 299.98 -92.38 -20921.32 3350.00 54000.00 1.0476
3600 299.98 -92.40 -20921.33 3350.00 54000.00 1.0476
3700 299.98 -92.42 -20921.34 3350.00 54000.00 1.0476
3800 299.98 -92.44 -20921.34 3350.00 54000.00 1.0476
3900 299.98 -92.46 -20921.35 3350.00 54000.00 1.0476
4000 299.98 -92.47 -20921.36 3350.00 54000.00 1.0476
4100 299.98 -92.49 -20921.36 3350.00 54000.00 1.0476
4200 299.98 -92.50 -20921.37 3350.00 54000.00 1.0476
4300 299.98 -92.51 -20921.37 3350.00 54000.00 1.0476
4400 299.98 -92.52 -20921.37 3350.00 54000.00 1.0476
4500 299.98 -92.53 -20921.37 3350.00 54000.00 1.0476
4600 299.98 -92.54 -20921.38 3350.00 54000.00 1.0476
4700 299.98 -92.55 -20921.38 3350.00 54000.00 1.0476
4800 299.98 -92.56 -20921.37 3350.00 54000.00 1.0476
4900 299.98 -92.57 -20921.38 3350.00 54000.00 1.0476
5000 299.98 -92.58 -20921.38 3350.00 54000.00 1.0476
5100 299.98 -92.58 -20921.38 3350.00 54000.00 1.0476
5200 299.98 -92.59 -20921.38 3350.00 54000.00 1.0476
5300 299.98 -92.59 -20921.38 3350.00 54000.00 1.0476
5400 299.98 -92.59 -20921.38 3350.00 54000.00 1.0476
5500 299.98 -92.60 -20921.38 3350.00 54000.00 1.0476
5600 299.98 -92.60 -20921.38 3350.00 54000.00 1.0476
5700 299.98 -92.60 -20921.38 3350.00 54000.00 1.0476
5800 299.98 -92.61 -20921.38 3350.00 54000.00 1.0476
5900 299.98 -92.61 -20921.38 3350.00 54000.00 1.0476
6000 299.98 -92.61 -20921.38 3350.00 54000.00 1.0476
6100 299.98 -92.61 -20921.38 3350.00 54000.00 1.0476
6200 299.98 -92.61 -20921.39 3350.00 54000.00 1.0476
6300 299.98 -92.61 -20921.39 3350.00 54000.00 1.0476
6400 299.98 -92.62 -20921.39 3350.00 54000.00 1.0476
6500 299.98 -92.62 -20921.39 3350.00 54000.00 1.0476
6600 299.98 -92.62 -20921.39 3350.00 54000.00 1.0476
6700 299.98 -92.62 -20921.39 3350.00 54000.00 1.0476
6800 299.98 -92.62 -20921.39 3350.00 54000.00 1.0476
6900 299.98 -92.62 -20921.39 3350.00 54000.00 1.0476
7000 299.98 -92.63 -20921.39 3350.00 54000.00 1.0476
7100 299.98 -92.62 -20921.39 3350.00 54000.00 1.0476
7200 299.98 -92.62 -20921.39 3350.00 54000.00 1.0476
7300 299.98 -92.62 -20921.39 3350.00 54000.00 1.0476
7400 299.98 -92.62 -20921.39 3350.00 54000.00 1.0476
7500 299.98 -92.62 -20921.39 3350.00 54000.00 1.0476
7600 299.98 -92.63 -20921.39 3350.00 54000.00 1.0476
7700 299.98 -92.63 -20921.39 3350.00 54000.00 1.0476
7800 299.98 -92.63 -20921.39 3350.00 54000.00 1.0476
7900 299.98 -92.63 -20921.39 3350.00 54000.00 1.0476
8000 299.98 -92.63 -20921.39 3350.00 54000.00 1.0476
8100 299.98 -92.63 -20921.39 3350.00 54000.00 1.0476
8200 299.98 -92.63 -20921.39 3350.00 54000.00 1.0476
8300 299.98 -92.63 -20921.39 3350.00 54000.00 1.0476
8400 299.98 -92.63 -20921.39 3350.00 54000.00 1.0476
8500 299.98 -92.63 -20921.39 3350.00 54000.00 1.0476
8600 299.98 -92.63 -20921.39 3350.00 54000.00 1.0476
8700 299.98 -92.63 -20921.39 3350.00 54000.00 1.0476
8800 299.98 -92.64 -20921.39 3350.00 54000.00 1.0476
8900 299.98 -92.64 -20921.39 3350.00 54000.00 1.0476
9000 299.98 -92.64 -20921.39 3350.00 54000.00 1.0476
9100 299.98 -92.64 -20921.39 3350.00 54000.00 1.0476
9200 299.98 -92.64 -20921.39 3350.00 54000.00 1.0476
9300 299.98 -92.64 -20921.39 3350.00 54000.00 1.0476
9400 299.98 -92.64 -20921.39 3350.00 54000.00 1.0476
9500 299.98 -92.64 -20921.39 3350.00 54000.00 1.0476
9600 299.98 -92.64 -20921.39 3350.00 54000.00 1.0476
9700 299.98 -92.64 -20921.39 3350.00 54000.00 1.0476
9800 299.98 -92.64 -20921.39 3350.00 54000.00 1.0476
9900 299.98 -92.64 -20921.39 3350.00 54000.00 1.0476
10000 299.98 -92.64 -20921.39 3350.00 54000.00 1.0476
10100 299.98 -92.64 -20921.39 3350.00 54000.00 1.0476
10200 299.98 -92.64 -20921.39 3350.00 54000.00 1.0476
10300 299.98 -92.64 -20921.39 3350.00 54000.00 1.0476
10400 299.98 -92.64 -20921.39 3350.00 54000.00 1.0476
10500 299.98 -92.64 -20921.39 3350.00 54000.00 1.0476
10600 299.98 -92.64 -20921.39 3350.00 54000.00 1.0476
10700 299.98 -92.64 -20921.39 3350.00 54000.00 1.0476
10800 299.98 -92.64 -20921.39 3350.00 54000.00 1.0476
10900 299.98 -92.64 -20921.39 3350.00 54000.00 1.0476
11000 299.98 -92.64 -20921.38 3350.00 54000.00 1.0476
11100 299.98 -92.64 -20921.38 3350.00 54000.00 1.0476
11200 299.98 -92.64 -20921.38 3350.00 54000.00 1.0476
11300 299.98 -92.64 -20921.38 3350.00 54000.00 1.0476
11400 299.98 -92.64 -20921.38 3350.00 54000.00 1.0476
11500 299.98 -92.64 -20921.38 3350.00 54000.00 1.0476
11600 299.98 -92.64 -20921.38 3350.00 54000.00 1.0476
11700 299.98 -92.64 -20921.38 3350.00 54000.00 1.0476
11800 299.98 -92.64 -20921.38 3350.00 54000.00 1.0476
11900 299.98 -92.64 -20921.38 3350.00 54000.00 1.0476
12000 299.98 -92.64 -20921.38 3350.00 54000.00 1.0476
12100 299.98 -92.64 -20921.38 3350.00 54000.00 1.0476
12200 299.98 -92.64 -20921.38 3350.00 54000.00 1.0476
12300 299.98 -92.64 -20921.38 3350.00 54000.00 1.0476
12400 299.98 -92.64 -20921.38 3350.00 54000.00 1.0476
12500 299.98 -92.64 -20921.38 3350.00 54000.00 1.0476
12600 299.98 -92.64 -20921.38 3350.00 54000.00 1.0476
12700 299.98 -92.64 -20921.38 3350.00 54000.00 1.0476
12800 299.98 -92.64 -20921.38 3350.00 54000.00 1.0476
12900 299.98 -92.65 -20921.38 3350.00 54000.00 1.0476
13000 299.98 -92.65 -20921.38 3350.00 54000.00 1.0476
13100 299.98 -92.65 -20921.38 3350.00 54000.00 1.0476
13200 299.98 -92.65 -20921.38 3350.00 54000.00 1.0476
13300 299.98 -92.65 -20921.38 3350.00 54000.00 1.0476
13400 299.98 -92.65 -20921.38 3350.00 54000.00 1.0476
13500 299.98 -92.65 -20921.38 3350.00 54000.00 1.0476
13600 299.98 -92.65 -20921.38 3350.00 54000.00 1.0476
13700 299.98 -92.65 -20921.38 3350.00 54000.00 1.0476
13800 299.98 -92.65 -20921.38 3350.00 54000.00 1.0476
13900 299.98 -92.65 -20921.38 3350.00 54000.00 1.0476
14000 299.98 -92.65 -20921.38 3350.00 54000.00 1.0476
14100 299.98 -92.65 -20921.38 3350.00 54000.00 1.0476
14200 299.98 -92.65 -20921.38 3350.00 54000.00 1.0476
14300 299.98 -92.65 -20921.38 3350.00 54000.00 1.0476
14400 299.98 -92.65 -20921.38 3350.00 54000.00 1.0476
14500 299.98 -92.65 -20921.38 3350.00 54000.00 1.0476
14600 299.98 -92.65 -20921.38 3350.00 54000.00 1.0476
14700 299.98 -92.65 -20921.38 3350.00 54000.00 1.0476
14800 299.98 -92.65 -20921.38 3350.00 54000.00 1.0476
14900 299.98 -92.65 -20921.39 3350.00 54000.00 1.0476
15000 299.98 -92.65 -20921.39 3350.00 54000.00 1.0476
15100 299.98 -92.65 -20921.39 3350.00 54000.00 1.0476
15200 299.98 -92.65 -20921.39 3350.00 54000.00 1.0476
15300 299.98 -92.65 -20921.39 3350.00 54000.00 1.0476
15400 299.98 -92.65 -20921.39 3350.00 54000.00 1.0476
15500 299.98 -92.65 -20921.39 3350.00 54000.00 1.0476
15600 299.98 -92.65 -20921.39 3350.00 54000.00 1.0476
15700 299.98 -92.65 -20921.39 3350.00 54000.00 1.0476
15800 299.98 -92.65 -20921.39 3350.00 54000.00 1.0476
15900 299.98 -92.65 -20921.39 3350.00 54000.00 1.0476
16000 299.98 -92.65 -20921.39 3350.00 54000.00 1.0476
16100 299.98 -92.65 -20921.39 3350.00 54000.00 1.0476
16200 299.98 -92.65 -20921.39 3350.00 54000.00 1.0476
16300 299.98 -92.65 -20921.39 3350.00 54000.00 1.0476
16400 299.98 -92.65 -20921.39 3350.00 54000.00 1.0476
16500 299.98 -92.65 -20921.39 3350.00 54000.00 1.0476
16600 299.98 -92.65 -20921.39 3350.00 54000.00 1.0476
16700 299.98 -92.65 -20921.39 3350.00 54000.00 1.0476
16800 299.98 -92.65 -20921.39 3350.00 54000.00 1.0476
16900 299.98 -92.65 -20921.39 3350.00 54000.00 1.0476
17000 299.98 -92.65 -20921.39 3350.00 54000.00 1.0476
17100 299.98 -92.65 -20921.39 3350.00 54000.00 1.0476
17200 299.98 -92.65 -20921.39 3350.00 54000.00 1.0476
17300 299.98 -92.65 -20921.39 3350.00 54000.00 1.0476
17400 299.98 -92.65 -20921.39 3350.00 54000.00 1.0476
17500 299.98 -92.65 -20921.39 3350.00 54000.00 1.0476
17600 299.98 -92.65 -20921.39 3350.00 54000.00 1.0476
17700 299.98 -92.65 -20921.39 3350.00 54000.00 1.0476
17800 299.98 -92.65 -20921.39 3350.00 54000.00 1.0476
17900 299.98 -92.65 -20921.39 3350.00 54000.00 1.0476
18000 299.98 -92.65 -20921.39 3350.00 54000.00 1.0476
18100 299.98 -92.65 -20921.39 3350.00 54000.00 1.0476
18200 299.98 -92.65 -20921.39 3350.00 54000.00 1.0476
18300 299.98 -92.65 -20921.39 3350.00 54000.00 1.0476
18400 299.98 -92.65 -20921.39 3350.00 54000.00 1.0476
18500 299.98 -92.65 -20921.39 3350.00 54000.00 1.0476
18600 299.98 -92.65 -20921.39 3350.00 54000.00 1.0476
18700 299.98 -92.65 -20921.39 3350.00 54000.00 1.0476
18800 299.98 -92.65 -20921.39 3350.00 54000.00 1.0476
18900 299.98 -92.65 -20921.39 3350.00 54000.00 1.0476
19000 299.98 -92.65 -20921.39 3350.00 54000.00 1.0476
19100 299.98 -92.65 -20921.39 3350.00 54000.00 1.0476
19200 299.98 -92.65 -20921.39 3350.00 54000.00 1.0476
19300 299.98 -92.65 -20921.39 3350.00 54000.00 1.0476
19400 299.98 -92.65 -20921.39 3350.00 54000.00 1.0476
19500 299.98 -92.65 -20921.39 3350.00 54000.00 1.0476
19600 299.98 -92.65 -20921.39 3350.00 54000.00 1.0476
19700 299.98 -92.65 -20921.39 3350.00 54000.00 1.0476
19800 299.98 -92.65 -20921.39 3350.00 54000.00 1.0476
19900 299.98 -92.65 -20921.39 3350.00 54000.00 1.0476
20000 299.98 -92.65 -20921.38 3350.00 54000.00 1.0476
20100 299.98 -92.65 -20921.38 3350.00 54000.00 1.0476
20200 299.98 -92.65 -20921.38 3350.00 54000.00 1.0476
20300 299.98 -92.65 -20921.38 3350.00 54000.00 1.0476
20400 299.98 -92.65 -20921.38 3350.00 54000.00 1.0476
20500 299.98 -92.65 -20921.38 3350.00 54000.00 1.0476
20600 299.98 -92.65 -20921.38 3350.00 54000.00 1.0476
20700 299.98 -92.65 -20921.38 3350.00 54000.00 1.0476
20800 299.98 -92.65 -20921.38 3350.00 54000.00 1.0476
20900 299.98 -92.65 -20921.38 3350.00 54000.00 1.0476
21000 299.98 -92.65 -20921.38 3350.00 54000.00 1.0476
21100 299.98 -92.65 -20921.38 3350.00 54000.00 1.0476
21200 299.98 -92.65 -20921.38 3350.00 54000.00 1.0476
21300 299.98 -92.65 -20921.38 3350.00 54000.00 1.0476
21400 299.98 -92.65 -20921.38 3350.00 54000.00 1.0476
21500 299.98 -92.65 -20921.38 3350.00 54000.00 1.0476
21600 299.98 -92.65 -20921.38 3350.00 54000.00 1.0476
21700 299.98 -92.65 -20921.38 3350.00 54000.00 1.0476
21800 299.98 -92.65 -20921.38 3350.00 54000.00 1.0476
21900 299.98 -92.65 -20921.38 3350.00 54000.00 1.0476
22000 299.98 -92.65 -20921.38 3350.00 54000.00 1.0476
22100 299.98 -92.65 -20921.38 3350.00 54000.00 1.0476
22200 299.98 -92.65 -20921.38 3350.00 54000.00 1.0476
22300 299.98 -92.65 -20921.38 3350.00 54000.00 1.0476
22400 299.98 -92.65 -20921.38 3350.00 54000.00 1.0476
22500 299.98 -92.65 -20921.38 3350.00 54000.00 1.0476
22600 299.98 -92.65 -20921.38 3350.00 54000.00 1.0476
22700 299.98 -92.65 -20921.38 3350.00 54000.00 1.0476
22800 299.98 -92.65 -20921.38 3350.00 54000.00 1.0476
22900 299.98 -92.65 -20921.38 3350.00 54000.00 1.0476
23000 299.98 -92.65 -20921.38 3350.00 54000.00 1.0476
23100 299.98 -92.65 -20921.38 3350.00 54000.00 1.0476
23200 299.98 -92.65 -20921.38 3350.00 54000.00 1.0476
23300 299.98 -92.65 -20921.38 3350.00 54000.00 1.0476
23400 299.98 -92.65 -20921.38 3350.00 54000.00 1.0476
23500 299.98 -92.65 -20921.38 3350.00 54000.00 1.0476
23600 299.98 -92.65 -20921.38 3350.00 54000.00 1.0476
23700 299.98 -92.65 -20921.38 3350.00 54000.00 1.0476
23800 299.98 -92.65 -20921.38 3350.00 54000.00 1.0476
23900 299.98 -92.65 -20921.38 3350.00 54000.00 1.0476
24000 299.98 -92.65 -20921.38 3350.00 54000.00 1.0476
24100 299.98 -92.65 -20921.38 3350.00 54000.00 1.0476
24200 299.98 -92.65 -20921.38 3350.00 54000.00 1.0476
24300 299.98 -92.65 -20921.38 3350.00 54000.00 1.0476
24400 299.98 -92.65 -20921.38 3350.00 54000.00 1.0476
24500 299.98 -92.65 -20921.38 3350.00 54000.00 1.0476
24600 299.98 -92.65 -20921.38 3350.00 54000.00 1.0476
24700 299.98 -92.65 -20921.38 3350.00 54000.00 1.0476
24800 299.98 -92.65 -20921.38 3350.00 54000.00 1.0476
24900 299.98 -92.65 -20921.38 3350.00 54000.00 1.0476
25000 299.98 -92.65 -20921.38 3350.00 54000.00 1.0476
25100 299.98 -92.65 -20921.38 3350.00 54000.00 1.0476
25200 299.98 -92.65 -20921.38 3350.00 54000.00 1.0476
25300 299.98 -92.65 -20921.38 3350.00 54000.00 1.0476
25400 299.98 -92.65 -20921.38 3350.00 54000.00 1.0476
25500 299.98 -92.65 -20921.38 3350.00 54000.00 1.0476
25600 299.98 -92.65 -20921.38 3350.00 54000.00 1.0476
25700 299.98 -92.65 -20921.38 3350.00 54000.00 1.0476
25800 299.98 -92.65 -20921.38 3350.00 54000.00 1.0476
25900 299.98 -92.65 -20921.38 3350.00 54000.00 1.0476
26000 299.98 -92.65 -20921.38 3350.00 54000.00 1.0476
26100 299.98 -92.65 -20921.38 3350.00 54000.00 1.0476
26200 299.98 -92.65 -20921.38 3350.00 54000.00 1.0476
26300 299.98 -92.65 -20921.38 3350.00 54000.00 1.0476
26400 299.98 -92.65 -20921.38 3350.00 54000.00 1.0476
26500 299.98 -92.65 -20921.38 3350.00 54000.00 1.0476
26600 299.98 -92.65 -20921.38 3350.00 54000.00 1.0476
26700 299.98 -92.65 -20921.38 3350.00 54000.00 1.0476
26800 299.98 -92.65 -20921.38 3350.00 54000.00 1.0476
26900 299.98 -92.65 -20921.38 3350.00 54000.00 1.0476
27000 299.98 -92.65 -20921.38 3350.00 54000.00 1.0476
27100 299.98 -92.65 -20921.38 3350.00 54000.00 1.0476
27200 299.98 -92.65 -20921.38 3350.00 54000.00 1.0476
27300 299.98 -92.65 -20921.38 3350.00 54000.00 1.0476
27400 299.98 -92.65 -20921.38 3350.00 54000.00 1.0476
27500 299.98 -92.65 -20921.38 3350.00 54000.00 1.0476
27600 299.98 -92.65 -20921.38 3350.00 54000.00 1.0476
27700 299.98 -92.65 -20921.38 3350.00 54000.00 1.0476
27800 299.98 -92.65 -20921.38 3350.00 54000.00 1.0476
27900 299.98 -92.65 -20921.38 3350.00 54000.00 1.0476
28000 299.98 -92.65 -20921.38 3350.00 54000.00 1.0476
28100 299.98 -92.65 -20921.38 3350.00 54000.00 1.0476
28200 299.98 -92.65 -20921.38 3350.00 54000.00 1.0476
28300 299.98 -92.65 -20921.38 3350.00 54000.00 1.0476
28400 299.98 -92.65 -20921.38 3350.00 54000.00 1.0476
28500 299.98 -92.65 -20921.38 3350.00 54000.00 1.0476
28600 299.98 -92.65 -20921.38 3350.00 54000.00 1.0476
28700 299.98 -92.65 -20921.38 3350.00 54000.00 1.0476
28800 299.98 -92.65 -20921.38 3350.00 54000.00 1.0476
28900 299.98 -92.65 -20921.38 3350.00 54000.00 1.0476
29000 299.98 -92.65 -20921.38 3350.00 54000.00 1.0476
29100 299.98 -92.65 -20921.38 3350.00 54000.00 1.0476
29200 299.98 -92.65 -20921.38 3350.00 54000.00 1.0476
29300 299.98 -92.65 -20921.38 3350.00 54000.00 1.0476
29400 299.98 -92.65 -20921.38 3350.00 54000.00 1.0476
29500 299.98 -92.65 -20921.38 3350.00 54000.00 1.0476
29600 299.98 -92.65 -20921.38 3350.00 54000.00 1.0476
29700 299.98 -92.65 -20921.38 3350.00 54000.00 1.0476
29800 299.98 -92.65 -20921.38 3350.00 54000.00 1.0476
29900 299.98 -92.65 -20921.38 3350.00 54000.00 1.0476
30000 299.98 -92.65 -20921.38 3350.00 54000.00 1.0476
30100 299.98 -92.65 -20921.38 3350.00 54000.00 1.0476
30200 299.98 -92.65 -20921.38 3350.00 54000.00 1.0476
30300 299.98 -92.65 -20921.38 3350.00 54000.00 1.0476
30400 299.98 -92.65 -20921.38 3350.00 54000.00 1.0476
30500 299.98 -92.65 -20921.38 3350.00 54000.00 1.0476
30600 299.98 -92.65 -20921.38 3350.00 54000.00 1.0476
30700 299.98 -92.65 -20921.38 3350.00 54000.00 1.0476
30800 299.98 -92.65 -20921.38 3350.00 54000.00 1.0476
30900 299.98 -92.65 -20921.38 3350.00 54000.00 1.0476
31000 299.98 -92.65 -20921.38 3350.00 54000.00 1.0476
31100 299.98 -92.65 -20921.38 3350.00 54000.00 1.0476
31200 299.98 -92.65 -20921.38 3350.00 54000.00 1.0476
31300 299.98 -92.65 -20921.38 3350.00 54000.00 1.0476
31400 299.98 -92.65 -20921.38 3350.00 54000.00 1.0476
31500 299.98 -92.65 -20921.38 3350.00 54000.00 1.0476
31600 299.98 -92.65 -20921.38 3350.00 54000.00 1.0476
31700 299.98 -92.65 -20921.38 3350.00 54000.00 1.0476
31800 299.98 -92.65 -20921.38 3350.00 54000.00 1.0476
31900 299.98 -92.65 -20921.38 3350.00 54000.00 1.0476
32000 299.98 -92.65 -20921.38 3350.00 54000.00 1.0476
32100 299.98 -92.65 -20921.38 3350.00 54000.00 1.0476
32200 299.98 -92.65 -20921.38 3350.00 54000.00 1.0476
32300 299.98 -92.65 -20921.38 3350.00 54000.00 1.0476
32400 299.98 -92.65 -20921.38 3350.00 54000.00 1.0476
32500 299.98 -92.65 -20921.38 3350.00 54000.00 1.0476
32600 299.98 -92.65 -20921.38 3350.00 54000.00 1.0476
32700 299.98 -92.65 -20921.38 3350.00 54000.00 1.0476
32800 299.98 -92.65 -20921.38 3350.00 54000.00 1.0476
32900 299.98 -92.65 -20921.38 3350.00 54000.00 1.0476
33000 299.98 -92.65 -20921.38 3350.00 54000.00 1.0476
33100 299.98 -92.65 -20921.38 3350.00 54000.00 1.0476
33200 299.98 -92.65 -20921.38 3350.00 54000.00 1.0476
33300 299.98 -92.65 -20921.38 3350.00 54000.00 1.0476
33400 299.98 -92.65 -20921.38 3350.00 54000.00 1.0476
33500 299.98 -92.65 -20921.38 3350.00 54000.00 1.0476
33600 299.98 -92.65 -20921.38 3350.00 54000.00 1.0476
33700 299.98 -92.65 -20921.38 3350.00 54000.00 1.0476
33800 299.98 -92.65 -20921.38 3350.00 54000.00 1.0476
33900 299.98 -92.65 -20921.38 3350.00 54000.00 1.0476
34000 299.98 -92.65 -20921.38 3350.00 54000.00 1.0476
34100 299.98 -92.65 -20921.38 3350.00 54000.00 1.0476
34200 299.98 -92.65 -20921.38 3350.00 54000.00 1.0476
34300 299.98 -92.65 -20921.38 3350.00 54000.00 1.0476
34400 299.98 -92.65 -20921.38 3350.00 54000.00 1.0476
34500 299.98 -92.65 -20921.38 3350.00 54000.00 1.0476
34600 299.98 -92.65 -20921.38 3350.00 54000.00 1.0476
34700 299.98 -92.65 -20921.38 3350.00 54000.00 1.0476
34800 299.98 -92.65 -20921.38 3350.00 54000.00 1.0476
34900 299.98 -92.65 -20921.38 3350.00 54000.00 1.0476
35000 299.98 -92.65 -20921.38 3350.00 54000.00 1.0476
35100 299.98 -92.65 -20921.38 3350.00 54000.00 1.0476
35200 299.98 -92.65 -20921.38 3350.00 54000.00 1.0476
35300 299.98 -92.65 -20921.38 3350.00 54000.00 1.0476
35400 299.98 -92.65 -20921.38 3350.00 54000.00 1.0476
35500 299.98 -92.65 -20921.38 3350.00 54000.00 1.0476
35600 299.98 -92.65 -20921.38 3350.00 54000.00 1.0476
35700 299.98 -92.65 -20921.38 3350.00 54000.00 1.0476
35800 299.98 -92.65 -20921.38 3350.00 54000.00 1.0476
35900 299.98 -92.65 -20921.38 3350.00 54000.00 1.0476
36000 299.98 -92.65 -20921.38 3350.00 54000.00 1.0476
36100 299.98 -92.65 -20921.38 3350.00 54000.00 1.0476
36200 299.98 -92.65 -20921.38 3350.00 54000.00 1.0476
36300 299.98 -92.65 -20921.38 3350.00 54000.00 1.0476
36400 299.98 -92.65 -20921.38 3350.00 54000.00 1.0476
36500 299.98 -92.65 -20921.38 3350.00 54000.00 1.0476
36600 299.98 -92.65 -20921.38 3350.00 54000.00 1.0476
36700 299.98 -92.65 -20921.38 3350.00 54000.00 1.0476
36800 299.98 -92.65 -20921.38 3350.00 54000.00 1.0476
36900 299.98 -92.65 -20921.38 3350.00 54000.00 1.0476
37000 299.98 -92.65 -20921.38 3350.00 54000.00 1.0476
37100 299.98 -92.65 -20921.38 3350.00 54000.00 1.0476
37200 299.98 -92.65 -20921.38 3350.00 54000.00 1.0476
37300 299.98 -92.65 -20921.38 3350.00 54000.00 1.0476
37400 299.98 -92.65 -20921.38 3350.00 54000.00 1.0476
37500 299.98 -92.65 -20921.38 3350.00 54000.00 1.0476
37600 299.98 -92.65 -20921.38 3350.00 54000.00 1.0476
37700 299.98 -92.65 -20921.38 3350.00 54000.00 1.0476
37800 299.98 -92.65 -20921.38 3350.00 54000.00 1.0476
37900 299.98 -92.65 -20921.38 3350.00 54000.00 1.0476
38000 299.98 -92.65 -20921.38 3350.00 54000.00 1.0476
38100 299.98 -92.65 -20921.38 3350.00 54000.00 1.0476
38200 299.98 -92.65 -20921.38 3350.00 54000.00 1.0476
38300 299.98 -92.65 -20921.38 3350.00 54000.00 1.0476
38400 299.98 -92.65 -20921.38 3350.00 54000.00 1.0476
38500 299.98 -92.65 -20921.38 3350.00 54000.00 1.0476
38600 299.98 -92.65 -20921.38 3350.00 54000.00 1.0476
38700 299.98 -92.65 -20921.38 3350.00 54000.00 1.0476
38800 299.98 -92.65 -20921.38 3350.00 54000.00 1.0476
38900 299.98 -92.65 -20921.38 3350.00 54000.00 1.0476
39000 299.98 -92.65 -20921.38 3350.00 54000.00 1.0476
39100 299.98 -92.65 -20921.38 3350.00 54000.00 1.0476
39200 299.98 -92.65 -20921.38 3350.00 54000.00 1.0476
39300 299.98 -92.65 -20921.38 3350.00 54000.00 1.0476
39400 299.98 -92.65 -20921.38 3350.00 54000.00 1.0476
39500 299.98 -92.65 -20921.38 3350.00 54000.00 1.0476
39600 299.98 -92.65 -20921.38 3350.00 54000.00 1.0476
39700 299.98 -92.65 -20921.38 3350.00 54000.00 1.0476
39800 299.98 -92.65 -20921.38 3350.00 54000.00 1.0476
39900 299.98 -92.65 -20921.38 3350.00 54000.00 1.0476
40000 299.98 -92.65 -20921.38 3350.00 54000.00 1.0476
40100 299.98 -92.65 -20921.38 3350.00 54000.00 1.0476
40200 299.98 -92.65 -20921.38 3350.00 54000.00 1.0476
40300 299.98 -92.65 -20921.38 3350.00 54000.00 1.0476
40400 299.98 -92.65 -20921.38 3350.00 54000.00 1.0476
40500 299.98 -92.65 -20921.38 3350.00 54000.00 1.0476
40600 299.98 -92.65 -20921.38 3350.00 54000.00 1.0476
40700 299.98 -92.65 -20921.38 3350.00 54000.00 1.0476
40800 299.98 -92.65 -20921.38 3350.00 54000.00 1.0476
40900 299.98 -92.65 -20921.38 3350.00 54000.00 1.0476
41000 299.98 -92.65 -20921.38 3350.00 54000.00 1.0476
41100 299.98 -92.65 -20921.38 3350.00 54000.00 1.0476
41200 299.98 -92.65 -20921.38 3350.00 54000.00 1.0476
41300 299.98 -92.65 -20921.38 3350.00 54000.00 1.0476
41400 299.98 -92.65 -20921.38 3350.00 54000.00 1.0476
41500 299.98 -92.65 -20921.38 3350.00 54000.00 1.0476
41600 299.98 -92.65 -20921.38 3350.00 54000.00 1.0476
41700 299.98 -92.65 -20921.38 3350.00 54000.00 1.0476
41800 299.98 -92.65 -20921.38 3350.00 54000.00 1.0476
41900 299.98 -92.65 -20921.38 3350.00 54000.00 1.0476
42000 299.98 -92.65 -20921.38 3350.00 54000.00 1.0476
42100 299.98 -92.65 -20921.38 3350.00 54000.00 1.0476
42200 299.98 -92.65 -20921.38 3350.00 54000.00 1.0476
42300 299.98 -92.65 -20921.38 3350.00 54000.00 1.0476
42400 299.98 -92.65 -20921.38 3350.00 54000.00 1.0476
42500 299.98 -92.65 -20921.38 3350.00 54000.00 1.0476
42600 299.98 -92.65 -20921.38 3350.00 54000.00 1.0476
42700 299.98 -92.65 -20921.38 3350.00 54000.00 1.0476
42800 299.98 -92.65 -20921.38 3350.00 54000.00 1.0476
42900 299.98 -92.65 -20921.38 3350.00 54000.00 1.0476
43000 299.98 -92.65 -20921.38 3350.00 54000.00 1.0476
43100 299.98 -92.65 -20921.38 3350.00 54000.00 1.0476
43200 299.98 -92.65 -20921.38 3350.00 54000.00 1.0476
43300 299.98 -92.65 -20921.38 3350.00 54000.00 1.0476
43400 299.98 -92.65 -20921.38 3350.00 54000.00 1.0476
43500 299.98 -92.65 -20921.38 3350.00 54000.00 1.0476
43600 299.98 -92.65 -20921.38 3350.00 54000.00 1.0476
43700 299.98 -92.65 -20921.38 3350.00 54000.00 1.0476
43800 299.98 -92.65 -20921.38 3350.00 54000.00 1.0476
43900 299.98 -92.65 -20921.38 3350.00 54000.00 1.0476
44000 299.98 -92.65 -20921.38 3350.00 54000.00 1.0476
44100 299.98 -92.65 -20921.38 3350.00 54000.00 1.0476
44200 299.98 -92.65 -20921.38 3350.00 54000.00 1.0476
44300 299.98 -92.65 -20921.38 3350.00 54000.00 1.0476
44400 299.98 -92.65 -20921.38 3350.00 54000.00 1.0476
44500 299.98 -92.65 -20921.38 3350.00 54000.00 1.0476
44600 299.98 -92.65 -20921.38 3350.00 54000.00 1.0476
44700 299.98 -92.65 -20921.38 3350.00 54000.00 1.0476
44800 299.98 -92.65 -20921.38 3350.00 54000.00 1.0476
44900 299.98 -92.65 -20921.38 3350.00 54000.00 1.0476
45000 299.98 -92.65 -20921.38 3350.00 54000.00 1.0476
45100 299.98 -92.65 -20921.38 3350.00 54000.00 1.0476
45200 299.98 -92.65 -20921.38 3350.00 54000.00 1.0476
45300 299.98 -92.65 -20921.38 3350.00 54000.00 1.0476
45400 299.98 -92.65 -20921.38 3350.00 54000.00 1.0476
45500 299.98 -92.65 -20921.38 3350.00 54000.00 1.0476
45600 299.98 -92.65 -20921.38 3350.00 54000.00 1.0476
45700 299.98 -92.65 -20921.38 3350.00 54000.00 1.0476
45800 299.98 -92.65 -20921.38 3350.00 54000.00 1.0476
45900 299.98 -92.65 -20921.38 3350.00 54000.00 1.0476
46000 299.98 -92.65 -20921.38 3350.00 54000.00 1.0476
46100 299.98 -92.65 -20921.38 3350.00 54000.00 1.0476
46200 299.98 -92.65 -20921.38 3350.00 54000.00 1.0476
46300 299.98 -92.65 -20921.38 3350.00 54000.00 1.0476
46400 299.98 -92.65 -20921.38 3350.00 54000.00 1.0476
46500 299.98 -92.65 -20921.38 3350.00 54000.00 1.0476
46600 299.98 -92.65 -20921.38 3350.00 54000.00 1.0476
46700 299.98 -92.65 -20921.38 3350.00 54000.00 1.0476
46800 299.98 -92.65 -20921.38 3350.00 54000.00 1.0476
46900 299.98 -92.65 -20921.38 3350.00 54000.00 1.0476
47000 299.98 -92.65 -20921.38 3350.00 54000.00 1.0476
47100 299.98 -92.65 -20921.38 3350.00 54000.00 1.0476
47200 299.98 -92.65 -20921.38 3350.00 54000.00 1.0476
47300 299.98 -92.65 -20921.38 3350.00 54000.00 1.0476
47400 299.98 -92.65 -20921.38 3350.00 54000.00 1.0476
47500 299.98 -92.65 -20921.38 3350.00 54000.00 1.0476
47600 299.98 -92.65 -20921.38 3350.00 54000.00 1.0476
47700 299.98 -92.65 -20921.38 3350.00 54000.00 1.0476
47800 299.98 -92.65 -20921.38 3350.00 54000.00 1.0476
47900 299.98 -92.65 -20921.38 3350.00 54000.00 1.0476
48000 299.98 -92.65 -20921.38 3350.00 54000.00 1.0476
48100 299.98 -92.65 -20921.38 3350.00 54000.00 1.0476
48200 299.98 -92.65 -20921.38 3350.00 54000.00 1.0476
48300 299.98 -92.65 -20921.38 3350.00 54000.00 1.0476
48400 299.98 -92.65 -20921.38 3350.00 54000.00 1.0476
48500 299.98 -92.65 -20921.38 3350.00 54000.00 1.0476
48600 299.98 -92.65 -20921.38 3350.00 54000.00 1.0476
48700 299.98 -92.65 -20921.38 3350.00 54000.00 1.0476
48800 299.98 -92.65 -20921.38 3350.00 54000.00 1.0476
48900 299.98 -92.65 -20921.38 3350.00 54000.00 1.0476
49000 299.98 -92.65 -20921.38 3350.00 54000.00 1.0476
49100 299.98 -92.65 -20921.38 3350.00 54000.00 1.0476
49200 299.98 -92.65 -20921.38 3350.00 54000.00 1.0476
49300 299.98 -92.65 -20921.38 3350.00 54000.00 1.0476
49400 299.98 -92.65 -20921.38 3350.00 54000.00 1.0476
49500 299.98 -92.65 -20921.38 3350.00 54000.00 1.0476
49600 299.98 -92.65 -20921.38 3350.00 54000.00 1.0476
49700 299.98 -92.65 -20921.38 3350.00 54000.00 1.0476
49800 299.98 -92.65 -20921.38 3350.00 54000.00 1.0476
49900 299.98 -92.65 -20921.38 3350.00 54000.00 1.0476
50000 299.98 -92.65 -20921.38 3350.00 54000.00 1.0476
50100 299.98 -92.65 -20921.38 3350.00 54000.00 1.0476
50200 299.98 -92.65 -20921.38 3350.00 54000.00 1.0476
50300 299.98 -92.65 -20921.38 3350.00 54000.00 1.0476
50400 299.98 -92.65 -20921.38 3350.00 54000.00 1.0476
50500 299.98 -92.65 -20921.38 3350.00 54000.00 1.0476
50600 299.98 -92.65 -20921.38 3350.00 54000.00 1.0476
50700 299.98 -92.65 -20921.38 3350.00 54000.00 1.0476
50800 299.98 -92.65 -20921.38 3350.00 54000.00 1.0476
50900 299.98 -92.65 -20921.38 3350.00 54000.00 1.0476
51000 299.98 -92.65 -20921.38 3350.00 54000.00 1.0476
51100 299.98 -92.65 -20921.38 3350.00 54000.00 1.0476
51200 299.98 -92.65 -20921.38 3350.00 54000.00 1.0476
51300 299.98 -92.65 -20921.38 3350.00 54000.00 1.0476
51400 299.98 -92.65 -20921.38 3350.00 54000.00 1.0476
51500 299.98 -92.65 -20921.38 3350.00 54000.00 1.0476
51600 299.98 -92.65 -20921.38 3350.00 54000.00 1.0476
51700 299.98 -92.65 -20921.38 3350.00 54000.00 1.0476
51800 299.98 -92.65 -20921.38 3350.00 54000.00 1.0476
51900 299.98 -92.65 -20921.38 3350.00 54000.00 1.0476
52000 299.98 -92.65 -20921.38 3350.00 54000.00 1.0476
52100 299.98 -92.65 -20921.38 3350.00 54000.00 1.0476
52200 299.98 -92.65 -20921.38 3350.00 54000.00 1.0476
52300 299.98 -92.65 -20921.38 3350.00 54000.00 1.0476
52400 299.98 -92.65 -20921.38 3350.00 54000.00 1.0476
52500 299.98 -92.65 -20921.38 3350.00 54000.00 1.0476
52600 299.98 -92.65 -20921.38 3350.00 54000.00 1.0476
52700 299.98 -92.65 -20921.38 3350.00 54000.00 1.0476
52800 299.98 -92.65 -20921.38 3350.00 54000.00 1.0476
52900 299.98 -92.65 -20921.38 3350.00 54000.00 1.0476
53000 299.98 -92.65 -20921.38 3350.00 54000.00 1.0476
53100 299.98 -92.65 -20921.38 3350.00 54000.00 1.0476
53200 299.98 -92.65 -20921.38 3350.00 54000.00 1.0476
53300 299.98 -92.65 -20921.38 3350.00 54000.00 1.0476
53400 299.98 -92.65 -20921.38 3350.00 54000.00 1.0476
53500 299.98 -92.65 -20921.38 3350.00 54000.00 1.0476
53600 299.98 -92.65 -20921.38 3350.00 54000.00 1.0476
53700 299.98 -92.65 -20921.38 3350.00 54000.00 1.0476
53800 299.98 -92.65 -20921.38 3350.00 54000.00 1.0476
53900 299.98 -92.65 -20921.38 3350.00 54000.00 1.0476
54000 299.98 -92.65 -20921.38 3350.00 54000.00 1.0476
54100 299.98 -92.65 -20921.38 3350.00 54000.00 1.0476
54200 299.98 -92.65 -20921.38 3350.00 54000.00 1.0476
54300 299.98 -92.65 -20921.38 3350.00 54000.00 1.0476
54400 299.98 -92.65 -20921.38 3350.00 54000.00 1.0476
54500 299.98 -92.65 -20921.38 3350.00 54000.00 1.0476
54600 299.98 -92.65 -20921.38 3350.00 54000.00 1.0476
54700 299.98 -92.65 -20921.38 3350.00 54000.00 1.0476
54800 299.98 -92.65 -20921.38 3350.00 54000.00 1.0476
54900 299.98 -92.65 -20921.38 3350.00 54000.00 1.0476
55000 299.98 -92.65 -20921.38 3350.00 54000.00 1.0476
55100 299.98 -92.65 -20921.38 3350.00 54000.00 1.0476
55200 299.98 -92.65 -20921.38 3350.00 54000.00 1.0476
55300 299.98 -92.65 -20921.38 3350.00 54000.00 1.0476
55400 299.98 -92.65 -20921.38 3350.00 54000.00 1.0476
55500 299.98 -92.65 -20921.38 3350.00 54000.00 1.0476
55600 299.98 -92.65 -20921.38 3350.00 54000.00 1.0476
55700 299.98 -92.65 -20921.38 3350.00 54000.00 1.0476
55800 299.98 -92.65 -20921.38 3350.00 54000.00 1.0476
55900 299.98 -92.65 -20921.38 3350.00 54000.00 1.0476
56000 299.98 -92.65 -20921.38 3350.00 54000.00 1.0476
56100 299.98 -92.65 -20921.38 3350.00 54000.00 1.0476
56200 299.98 -92.65 -20921.38 3350.00 54000.00 1.0476
56300 299.98 -92.65 -20921.38 3350.00 54000.00 1.0476
56400 299.98 -92.65 -20921.38 3350.00 54000.00 1.0476
56500 299.98 -92.65 -20921.38 3350.00 54000.00 1.0476
56600 299.98 -92.65 -20921.38 3350.00 54000.00 1.0476
56700 299.98 -92.65 -20921.38 3350.00 54000.00 1.0476
56800 299.98 -92.65 -20921.38 3350.00 54000.00 1.0476
56900 299.98 -92.65 -20921.38 3350.00 54000.00 1.0476
57000 299.98 -92.65 -20921.38 3350.00 54000.00 1.0476
57100 299.98 -92.65 -20921.38 3350.00 54000.00 1.0476
57200 299.98 -92.65 -20921.38 3350.00 54000.00 1.0476
57300 299.98 -92.65 -20921.38 3350.00 54000.00 1.0476
57400 299.98 -92.65 -20921.38 3350.00 54000.00 1.0476
57500 299.98 -92.65 -20921.38 3350.00 54000.00 1.0476
57600 299.98 -92.65 -20921.38 3350.00 54000.00 1.0476
57700 299.98 -92.65 -20921.38 3350.00 54000.00 1.0476
57800 299.98 -92.65 -20921.38 3350.00 54000.00 1.0476
57900 299.98 -92.65 -20921.38 3350.00 54000.00 1.0476
58000 299.98 -92.65 -20921.38 3350.00 54000.00 1.0476
58100 299.98 -92.65 -20921.38 3350.00 54000.00 1.0476
58200 299.98 -92.65 -20921.38 3350.00 54000.00 1.0476
58300 299.98 -92.65 -20921.38 3350.00 54000.00 1.0476
58400 299.98 -92.65 -20921.38 3350.00 54000.00 1.0476
58500 299.98 -92.65 -20921.38 3350.00 54000.00 1.0476
58600 299.98 -92.65 -20921.38 3350.00 54000.00 1.0476
58700 299.98 -92.65 -20921.38 3350.00 54000.00 1.0476
58800 299.98 -92.65 -20921.38 3350.00 54000.00 1.0476
58900 299.98 -92.65 -20921.38 3350.00 54000.00 1.0476
59000 299.98 -92.65 -20921.38 3350.00 54000.00 1.0476
59100 299.98 -92.65 -20921.38 3350.00 54000.00 1.0476
59200 299.98 -92.65 -20921.38 3350.00 54000.00 1.0476
59300 299.98 -92.65 -20921.38 3350.00 54000.00 1.0476
59400 299.98 -92.65 -20921.38 3350.00 54000.00 1.0476
59500 299.98 -92.65 -20921.38 3350.00 54000.00 1.0476
59600 299.98 -92.65 -20921.38 3350.00 54000.00 1.0476
59700 299.98 -92.65 -20921.38 3350.00 54000.00 1.0476
59800 299.98 -92.65 -20921.38 3350.00 54000.00 1.0476
59900 299.98 -92.65 -20921.38 3350.00 54000.00 1.0476
60000 299.98 -92.65 -20921.38 3350.00 54000.00 1.0476
60100 299.98 -92.65 -20921.38 3350.00 54000.00 1.0476
60200 299.98 -92.65 -20921.38 3350.00 54000.00 1.0476
60300 299.98 -92.65 -20921.38 3350.00 54000.00 1.0476
60400 299.98 -92.65 -20921.38 3350.00 54000.00 1.0476
60500 299.98 -92.65 -20921.38 3350.00 54000.00 1.0476
60600 299.98 -92.65 -20921.38 3350.00 54000.00 1.0476
60700 299.98 -92.65 -20921.38 3350.00 54000.00 1.0476
60800 299.98 -92.65 -20921.38 3350.00 54000.00 1.0476
60900 299.98 -92.65 -20921.38 3350.00 54000.00 1.0476
61000 299.98 -92.65 -20921.38 3350.00 54000.00 1.0476
61100 299.98 -92.65 -20921.38 3350.00 54000.00 1.0476
61200 299.98 -92.65 -20921.38 3350.00 54000.00 1.0476
61300 299.98 -92.65 -20921.38 3350.00 54000.00 1.0476
61400 299.98 -92.65 -20921.38 3350.00 54000.00 1.0476
61500 299.98 -92.65 -20921.38 3350.00 54000.00 1.0476
61600 299.98 -92.65 -20921.38 3350.00 54000.00 1.0476
61700 299.98 -92.65 -20921.38 3350.00 54000.00 1.0476
61800 299.98 -92.65 -20921.38 3350.00 54000.00 1.0476
61900 299.98 -92.65 -20921.38 3350.00 54000.00 1.0476
62000 299.98 -92.65 -20921.38 3350.00 54000.00 1.0476
62100 299.98 -92.65 -20921.38 3350.00 54000.00 1.0476
62200 299.98 -92.65 -20921.38 3350.00 54000.00 1.0476
62300 299.98 -92.65 -20921.38 3350.00 54000.00 1.0476
62400 299.98 -92.65 -20921.38 3350.00 54000.00 1.0476
62500 299.98 -92.65 -20921.38 3350.00 54000.00 1.0476
62600 299.98 -92.65 -20921.38 3350.00 54000.00 1.0476
62700 299.98 -92.65 -20921.38 3350.00 54000.00 1.0476
62800 299.98 -92.65 -20921.38 3350.00 54000.00 1.0476
62900 299.98 -92.65 -20921.38 3350.00 54000.00 1.0476
63000 299.98 -92.65 -20921.38 3350.00 54000.00 1.0476
63100 299.98 -92.65 -20921.38 3350.00 54000.00 1.0476
63200 299.98 -92.65 -20921.38 3350.00 54000.00 1.0476
63300 299.98 -92.65 -20921.38 3350.00 54000.00 1.0476
63400 299.98 -92.65 -20921.38 3350.00 54000.00 1.0476
63500 299.98 -92.65 -20921.38 3350.00 54000.00 1.0476
63600 299.98 -92.65 -20921.38 3350.00 54000.00 1.0476
63700 299.98 -92.65 -20921.38 3350.00 54000.00 1.0476
63800 299.98 -92.65 -20921.38 3350.00 54000.00 1.0476
63900 299.98 -92.65 -20921.38 3350.00 54000.00 1.0476
64000 299.98 -92.65 -20921.38 3350.00 54000.00 1.0476
64100 299.98 -92.65 -20921.38 3350.00 54000.00 1.0476
64200 299.98 -92.65 -20921.38 3350.00 54000.00 1.0476
64300 299.98 -92.65 -20921.38 3350.00 54000.00 1.0476
64400 299.98 -92.65 -20921.38 3350.00 54000.00 1.0476
64500 299.98 -92.65 -20921.38 3350.00 54000.00 1.0476
64600 299.98 -92.65 -20921.38 3350.00 54000.00 1.0476
64700 299.98 -92.65 -20921.38 3350.00 54000.00 1.0476
64800 299.98 -92.65 -20921.38 3350.00 54000.00 1.0476
64900 299.98 -92.65 -20921.38 3350.00 54000.00 1.0476
65000 299.98 -92.65 -20921.38 3350.00 54000.00 1.0476
65100 299.98 -92.65 -20921.38 3350.00 54000.00 1.0476
65200 299.98 -92.65 -20921.38 3350.00 54000.00 1.0476
65300 299.98 -92.65 -20921.38 3350.00 54000.00 1.0476
65400 299.98 -92.65 -20921.38 3350.00 54000.00 1.0476
65500 299.98 -92.65 -20921.38 3350.00 54000.00 1.0476
65600 299.98 -92.65 -20921.38 3350.00 54000.00 1.0476
65700 299.98 -92.65 -20921.38 3350.00 54000.00 1.0476
65800 299.98 -92.65 -20921.38 3350.00 54000.00 1.0476
65900 299.98 -92.65 -20921.38 3350.00 54000.00 1.0476
66000 299.98 -92.65 -20921.38 3350.00 54000.00 1.0476
66100 299.98 -92.65 -20921.38 3350.00 54000.00 1.0476
66200 299.98 -92.65 -20921.38 3350.00 54000.00 1.0476
66300 299.98 -92.65 -20921.38 3350.00 54000.00 1.0476
66400 299.98 -92.65 -20921.38 3350.00 54000.00 1.0476
66500 299.98 -92.65 -20921.38 3350.00 54000.00 1.0476
66600 299.98 -92.65 -20921.38 3350.00 54000.00 1.0476
66700 299.98 -92.65 -20921.38 3350.00 54000.00 1.0476
66800 299.98 -92.65 -20921.38 3350.00 54000.00 1.0476
66900 299.98 -92.65 -20921.38 3350.00 54000.00 1.0476
67000 299.98 -92.65 -20921.38 3350.00 54000.00 1.0476
67100 299.98 -92.65 -20921.38 3350.00 54000.00 1.0476
67200 299.98 -92.65 -20921.38 3350.00 54000.00 1.0476
67300 299.98 -92.65 -20921.38 3350.00 54000.00 1.0476
67400 299.98 -92.65 -20921.38 3350.00 54000.00 1.0476
67500 299.98 -92.65 -20921.38 3350.00 54000.00 1.0476
67600 299.98 -92.65 -20921.38 3350.00 54000.00 1.0476
67700 299.98 -92.65 -20921.38 3350.00 54000.00 1.0476
67800 299.98 -92.65 -20921.38 3350.00 54000.00 1.0476
67900 299.98 -92.65 -20921.38 3350.00 54000.00 1.0476
68000 299.98 -92.65 -20921.38 3350.00 54000.00 1.0476
68100 299.98 -92.65 -20921.38 3350.00 54000.00 1.0476
68200 299.98 -92.65 -20921.38 3350.00 54000.00 1.0476
68300 299.98 -92.65 -20921.38 3350.00 54000.00 1.0476
68400 299.98 -92.65 -20921.38 3350.00 54000.00 1.0476
68500 299.98 -92.65 -20921.38 3350.00 54000.00 1.0476
68600 299.98 -92.65 -20921.38 3350.00 54000.00 1.0476
68700 299.98 -92.65 -20921.38 3350.00 54000.00 1.0476
68800 299.98 -92.65 -20921.38 3350.00 54000.00 1.0476
68900 299.98 -92.65 -20921.38 3350.00 54000.00 1.0476
69000 299.98 -92.65 -20921.38 3350.00 54000.00 1.0476
69100 299.98 -92.65 -20921.38 3350.00 54000.00 1.0476
69200 299.98 -92.65 -20921.38 3350.00 54000.00 1.0476
69300 299.98 -92.65 -20921.38 3350.00 54000.00 1.0476
69400 299.98 -92.65 -20921.38 3350.00 54000.00 1.0476
69500 299.98 -92.65 -20921.38 3350.00 54000.00 1.0476
69600 299.98 -92.65 -20921.38 3350.00 54000.00 1.0476
69700 299.98 -92.65 -20921.38 3350.00 54000.00 1.0476
69800 299.98 -92.65 -20921.38 3350.00 54000.00 1.0476
69900 299.98 -92.65 -20921.38 3350.00 54000.00 1.0476
70000 299.98 -92.65 -20921.38 3350.00 54000.00 1.0476
70100 299.98 -92.65 -20921.38 3350.00 54000.00 1.0476
70200 299.98 -92.65 -20921.38 3350.00 54000.00 1.0476
70300 299.98 -92.65 -20921.38 3350.00 54000.00 1.0476
70400 299.98 -92.65 -20921.38 3350.00 54000.00 1.0476
70500 299.98 -92.65 -20921.38 3350.00 54000.00 1.0476
70600 299.98 -92.65 -20921.38 3350.00 54000.00 1.0476
70700 299.98 -92.65 -20921.38 3350.00 54000.00 1.0476
70800 299.98 -92.65 -20921.38 3350.00 54000.00 1.0476
70900 299.98 -92.65 -20921.38 3350.00 54000.00 1.0476
71000 299.98 -92.65 -20921.38 3350.00 54000.00 1.0476
71100 299.98 -92.65 -20921.38 3350.00 54000.00 1.0476
71200 299.98 -92.65 -20921.38 3350.00 54000.00 1.0476
71300 299.98 -92.65 -20921.38 3350.00 54000.00 1.0476
71400 299.98 -92.65 -20921.38 3350.00 54000.00 1.0476
71500 299.98 -92.65 -20921.38 3350.00 54000.00 1.0476
71600 299.98 -92.65 -20921.38 3350.00 54000.00 1.0476
71700 299.98 -92.65 -20921.38 3350.00 54000.00 1.0476
71800 299.98 -92.65 -20921.38 3350.00 54000.00 1.0476
71900 299.98 -92.65 -20921.38 3350.00 54000.00 1.0476
72000 299.98 -92.65 -20921.38 3350.00 54000.00 1.0476
72100 299.98 -92.65 -20921.38 3350.00 54000.00 1.0476
72200 299.98 -92.65 -20921.38 3350.00 54000.00 1.0476
72300 299.98 -92.65 -20921.38 3350.00 54000.00 1.0476
72400 299.98 -92.65 -20921.38 3350.00 54000.00 1.0476
72500 299.98 -92.65 -20921.38 3350.00 54000.00 1.0476
72600 299.98 -92.65 -20921.38 3350.00 54000.00 1.0476
72700 299.98 -92.65 -20921.38 3350.00 54000.00 1.0476
72800 299.98 -92.65 -20921.38 3350.00 54000.00 1.0476
72900 299.98 -92.65 -20921.38 3350.00 54000.00 1.0476
73000 299.98 -92.65 -20921.38 3350.00 54000.00 1.0476
73100 299.98 -92.65 -20921.38 3350.00 54000.00 1.0476
73200 299.98 -92.65 -20921.38 3350.00 54000.00 1.0476
73300 299.98 -92.65 -20921.38 3350.00 54000.00 1.0476
73400 299.98 -92.65 -20921.38 3350.00 54000.00 1.0476
73500 299.98 -92.65 -20921.38 3350.00 54000.00 1.0476
73600 299.98 -92.65 -20921.38 3350.00 54000.00 1.0476
73700 299.98 -92.65 -20921.38 3350.00 54000.00 1.0476
73800 299.98 -92.65 -20921.38 3350.00 54000.00 1.0476
73900 299.98 -92.65 -20921.38 3350.00 54000.00 1.0476
74000 299.98 -92.65 -20921.38 3350.00 54000.00 1.0476
74100 299.98 -92.65 -20921.38 3350.00 54000.00 1.0476
74200 299.98 -92.65 -20921.38 3350.00 54000.00 1.0476
74300 299.98 -92.65 -20921.38 3350.00 54000.00 1.0476
74400 299.98 -92.65 -20921.38 3350.00 54000.00 1.0476
74500 299.98 -92.65 -20921.38 3350.00 54000.00 1.0476
74600 299.98 -92.65 -20921.38 3350.00 54000.00 1.0476
74700 299.98 -92.65 -20921.38 3350.00 54000.00 1.0476
74800 299.98 -92.65 -20921.38 3350.00 54000.00 1.0476
74900 299.98 -92.65 -20921.38 3350.00 54000.00 1.0476
75000 299.98 -92.65 -20921.38 3350.00 54000.00 1.0476
75100 299.98 -92.65 -20921.38 3350.00 54000.00 1.0476
75200 299.98 -92.65 -20921.38 3350.00 54000.00 1.0476
75300 299.98 -92.65 -20921.38 3350.00 54000.00 1.0476
75400 299.98 -92.65 -20921.38 3350.00 54000.00 1.0476
75500 299.98 -92.65 -20921.38 3350.00 54000.00 1.0476
75600 299.98 -92.65 -20921.38 3350.00 54000.00 1.0476
75700 299.98 -92.65 -20921.38 3350.00 54000.00 1.0476
75800 299.98 -92.65 -20921.38 3350.00 54000.00 1.0476
75900 299.98 -92.65 -20921.38 3350.00 54000.00 1.0476
76000 299.98 -92.65 -20921.38 3350.00 54000.00 1.0476
76100 299.98 -92.65 -20921.38 3350.00 54000.00 1.0476
76200 299.98 -92.65 -20921.38 3350.00 54000.00 1.0476
76300 299.98 -92.65 -20921.38 3350.00 54000.00 1.0476
76400 299.98 -92.65 -20921.38 3350.00 54000.00 1.0476
76500 299.98 -92.65 -20921.38 3350.00 54000.00 1.0476
76600 299.98 -92.65 -20921.38 3350.00 54000.00 1.0476
76700 299.98 -92.65 -20921.38 3350.00 54000.00 1.0476
76800 299.98 -92.65 -20921.38 3350.00 54000.00 1.0476
76900 299.98 -92.65 -20921.38 3350.00 54000.00 1.0476
77000 299.98 -92.65 -20921.38 3350.00 54000.00 1.0476
77100 299.98 -92.65 -20921.38 3350.00 54000.00 1.0476
77200 299.98 -92.65 -20921.38 3350.00 54000.00 1.0476
77300 299.98 -92.65 -20921.38 3350.00 54000.00 1.0476
77400 299.98 -92.65 -20921.38 3350.00 54000.00 1.0476
77500 299.98 -92.65 -20921.38 3350.00 54000.00 1.0476
77600 299.98 -92.65 -20921.38 3350.00 54000.00 1.0476
77700 299.98 -92.65 -20921.38 3350.00 54000.00 1.0476
77800 299.98 -92.65 -20921.38 3350.00 54000.00 1.0476
77900 299.98 -92.65 -20921.38 3350.00 54000.00 1.0476
78000 299.98 -92.65 -20921.38 3350.00 54000.00 1.0476
78100 299.98 -92.65 -20921.38 3350.00 54000.00 1.0476
78200 299.98 -92.65 -20921.38 3350.00 54000.00 1.0476
78300 299.98 -92.65 -20921.38 3350.00 54000.00 1.0476
78400 299.98 -92.65 -20921.38 3350.00 54000.00 1.0476
78500 299.98 -92.65 -20921.38 3350.00 54000.00 1.0476
78600 299.98 -92.65 -20921.38 3350.00 54000.00 1.0476
78700 299.98 -92.65 -20921.38 3350.00 54000.00 1.0476
78800 299.98 -92.65 -20921.38 3350.00 54000.00 1.0476
78900 299.98 -92.65 -20921.38 3350.00 54000.00 1.0476
79000 299.98 -92.65 -20921.38 3350.00 54000.00 1.0476
79100 299.98 -92.65 -20921.38 3350.00 54000.00 1.0476
79200 299.98 -92.65 -20921.38 3350.00 54000.00 1.0476
79300 299.98 -92.65 -20921.38 3350.00 54000.00 1.0476
79400 299.98 -92.65 -20921.38 3350.00 54000.00 1.0476
79500 299.98 -92.65 -20921.38 3350.00 54000.00 1.0476
79600 299.98 -92.65 -20921.38 3350.00 54000.00 1.0476
79700 299.98 -92.65 -20921.38 3350.00 54000.00 1.0476
79800 299.98 -92.65 -20921.38 3350.00 54000.00 1.0476
79900 299.98 -92.65 -20921.38 3350.00 54000.00 1.0476
80000 299.98 -92.65 -20921.38 3350.00 54000.00 1.0476
80100 299.98 -92.65 -20921.38 3350.00 54000.00 1.0476
80200 299.98 -92.65 -20921.38 3350.00 54000.00 1.0476
80300 299.98 -92.65 -20921.38 3350.00 54000.00 1.0476
80400 299.98 -92.65 -20921.38 3350.00 54000.00 1.0476
80500 299.98 -92.65 -20921.38 3350.00 54000.00 1.0476
80600 299.98 -92.65 -20921.38 3350.00 54000.00 1.0476
80700 299.98 -92.65 -20921.38 3350.00 54000.00 1.0476
80800 299.98 -92.65 -20921.38 3350.00 54000.00 1.0476
80900 299.98 -92.65 -20921.38 3350.00 54000.00 1.0476
81000 299.98 -92.65 -20921.38 3350.00 54000.00 1.0476
81100 299.98 -92.65 -20921.38 3350.00 54000.00 1.0476
81200 299.98 -92.65 -20921.38 3350.00 54000.00 1.0476
81300 299.98 -92.65 -20921.38 3350.00 54000.00 1.0476
81400 299.98 -92.65 -20921.38 3350.00 54000.00 1.0476
81500 299.98 -92.65 -20921.38 3350.00 54000.00 1.0476
81600 299.98 -92.65 -20921.38 3350.00 54000.00 1.0476
81700 299.98 -92.65 -20921.38 3350.00 54000.00 1.0476
81800 299.98 -92.65 -20921.38 3350.00 54000.00 1.0476
81900 299.98 -92.65 -20921.38 3350.00 54000.00 1.0476
82000 299.98 -92.65 -20921.38 3350.00 54000.00 1.0476
82100 299.98 -92.65 -20921.38 3350.00 54000.00 1.0476
82200 299.98 -92.65 -20921.38 3350.00 54000.00 1.0476
82300 299.98 -92.65 -20921.38 3350.00 54000.00 1.0476
82400 299.98 -92.65 -20921.38 3350.00 54000.00 1.0476
82500 299.98 -92.65 -20921.38 3350.00 54000.00 1.0476
82600 299.98 -92.65 -20921.38 3350.00 54000.00 1.0476
82700 299.98 -92.65 -20921.38 3350.00 54000.00 1.0476
82800 299.98 -92.65 -20921.38 3350.00 54000.00 1.0476
82900 299.98 -92.65 -20921.38 3350.00 54000.00 1.0476
83000 299.98 -92.65 -20921.38 3350.00 54000.00 1.0476
83100 299.98 -92.65 -20921.38 3350.00 54000.00 1.0476
83200 299.98 -92.65 -20921.38 3350.00 54000.00 1.0476
83300 299.98 -92.65 -20921.38 3350.00 54000.00 1.0476
83400 299.98 -92.65 -20921.38 3350.00 54000.00 1.0476
83500 299.98 -92.65 -20921.38 3350.00 54000.00 1.0476
83600 299.98 -92.65 -20921.38 3350.00 54000.00 1.0476
83700 299.98 -92.65 -20921.38 3350.00 54000.00 1.0476
83800 299.98 -92.65 -20921.38 3350.00 54000.00 1.0476
83900 299.98 -92.65 -20921.38 3350.00 54000.00 1.0476
84000 299.98 -92.65 -20921.38 3350.00 54000.00 1.0476
84100 299.98 -92.65 -20921.38 3350.00 54000.00 1.0476
84200 299.98 -92.65 -20921.38 3350.00 54000.00 1.0476
84300 299.98 -92.65 -20921.38 3350.00 54000.00 1.0476
84400 299.98 -92.65 -20921.38 3350.00 54000.00 1.0476
84500 299.98 -92.65 -20921.38 3350.00 54000.00 1.0476
84600 299.98 -92.65 -20921.38 3350.00 54000.00 1.0476
84700 299.98 -92.65 -20921.38 3350.00 54000.00 1.0476
84800 299.98 -92.65 -20921.38 3350.00 54000.00 1.0476
84900 299.98 -92.65 -20921.38 3350.00 54000.00 1.0476
85000 299.98 -92.65 -20921.38 3350.00 54000.00 1.0476
85100 299.98 -92.65 -20921.38 3350.00 54000.00 1.0476
85200 299.98 -92.65 -20921.38 3350.00 54000.00 1.0476
85300 299.98 -92.65 -20921.38 3350.00 54000.00 1.0476
85400 299.98 -92.65 -20921.38 3350.00 54000.00 1.0476
85500 299.98 -92.65 -20921.38 3350.00 54000.00 1.0476
85600 299.98 -92.65 -20921.38 3350.00 54000.00 1.0476
85700 299.98 -92.65 -20921.38 3350.00 54000.00 1.0476
85800 299.98 -92.65 -20921.38 3350.00 54000.00 1.0476
85900 299.98 -92.65 -20921.38 3350.00 54000.00 1.0476
86000 299.98 -92.65 -20921.38 3350.00 54000.00 1.0476
86100 299.98 -92.65 -20921.38 3350.00 54000.00 1.0476
86200 299.98 -92.65 -20921.38 3350.00 54000.00 1.0476
86300 299.98 -92.65 -20921.38 3350.00 54000.00 1.0476
86400 299.98 -92.65 -20921.38 3350.00 54000.00 1.0476
86500 299.98 -92.65 -20921.38 3350.00 54000.00 1.0476
86600 299.98 -92.65 -20921.38 3350.00 54000.00 1.0476
86700 299.98 -92.65 -20921.38 3350.00 54000.00 1.0476
86800 299.98 -92.65 -20921.38 3350.00 54000.00 1.0476
86900 299.98 -92.65 -20921.38 3350.00 54000.00 1.0476
87000 299.98 -92.65 -20921.38 3350.00 54000.00 1.0476
87100 299.98 -92.65 -20921.38 3350.00 54000.00 1.0476
87200 299.98 -92.65 -20921.38 3350.00 54000.00 1.0476
87300 299.98 -92.65 -20921.38 3350.00 54000.00 1.0476
87400 299.98 -92.65 -20921.38 3350.00 54000.00 1.0476
87500 299.98 -92.65 -20921.38 3350.00 54000.00 1.0476
87600 299.98 -92.65 -20921.38 3350.00 54000.00 1.0476
87700 299.98 -92.65 -20921.38 3350.00 54000.00 1.0476
87800 299.98 -92.65 -20921.38 3350.00 54000.00 1.0476
87900 299.98 -92.65 -20921.38 3350.00 54000.00 1.0476
88000 299.98 -92.65 -20921.38 3350.00 54000.00 1.0476
88100 299.98 -92.65 -20921.38 3350.00 54000.00 1.0476
88200 299.98 -92.65 -20921.38 3350.00 54000.00 1.0476
88300 299.98 -92.65 -20921.38 3350.00 54000.00 1.0476
88400 299.98 -92.65 -20921.38 3350.00 54000.00 1.0476
88500 299.98 -92.65 -20921.38 3350.00 54000.00 1.0476
88600 299.98 -92.65 -20921.38 3350.00 54000.00 1.0476
88700 299.98 -92.65 -20921.38 3350.00 54000.00 1.0476
88800 299.98 -92.65 -20921.38 3350.00 54000.00 1.0476
88900 299.98 -92.65 -20921.38 3350.00 54000.00 1.0476
89000 299.98 -92.65 -20921.38 3350.00 54000.00 1.0476
89100 299.98 -92.65 -20921.38 3350.00 54000.00 1.0476
89200 299.98 -92.65 -20921.38 3350.00 54000.00 1.0476
89300 299.98 -92.65 -20921.38 3350.00 54000.00 1.0476
89400 299.98 -92.65 -20921.38 3350.00 54000.00 1.0476
89500 299.98 -92.65 -20921.38 3350.00 54000.00 1.0476
89600 299.98 -92.65 -20921.38 3350.00 54000.00 1.0476
89700 299.98 -92.65 -20921.38 3350.00 54000.00 1.0476
89800 299.98 -92.65 -20921.38 3350.00 54000.00 1.0476
89900 299.98 -92.65 -20921.38 3350.00 54000.00 1.0476
90000 299.98 -92.65 -20921.38 3350.00 54000.00 1.0476
90100 299.98 -92.65 -20921.38 3350.00 54000.00 1.0476
90200 299.98 -92.65 -20921.38 3350.00 54000.00 1.0476
90300 299.98 -92.65 -20921.38 3350.00 54000.00 1.0476
90400 299.98 -92.65 -20921.38 3350.00 54000.00 1.0476
90500 299.98 -92.65 -20921.38 3350.00 54000.00 1.0476
90600 299.98 -92.65 -20921.38 3350.00 54000.00 1.0476
90700 299.98 -92.65 -20921.38 3350.00 54000.00 1.0476
90800 299.98 -92.65 -20921.38 3350.00 54000.00 1.0476
90900 299.98 -92.65 -20921.38 3350.00 54000.00 1.0476
91000 299.98 -92.65 -20921.38 3350.00 54000.00 1.0476
91100 299.98 -92.65 -20921.38 3350.00 54000.00 1.0476
91200 299.98 -92.65 -20921.38 3350.00 54000.00 1.0476
91300 299.98 -92.65 -20921.38 3350.00 54000.00 1.0476
91400 299.98 -92.65 -20921.38 3350.00 54000.00 1.0476
91500 299.98 -92.65 -20921.38 3350.00 54000.00 1.0476
91600 299.98 -92.65 -20921.38 3350.00 54000.00 1.0476
91700 299.98 -92.65 -20921.38 3350.00 54000.00 1.0476
91800 299.98 -92.65 -20921.38 3350.00 54000.00 1.0476
91900 299.98 -92.65 -20921.38 3350.00 54000.00 1.0476
92000 299.98 -92.65 -20921.38 3350.00 54000.00 1.0476
92100 299.98 -92.65 -20921.38 3350.00 54000.00 1.0476
92200 299.98 -92.65 -20921.38 3350.00 54000.00 1.0476
92300 299.98 -92.65 -20921.38 3350.00 54000.00 1.0476
92400 299.98 -92.65 -20921.38 3350.00 54000.00 1.0476
92500 299.98 -92.65 -20921.38 3350.00 54000.00 1.0476
92600 299.98 -92.65 -20921.38 3350.00 54000.00 1.0476
92700 299.98 -92.65 -20921.38 3350.00 54000.00 1.0476
92800 299.98 -92.65 -20921.38 3350.00 54000.00 1.0476
92900 299.98 -92.65 -20921.38 3350.00 54000.00 1.0476
93000 299.98 -92.65 -20921.38 3350.00 54000.00 1.0476
93100 299.98 -92.65 -20921.38 3350.00 54000.00 1.0476
93200 299.98 -92.65 -20921.38 3350.00 54000.00 1.0476
93300 299.98 -92.65 -20921.38 3350.00 54000.00 1.0476
93400 299.98 -92.65 -20921.38 3350.00 54000.00 1.0476
93500 299.98 -92.65 -20921.38 3350.00 54000.00 1.0476
93600 299.98 -92.65 -20921.38 3350.00 54000.00 1.0476
93700 299.98 -92.65 -20921.38 3350.00 54000.00 1.0476
93800 299.98 -92.65 -20921.38 3350.00 54000.00 1.0476
93900 299.98 -92.65 -20921.38 3350.00 54000.00 1.0476
94000 299.98 -92.65 -20921.38 3350.00 54000.00 1.0476
94100 299.98 -92.65 -20921.38 3350.00 54000.00 1.0476
94200 299.98 -92.65 -20921.38 3350.00 54000.00 1.0476
94300 299.98 -92.65 -20921.38 3350.00 54000.00 1.0476
94400 299.98 -92.65 -20921.38 3350.00 54000.00 1.0476
94500 299.98 -92.65 -20921.38 3350.00 54000.00 1.0476
94600 299.98 -92.65 -20921.38 3350.00 54000.00 1.0476
94700 299.98 -92.65 -20921.38 3350.00 54000.00 1.0476
94800 299.98 -92.65 -20921.38 3350.00 54000.00 1.0476
94900 299.98 -92.65 -20921.38 3350.00 54000.00 1.0476
95000 299.98 -92.65 -20921.38 3350.00 54000.00 1.0476
95100 299.98 -92.65 -20921.38 3350.00 54000.00 1.0476
95200 299.98 -92.65 -20921.38 3350.00 54000.00 1.0476
95300 299.98 -92.65 -20921.38 3350.00 54000.00 1.0476
95400 299.98 -92.65 -20921.38 3350.00 54000.00 1.0476
95500 299.98 -92.65 -20921.38 3350.00 54000.00 1.0476
95600 299.98 -92.65 -20921.38 3350.00 54000.00 1.0476
95700 299.98 -92.65 -20921.38 3350.00 54000.00 1.0476
95800 299.98 -92.65 -20921.38 3350.00 54000.00 1.0476
95900 299.98 -92.65 -20921.38 3350.00 54000.00 1.0476
96000 299.98 -92.65 -20921.38 3350.00 54000.00 1.0476
96100 299.98 -92.65 -20921.38 3350.00 54000.00 1.0476
96200 299.98 -92.65 -20921.38 3350.00 54000.00 1.0476
96300 299.98 -92.65 -20921.38 3350.00 54000.00 1.0476
96400 299.98 -92.65 -20921.38 3350.00 54000.00 1.0476
96500 299.98 -92.65 -20921.38 3350.00 54000.00 1.0476
96600 299.98 -92.65 -20921.38 3350.00 54000.00 1.0476
96700 299.98 -92.65 -20921.38 3350.00 54000.00 1.0476
96800 299.98 -92.65 -20921.38 3350.00 54000.00 1.0476
96900 299.98 -92.65 -20921.38 3350.00 54000.00 1.0476
97000 299.98 -92.65 -20921.38 3350.00 54000.00 1.0476
97100 299.98 -92.65 -20921.38 3350.00 54000.00 1.0476
97200 299.98 -92.65 -20921.38 3350.00 54000.00 1.0476
97300 299.98 -92.65 -20921.38 3350.00 54000.00 1.0476
97400 299.98 -92.65 -20921.38 3350.00 54000.00 1.0476
97500 299.98 -92.65 -20921.38 3350.00 54000.00 1.0476
97600 299.98 -92.65 -20921.38 3350.00 54000.00 1.0476
97700 299.98 -92.65 -20921.38 3350.00 54000.00 1.0476
97800 299.98 -92.65 -20921.38 3350.00 54000.00 1.0476
97900 299.98 -92.65 -20921.38 3350.00 54000.00 1.0476
98000 299.98 -92.65 -20921.38 3350.00 54000.00 1.0476
98100 299.98 -92.65 -20921.38 3350.00 54000.00 1.0476
98200 299.98 -92.65 -20921.38 3350.00 54000.00 1.0476
98300 299.98 -92.65 -20921.38 3350.00 54000.00 1.0476
98400 299.98 -92.65 -20921.38 3350.00 54000.00 1.0476
98500 299.98 -92.65 -20921.38 3350.00 54000.00 1.0476
98600 299.98 -92.65 -20921.38 3350.00 54000.00 1.0476
98700 299.98 -92.65 -20921.38 3350.00 54000.00 1.0476
98800 299.98 -92.65 -20921.38 3350.00 54000.00 1.0476
98900 299.98 -92.65 -20921.38 3350.00 54000.00 1.0476
99000 299.98 -92.65 -20921.38 3350.00 54000.00 1.0476
99100 299.98 -92.65 -20921.38 3350.00 54000.00 1.0476
99200 299.98 -92.65 -20921.38 3350.00 54000.00 1.0476
99300 299.98 -92.65 -20921.38 3350.00 54000.00 1.0476
99400 299.98 -92.65 -20921.38 3350.00 54000.00 1.0476
99500 299.98 -92.65 -20921.38 3350.00 54000.00 1.0476
99600 299.98 -92.65 -20921.38 3350.00 54000.00 1.0476
99700 299.98 -92.65 -20921.38 3350.00 54000.00 1.0476
99800 299.98 -92.65 -20921.38 3350.00 54000.00 1.0476
99900 299.98 -92.65 -20921.38 3350.00 54000.00 1.0476
