# TimeStep Temp Press PotEng KinEng Volume Density
0 296.83 16.53 -21140.62 3350.00 54000.00 1.0459
100 298.05 -169.56 -21053.45 3350.00 54000.00 1.0456
200 298.53 -209.20 -21031.76 3350.00 54000.00 1.0456
300 298.83 -229.68 -21014.96 3350.00 54000.00 1.0455
400 299.03 -238.67 -21000.71 3350.00 54000.00 1.0453
500 299.17 -241.84 -20989.11 3350.00 54000.00 1.0453
600 299.26 -242.13 -20979.89 3350.00 54000.00 1.0452
700 299.34 -241.04 -20972.66 3350.00 54000.00 1.0452
800 299.39 -239.37 -20967.01 3350.00 54000.00 1.0452
900 299.43 -237.52 -20962.61 3350.00 54000.00 1.0452
1000 299.47 -235.70 -20959.20 3350.00 54000.00 1.0452
1100 299.49 -234.01 -20956.57 3350.00 54000.00 1.0452
1200 299.52 -232.48 -20954.55 3350.00 54000.00 1.0452
1300 299.53 -231.14 -20953.01 3350.00 54000.00 1.0452
1400 299.55 -229.96 -20951.84 3350.00 54000.00 1.0452
1500 299.56 -228.97 -20950.96 3350.00 54000.00 1.0452
1600 299.56 -228.13 -20950.30 3350.00 54000.00 1.0452
1700 299.57 -227.42 -20949.81 3350.00 54000.00 1.0452
1800 299.58 -226.83 -20949.45 3350.00 54000.00 1.0452
1900 299.58 -226.33 -20949.18 3350.00 54000.00 1.0452
2000 299.58 -225.92 -20948.99 3350.00 54000.00 1.0452
2100 299.59 -225.58 -20948.85 3350.00 54000.00 1.0452
2200 299.59 -225.31 -20948.76 3350.00 54000.00 1.0452
2300 299.59 -225.08 -20948.69 3350.00 54000.00 1.0452
2400 299.59 -224.89 -20948.63 3350.00 54000.00 1.0452
2500 299.59 -224.74 -20948.60 3350.00 54000.00 1.0452
2600 299.59 -224.61 -20948.58 3350.00 54000.00 1.0452
2700 299.59 -224.51 -20948.57 3350.00 54000.00 1.0452
2800 299.60 -224.42 -20948.57 3350.00 54000.00 1.0452
2900 299.60 -224.35 -20948.57 3350.00 54000.00 1.0452
3000 299.60 -224.29 -20948.57 3350.00 54000.00 1.0452
3100 299.60 -224.25 -20948.58 3350.00 54000.00 1.0452
3200 299.60 -224.21 -20948.58 3350.00 54000.00 1.0452
3300 299.60 -224.18 -20948.59 3350.00 54000.00 1.0452
3400 299.60 -224.15 -20948.60 3350.00 54000.00 1.0452
3500 299.60 -224.13 -20948.60 3350.00 54000.00 1.0452
3600 299.60 -224.11 -20948.61 3350.00 54000.00 1.0452
3700 299.60 -224.09 -20948.61 3350.00 54000.00 1.0452
3800 299.60 -224.08 -20948.62 3350.00 54000.00 1.0452
3900 299.60 -224.07 -20948.62 3350.00 54000.00 1.0452
4000 299.60 -224.06 -20948.63 3350.00 54000.00 1.0452
4100 299.60 -224.05 -20948.63 3350.00 54000.00 1.0452
4200 299.60 -224.05 -20948.64 3350.00 54000.00 1.0452
4300 299.60 -224.04 -20948.64 3350.00 54000.00 1.0452
4400 299.60 -224.04 -20948.64 3350.00 54000.00 1.0452
4500 299.60 -224.03 -20948.65 3350.00 54000.00 1.0452
4600 299.60 -224.03 -20948.65 3350.00 54000.00 1.0452
4700 299.60 -224.03 -20948.65 3350.00 54000.00 1.0452
4800 299.60 -224.02 -20948.65 3350.00 54000.00 1.0452
4900 299.60 -224.02 -20948.65 3350.00 54000.00 1.0452
5000 299.60 -224.01 -20948.66 3350.00 54000.00 1.0452
5100 299.60 -224.01 -20948.66 3350.00 54000.00 1.0452
5200 299.60 -224.01 -20948.66 3350.00 54000.00 1.0452
5300 299.60 -224.01 -20948.66 3350.00 54000.00 1.0452
5400 299.60 -224.00 -20948.66 3350.00 54000.00 1.0452
5500 299.60 -224.00 -20948.66 3350.00 54000.00 1.0452
5600 299.60 -224.00 -20948.66 3350.00 54000.00 1.0452
5700 299.60 -224.00 -20948.66 3350.00 54000.00 1.0452
5800 299.60 -224.00 -20948.66 3350.00 54000.00 1.0452
5900 299.60 -224.01 -20948.66 3350.00 54000.00 1.0452
6000 299.60 -224.01 -20948.66 3350.00 54000.00 1.0452
6100 299.60 -224.01 -20948.66 3350.00 54000.00 1.0452
6200 299.60 -224.01 -20948.66 3350.00 54000.00 1.0452
6300 299.60 -224.01 -20948.66 3350.00 54000.00 1.0452
6400 299.60 -224.01 -20948.66 3350.00 54000.00 1.0452
6500 299.60 -224.01 -20948.67 3350.00 54000.00 1.0452
6600 299.60 -224.01 -20948.67 3350.00 54000.00 1.0452
6700 299.60 -224.01 -20948.67 3350.00 54000.00 1.0452
6800 299.60 -224.01 -20948.67 3350.00 54000.00 1.0452
6900 299.60 -224.01 -20948.67 3350.00 54000.00 1.0452
7000 299.60 -224.01 -20948.67 3350.00 54000.00 1.0452
7100 299.60 -224.01 -20948.67 3350.00 54000.00 1.0452
7200 299.60 -224.01 -20948.67 3350.00 54000.00 1.0452
7300 299.60 -224.01 -20948.67 3350.00 54000.00 1.0452
7400 299.60 -224.01 -20948.67 3350.00 54000.00 1.0452
7500 299.60 -224.01 -20948.67 3350.00 54000.00 1.0452
7600 299.60 -224.01 -20948.67 3350.00 54000.00 1.0452
7700 299.60 -224.01 -20948.67 3350.00 54000.00 1.0452
7800 299.60 -224.01 -20948.67 3350.00 54000.00 1.0452
7900 299.60 -224.01 -20948.67 3350.00 54000.00 1.0452
8000 299.60 -224.01 -20948.67 3350.00 54000.00 1.0452
8100 299.60 -224.01 -20948.67 3350.00 54000.00 1.0452
8200 299.60 -224.01 -20948.67 3350.00 54000.00 1.0452
8300 299.60 -224.01 -20948.67 3350.00 54000.00 1.0452
8400 299.60 -224.01 -20948.67 3350.00 54000.00 1.0452
8500 299.60 -224.01 -20948.67 3350.00 54000.00 1.0452
8600 299.60 -224.01 -20948.67 3350.00 54000.00 1.0452
8700 299.60 -224.01 -20948.67 3350.00 54000.00 1.0452
8800 299.60 -224.01 -20948.67 3350.00 54000.00 1.0452
8900 299.60 -224.01 -20948.67 3350.00 54000.00 1.0452
9000 299.60 -224.01 -20948.67 3350.00 54000.00 1.0452
9100 299.60 -224.01 -20948.67 3350.00 54000.00 1.0452
9200 299.60 -224.01 -20948.67 3350.00 54000.00 1.0452
9300 299.60 -224.01 -20948.67 3350.00 54000.00 1.0452
9400 299.60 -224.01 -20948.67 3350.00 54000.00 1.0452
9500 299.60 -224.01 -20948.67 3350.00 54000.00 1.0452
9600 299.60 -224.01 -20948.67 3350.00 54000.00 1.0452
9700 299.60 -224.01 -20948.67 3350.00 54000.00 1.0452
9800 299.60 -224.01 -20948.68 3350.00 54000.00 1.0452
9900 299.60 -224.01 -20948.67 3350.00 54000.00 1.0452
10000 299.60 -224.01 -20948.67 3350.00 54000.00 1.0452
10100 299.60 -224.01 -20948.67 3350.00 54000.00 1.0452
10200 299.60 -224.01 -20948.67 3350.00 54000.00 1.0452
10300 299.60 -224.01 -20948.67 3350.00 54000.00 1.0452
10400 299.60 -224.01 -20948.67 3350.00 54000.00 1.0452
10500 299.60 -224.01 -20948.67 3350.00 54000.00 1.0452
10600 299.60 -224.01 -20948.67 3350.00 54000.00 1.0452
10700 299.60 -224.01 -20948.67 3350.00 54000.00 1.0452
10800 299.60 -224.01 -20948.67 3350.00 54000.00 1.0452
10900 299.60 -224.01 -20948.67 3350.00 54000.00 1.0452
11000 299.60 -224.01 -20948.67 3350.00 54000.00 1.0452
11100 299.60 -224.01 -20948.67 3350.00 54000.00 1.0452
11200 299.60 -224.01 -20948.67 3350.00 54000.00 1.0452
11300 299.60 -224.01 -20948.67 3350.00 54000.00 1.0452
11400 299.60 -224.01 -20948.67 3350.00 54000.00 1.0452
11500 299.60 -224.01 -20948.67 3350.00 54000.00 1.0452
11600 299.60 -224.01 -20948.67 3350.00 54000.00 1.0452
11700 299.60 -224.01 -20948.67 3350.00 54000.00 1.0452
11800 299.60 -224.01 -20948.67 3350.00 54000.00 1.0452
11900 299.60 -224.01 -20948.67 3350.00 54000.00 1.0452
12000 299.60 -224.01 -20948.67 3350.00 54000.00 1.0452
12100 299.60 -224.01 -20948.67 3350.00 54000.00 1.0452
12200 299.60 -224.01 -20948.67 3350.00 54000.00 1.0452
12300 299.60 -224.01 -20948.67 3350.00 54000.00 1.0452
12400 299.60 -224.01 -20948.67 3350.00 54000.00 1.0452
12500 299.60 -224.01 -20948.67 3350.00 54000.00 1.0452
12600 299.60 -224.01 -20948.67 3350.00 54000.00 1.0452
12700 299.60 -224.01 -20948.67 3350.00 54000.00 1.0452
12800 299.60 -224.01 -20948.67 3350.00 54000.00 1.0452
12900 299.60 -224.01 -20948.67 3350.00 54000.00 1.0452
13000 299.60 -224.01 -20948.67 3350.00 54000.00 1.0452
13100 299.60 -224.01 -20948.67 3350.00 54000.00 1.0452
13200 299.60 -224.01 -20948.67 3350.00 54000.00 1.0452
13300 299.60 -224.01 -20948.67 3350.00 54000.00 1.0452
13400 299.60 -224.01 -20948.67 3350.00 54000.00 1.0452
13500 299.60 -224.01 -20948.67 3350.00 54000.00 1.0452
13600 299.60 -224.01 -20948.67 3350.00 54000.00 1.0452
13700 299.60 -224.01 -20948.67 3350.00 54000.00 1.0452
13800 299.60 -224.01 -20948.67 3350.00 54000.00 1.0452
13900 299.60 -224.01 -20948.67 3350.00 54000.00 1.0452
14000 299.60 -224.01 -20948.67 3350.00 54000.00 1.0452
14100 299.60 -224.01 -20948.67 3350.00 54000.00 1.0452
14200 299.60 -224.01 -20948.67 3350.00 54000.00 1.0452
14300 299.60 -224.01 -20948.67 3350.00 54000.00 1.0452
14400 299.60 -224.01 -20948.67 3350.00 54000.00 1.0452
14500 299.60 -224.01 -20948.67 3350.00 54000.00 1.0452
14600 299.60 -224.01 -20948.67 3350.00 54000.00 1.0452
14700 299.60 -224.01 -20948.67 3350.00 54000.00 1.0452
14800 299.60 -224.01 -20948.67 3350.00 54000.00 1.0452
14900 299.60 -224.01 -20948.67 3350.00 54000.00 1.0452
15000 299.60 -224.01 -20948.67 3350.00 54000.00 1.0452
15100 299.60 -224.01 -20948.67 3350.00 54000.00 1.0452
15200 299.60 -224.01 -20948.67 3350.00 54000.00 1.0452
15300 299.60 -224.01 -20948.67 3350.00 54000.00 1.0452
15400 299.60 -224.01 -20948.67 3350.00 54000.00 1.0452
15500 299.60 -224.01 -20948.67 3350.00 54000.00 1.0452
15600 299.60 -224.01 -20948.67 3350.00 54000.00 1.0452
15700 299.60 -224.01 -20948.67 3350.00 54000.00 1.0452
15800 299.60 -224.01 -20948.67 3350.00 54000.00 1.0452
15900 299.60 -224.01 -20948.67 3350.00 54000.00 1.0452
16000 299.60 -224.01 -20948.67 3350.00 54000.00 1.0452
16100 299.60 -224.01 -20948.67 3350.00 54000.00 1.0452
16200 299.60 -224.01 -20948.67 3350.00 54000.00 1.0452
16300 299.60 -224.01 -20948.67 3350.00 54000.00 1.0452
16400 299.60 -224.01 -20948.67 3350.00 54000.00 1.0452
16500 299.60 -224.01 -20948.67 3350.00 54000.00 1.0452
16600 299.60 -224.01 -20948.67 3350.00 54000.00 1.0452
16700 299.60 -224.01 -20948.67 3350.00 54000.00 1.0452
16800 299.60 -224.01 -20948.67 3350.00 54000.00 1.0452
16900 299.60 -224.01 -20948.67 3350.00 54000.00 1.0452
17000 299.60 -224.01 -20948.67 3350.00 54000.00 1.0452
17100 299.60 -224.01 -20948.67 3350.00 54000.00 1.0452
17200 299.60 -224.01 -20948.67 3350.00 54000.00 1.0452
17300 299.60 -224.01 -20948.67 3350.00 54000.00 1.0452
17400 299.60 -224.01 -20948.67 3350.00 54000.00 1.0452
17500 299.60 -224.01 -20948.67 3350.00 54000.00 1.0452
17600 299.60 -224.01 -20948.67 3350.00 54000.00 1.0452
17700 299.60 -224.01 -20948.67 3350.00 54000.00 1.0452
17800 299.60 -224.01 -20948.67 3350.00 54000.00 1.0452
17900 299.60 -224.01 -20948.67 3350.00 54000.00 1.0452
18000 299.60 -224.01 -20948.67 3350.00 54000.00 1.0452
18100 299.60 -224.01 -20948.67 3350.00 54000.00 1.0452
18200 299.60 -224.01 -20948.67 3350.00 54000.00 1.0452
18300 299.60 -224.01 -20948.67 3350.00 54000.00 1.0452
18400 299.60 -224.01 -20948.67 3350.00 54000.00 1.0452
18500 299.60 -224.01 -20948.67 3350.00 54000.00 1.0452
18600 299.60 -224.01 -20948.67 3350.00 54000.00 1.0452
18700 299.60 -224.01 -20948.67 3350.00 54000.00 1.0452
18800 299.60 -224.01 -20948.67 3350.00 54000.00 1.0452
18900 299.60 -224.01 -20948.67 3350.00 54000.00 1.0452
19000 299.60 -224.01 -20948.67 3350.00 54000.00 1.0452
19100 299.60 -224.01 -20948.67 3350.00 54000.00 1.0452
19200 299.60 -224.01 -20948.67 3350.00 54000.00 1.0452
19300 299.60 -224.01 -20948.67 3350.00 54000.00 1.0452
19400 299.60 -224.01 -20948.67 3350.00 54000.00 1.0452
19500 299.60 -224.01 -20948.67 3350.00 54000.00 1.0452
19600 299.60 -224.01 -20948.67 3350.00 54000.00 1.0452
19700 299.60 -224.01 -20948.67 3350.00 54000.00 1.0452
19800 299.60 -224.01 -20948.67 3350.00 54000.00 1.0452
19900 299.60 -224.01 -20948.67 3350.00 54000.00 1.0452
20000 299.60 -224.01 -20948.67 3350.00 54000.00 1.0452
20100 299.60 -224.01 -20948.67 3350.00 54000.00 1.0452
20200 299.60 -224.01 -20948.67 3350.00 54000.00 1.0452
20300 299.60 -224.01 -20948.67 3350.00 54000.00 1.0452
20400 299.60 -224.01 -20948.67 3350.00 54000.00 1.0452
20500 299.60 -224.01 -20948.67 3350.00 54000.00 1.0452
20600 299.60 -224.01 -20948.67 3350.00 54000.00 1.0452
20700 299.60 -224.01 -20948.67 3350.00 54000.00 1.0452
20800 299.60 -224.01 -20948.67 3350.00 54000.00 1.0452
20900 299.60 -224.01 -20948.67 3350.00 54000.00 1.0452
21000 299.60 -224.01 -20948.67 3350.00 54000.00 1.0452
21100 299.60 -224.01 -20948.67 3350.00 54000.00 1.0452
21200 299.60 -224.01 -20948.67 3350.00 54000.00 1.0452
21300 299.60 -224.01 -20948.67 3350.00 54000.00 1.0452
21400 299.60 -224.01 -20948.67 3350.00 54000.00 1.0452
21500 299.60 -224.01 -20948.67 3350.00 54000.00 1.0452
21600 299.60 -224.01 -20948.67 3350.00 54000.00 1.0452
21700 299.60 -224.01 -20948.67 3350.00 54000.00 1.0452
21800 299.60 -224.01 -20948.67 3350.00 54000.00 1.0452
21900 299.60 -224.01 -20948.67 3350.00 54000.00 1.0452
22000 299.60 -224.01 -20948.67 3350.00 54000.00 1.0452
22100 299.60 -224.01 -20948.67 3350.00 54000.00 1.0452
22200 299.60 -224.01 -20948.67 3350.00 54000.00 1.0452
22300 299.60 -224.01 -20948.67 3350.00 54000.00 1.0452
22400 299.60 -224.01 -20948.67 3350.00 54000.00 1.0452
22500 299.60 -224.01 -20948.67 3350.00 54000.00 1.0452
22600 299.60 -224.01 -20948.67 3350.00 54000.00 1.0452
22700 299.60 -224.01 -20948.67 3350.00 54000.00 1.0452
22800 299.60 -224.01 -20948.67 3350.00 54000.00 1.0452
22900 299.60 -224.01 -20948.67 3350.00 54000.00 1.0452
23000 299.60 -224.01 -20948.67 3350.00 54000.00 1.0452
23100 299.60 -224.01 -20948.67 3350.00 54000.00 1.0452
23200 299.60 -224.01 -20948.67 3350.00 54000.00 1.0452
23300 299.60 -224.01 -20948.67 3350.00 54000.00 1.0452
23400 299.60 -224.01 -20948.67 3350.00 54000.00 1.0452
23500 299.60 -224.01 -20948.67 3350.00 54000.00 1.0452
23600 299.60 -224.01 -20948.67 3350.00 54000.00 1.0452
23700 299.60 -224.01 -20948.67 3350.00 54000.00 1.0452
23800 299.60 -224.01 -20948.67 3350.00 54000.00 1.0452
23900 299.60 -224.01 -20948.67 3350.00 54000.00 1.0452
24000 299.60 -224.01 -20948.67 3350.00 54000.00 1.0452
24100 299.60 -224.01 -20948.67 3350.00 54000.00 1.0452
24200 299.60 -224.01 -20948.67 3350.00 54000.00 1.0452
24300 299.60 -224.01 -20948.67 3350.00 54000.00 1.0452
24400 299.60 -224.01 -20948.67 3350.00 54000.00 1.0452
24500 299.60 -224.01 -20948.67 3350.00 54000.00 1.0452
24600 299.60 -224.01 -20948.67 3350.00 54000.00 1.0452
24700 299.60 -224.01 -20948.67 3350.00 54000.00 1.0452
24800 299.60 -224.01 -20948.67 3350.00 54000.00 1.0452
24900 299.60 -224.01 -20948.67 3350.00 54000.00 1.0452
25000 299.60 -224.01 -20948.67 3350.00 54000.00 1.0452
25100 299.60 -224.01 -20948.67 3350.00 54000.00 1.0452
25200 299.60 -224.01 -20948.67 3350.00 54000.00 1.0452
25300 299.60 -224.01 -20948.67 3350.00 54000.00 1.0452
25400 299.60 -224.01 -20948.67 3350.00 54000.00 1.0452
25500 299.60 -224.01 -20948.67 3350.00 54000.00 1.0452
25600 299.60 -224.01 -20948.67 3350.00 54000.00 1.0452
25700 299.60 -224.01 -20948.67 3350.00 54000.00 1.0452
25800 299.60 -224.01 -20948.67 3350.00 54000.00 1.0452
25900 299.60 -224.01 -20948.67 3350.00 54000.00 1.0452
26000 299.60 -224.01 -20948.67 3350.00 54000.00 1.0452
26100 299.60 -224.01 -20948.67 3350.00 54000.00 1.0452
26200 299.60 -224.01 -20948.67 3350.00 54000.00 1.0452
26300 299.60 -224.01 -20948.67 3350.00 54000.00 1.0452
26400 299.60 -224.01 -20948.67 3350.00 54000.00 1.0452
26500 299.60 -224.01 -20948.67 3350.00 54000.00 1.0452
26600 299.60 -224.01 -20948.67 3350.00 54000.00 1.0452
26700 299.60 -224.01 -20948.67 3350.00 54000.00 1.0452
26800 299.60 -224.01 -20948.67 3350.00 54000.00 1.0452
26900 299.60 -224.01 -20948.67 3350.00 54000.00 1.0452
27000 299.60 -224.01 -20948.67 3350.00 54000.00 1.0452
27100 299.60 -224.01 -20948.67 3350.00 54000.00 1.0452
27200 299.60 -224.01 -20948.67 3350.00 54000.00 1.0452
27300 299.60 -224.01 -20948.67 3350.00 54000.00 1.0452
27400 299.60 -224.01 -20948.67 3350.00 54000.00 1.0452
27500 299.60 -224.01 -20948.67 3350.00 54000.00 1.0452
27600 299.60 -224.01 -20948.67 3350.00 54000.00 1.0452
27700 299.60 -224.01 -20948.67 3350.00 54000.00 1.0452
27800 299.60 -224.01 -20948.67 3350.00 54000.00 1.0452
27900 299.60 -224.01 -20948.67 3350.00 54000.00 1.0452
28000 299.60 -224.01 -20948.67 3350.00 54000.00 1.0452
28100 299.60 -224.01 -20948.67 3350.00 54000.00 1.0452
28200 299.60 -224.01 -20948.67 3350.00 54000.00 1.0452
28300 299.60 -224.01 -20948.67 3350.00 54000.00 1.0452
28400 299.60 -224.01 -20948.67 3350.00 54000.00 1.0452
28500 299.60 -224.01 -20948.67 3350.00 54000.00 1.0452
28600 299.60 -224.01 -20948.67 3350.00 54000.00 1.0452
28700 299.60 -224.01 -20948.67 3350.00 54000.00 1.0452
28800 299.60 -224.01 -20948.67 3350.00 54000.00 1.0452
28900 299.60 -224.01 -20948.67 3350.00 54000.00 1.0452
29000 299.60 -224.01 -20948.67 3350.00 54000.00 1.0452
29100 299.60 -224.01 -20948.67 3350.00 54000.00 1.0452
29200 299.60 -224.01 -20948.67 3350.00 54000.00 1.0452
29300 299.60 -224.01 -20948.67 3350.00 54000.00 1.0452
29400 299.60 -224.01 -20948.67 3350.00 54000.00 1.0452
29500 299.60 -224.01 -20948.67 3350.00 54000.00 1.0452
29600 299.60 -224.01 -20948.67 3350.00 54000.00 1.0452
29700 299.60 -224.01 -20948.67 3350.00 54000.00 1.0452
29800 299.60 -224.01 -20948.67 3350.00 54000.00 1.0452
29900 299.60 -224.01 -20948.67 3350.00 54000.00 1.0452
30000 299.60 -224.01 -20948.67 3350.00 54000.00 1.0452
30100 299.60 -224.01 -20948.67 3350.00 54000.00 1.0452
30200 299.60 -224.01 -20948.67 3350.00 54000.00 1.0452
30300 299.60 -224.01 -20948.67 3350.00 54000.00 1.0452
30400 299.60 -224.01 -20948.67 3350.00 54000.00 1.0452
30500 299.60 -224.01 -20948.67 3350.00 54000.00 1.0452
30600 299.60 -224.01 -20948.67 3350.00 54000.00 1.0452
30700 299.60 -224.01 -20948.67 3350.00 54000.00 1.0452
30800 299.60 -224.01 -20948.67 3350.00 54000.00 1.0452
30900 299.60 -224.01 -20948.67 3350.00 54000.00 1.0452
31000 299.60 -224.01 -20948.67 3350.00 54000.00 1.0452
31100 299.60 -224.01 -20948.67 3350.00 54000.00 1.0452
31200 299.60 -224.01 -20948.67 3350.00 54000.00 1.0452
31300 299.60 -224.01 -20948.67 3350.00 54000.00 1.0452
31400 299.60 -224.01 -20948.67 3350.00 54000.00 1.0452
31500 299.60 -224.01 -20948.67 3350.00 54000.00 1.0452
31600 299.60 -224.01 -20948.67 3350.00 54000.00 1.0452
31700 299.60 -224.01 -20948.67 3350.00 54000.00 1.0452
31800 299.60 -224.01 -20948.67 3350.00 54000.00 1.0452
31900 299.60 -224.01 -20948.67 3350.00 54000.00 1.0452
32000 299.60 -224.01 -20948.67 3350.00 54000.00 1.0452
32100 299.60 -224.01 -20948.67 3350.00 54000.00 1.0452
32200 299.60 -224.01 -20948.67 3350.00 54000.00 1.0452
32300 299.60 -224.01 -20948.67 3350.00 54000.00 1.0452
32400 299.60 -224.01 -20948.67 3350.00 54000.00 1.0452
32500 299.60 -224.01 -20948.67 3350.00 54000.00 1.0452
32600 299.60 -224.01 -20948.67 3350.00 54000.00 1.0452
32700 299.60 -224.01 -20948.67 3350.00 54000.00 1.0452
32800 299.60 -224.01 -20948.67 3350.00 54000.00 1.0452
32900 299.60 -224.01 -20948.67 3350.00 54000.00 1.0452
33000 299.60 -224.01 -20948.67 3350.00 54000.00 1.0452
33100 299.60 -224.01 -20948.67 3350.00 54000.00 1.0452
33200 299.60 -224.01 -20948.67 3350.00 54000.00 1.0452
33300 299.60 -224.01 -20948.67 3350.00 54000.00 1.0452
33400 299.60 -224.01 -20948.67 3350.00 54000.00 1.0452
33500 299.60 -224.01 -20948.67 3350.00 54000.00 1.0452
33600 299.60 -224.01 -20948.67 3350.00 54000.00 1.0452
33700 299.60 -224.01 -20948.67 3350.00 54000.00 1.0452
33800 299.60 -224.01 -20948.67 3350.00 54000.00 1.0452
33900 299.60 -224.01 -20948.67 3350.00 54000.00 1.0452
34000 299.60 -224.01 -20948.67 3350.00 54000.00 1.0452
34100 299.60 -224.01 -20948.67 3350.00 54000.00 1.0452
34200 299.60 -224.01 -20948.67 3350.00 54000.00 1.0452
34300 299.60 -224.01 -20948.67 3350.00 54000.00 1.0452
34400 299.60 -224.01 -20948.67 3350.00 54000.00 1.0452
34500 299.60 -224.01 -20948.67 3350.00 54000.00 1.0452
34600 299.60 -224.01 -20948.67 3350.00 54000.00 1.0452
34700 299.60 -224.01 -20948.67 3350.00 54000.00 1.0452
34800 299.60 -224.01 -20948.67 3350.00 54000.00 1.0452
34900 299.60 -224.01 -20948.67 3350.00 54000.00 1.0452
35000 299.60 -224.01 -20948.67 3350.00 54000.00 1.0452
35100 299.60 -224.01 -20948.67 3350.00 54000.00 1.0452
35200 299.60 -224.01 -20948.67 3350.00 54000.00 1.0452
35300 299.60 -224.01 -20948.67 3350.00 54000.00 1.0452
35400 299.60 -224.01 -20948.67 3350.00 54000.00 1.0452
35500 299.60 -224.01 -20948.67 3350.00 54000.00 1.0452
35600 299.60 -224.01 -20948.67 3350.00 54000.00 1.0452
35700 299.60 -224.01 -20948.67 3350.00 54000.00 1.0452
35800 299.60 -224.01 -20948.67 3350.00 54000.00 1.0452
35900 299.60 -224.01 -20948.67 3350.00 54000.00 1.0452
36000 299.60 -224.01 -20948.67 3350.00 54000.00 1.0452
36100 299.60 -224.01 -20948.67 3350.00 54000.00 1.0452
36200 299.60 -224.01 -20948.67 3350.00 54000.00 1.0452
36300 299.60 -224.01 -20948.67 3350.00 54000.00 1.0452
36400 299.60 -224.01 -20948.67 3350.00 54000.00 1.0452
36500 299.60 -224.01 -20948.67 3350.00 54000.00 1.0452
36600 299.60 -224.01 -20948.67 3350.00 54000.00 1.0452
36700 299.60 -224.01 -20948.67 3350.00 54000.00 1.0452
36800 299.60 -224.01 -20948.67 3350.00 54000.00 1.0452
36900 299.60 -224.01 -20948.67 3350.00 54000.00 1.0452
37000 299.60 -224.01 -20948.67 3350.00 54000.00 1.0452
37100 299.60 -224.01 -20948.67 3350.00 54000.00 1.0452
37200 299.60 -224.01 -20948.67 3350.00 54000.00 1.0452
37300 299.60 -224.01 -20948.67 3350.00 54000.00 1.0452
37400 299.60 -224.01 -20948.67 3350.00 54000.00 1.0452
37500 299.60 -224.01 -20948.67 3350.00 54000.00 1.0452
37600 299.60 -224.01 -20948.67 3350.00 54000.00 1.0452
37700 299.60 -224.01 -20948.67 3350.00 54000.00 1.0452
37800 299.60 -224.01 -20948.67 3350.00 54000.00 1.0452
37900 299.60 -224.01 -20948.67 3350.00 54000.00 1.0452
38000 299.60 -224.01 -20948.67 3350.00 54000.00 1.0452
38100 299.60 -224.01 -20948.67 3350.00 54000.00 1.0452
38200 299.60 -224.01 -20948.67 3350.00 54000.00 1.0452
38300 299.60 -224.01 -20948.67 3350.00 54000.00 1.0452
38400 299.60 -224.01 -20948.67 3350.00 54000.00 1.0452
38500 299.60 -224.01 -20948.67 3350.00 54000.00 1.0452
38600 299.60 -224.01 -20948.67 3350.00 54000.00 1.0452
38700 299.60 -224.01 -20948.67 3350.00 54000.00 1.0452
38800 299.60 -224.01 -20948.67 3350.00 54000.00 1.0452
38900 299.60 -224.01 -20948.67 3350.00 54000.00 1.0452
39000 299.60 -224.01 -20948.67 3350.00 54000.00 1.0452
39100 299.60 -224.01 -20948.67 3350.00 54000.00 1.0452
39200 299.60 -224.01 -20948.67 3350.00 54000.00 1.0452
39300 299.60 -224.01 -20948.67 3350.00 54000.00 1.0452
39400 299.60 -224.01 -20948.67 3350.00 54000.00 1.0452
39500 299.60 -224.01 -20948.67 3350.00 54000.00 1.0452
39600 299.60 -224.01 -20948.67 3350.00 54000.00 1.0452
39700 299.60 -224.01 -20948.67 3350.00 54000.00 1.0452
39800 299.60 -224.01 -20948.67 3350.00 54000.00 1.0452
39900 299.60 -224.01 -20948.67 3350.00 54000.00 1.0452
40000 299.60 -224.01 -20948.67 3350.00 54000.00 1.0452
40100 299.60 -224.01 -20948.67 3350.00 54000.00 1.0452
40200 299.60 -224.01 -20948.67 3350.00 54000.00 1.0452
40300 299.60 -224.01 -20948.67 3350.00 54000.00 1.0452
40400 299.60 -224.01 -20948.67 3350.00 54000.00 1.0452
40500 299.60 -224.01 -20948.67 3350.00 54000.00 1.0452
40600 299.60 -224.01 -20948.67 3350.00 54000.00 1.0452
40700 299.60 -224.01 -20948.67 3350.00 54000.00 1.0452
40800 299.60 -224.01 -20948.67 3350.00 54000.00 1.0452
40900 299.60 -224.01 -20948.67 3350.00 54000.00 1.0452
41000 299.60 -224.01 -20948.67 3350.00 54000.00 1.0452
41100 299.60 -224.01 -20948.67 3350.00 54000.00 1.0452
41200 299.60 -224.01 -20948.67 3350.00 54000.00 1.0452
41300 299.60 -224.01 -20948.67 3350.00 54000.00 1.0452
41400 299.60 -224.01 -20948.67 3350.00 54000.00 1.0452
41500 299.60 -224.01 -20948.67 3350.00 54000.00 1.0452
41600 299.60 -224.01 -20948.67 3350.00 54000.00 1.0452
41700 299.60 -224.01 -20948.67 3350.00 54000.00 1.0452
41800 299.60 -224.01 -20948.67 3350.00 54000.00 1.0452
41900 299.60 -224.01 -20948.67 3350.00 54000.00 1.0452
42000 299.60 -224.01 -20948.67 3350.00 54000.00 1.0452
42100 299.60 -224.01 -20948.67 3350.00 54000.00 1.0452
42200 299.60 -224.01 -20948.67 3350.00 54000.00 1.0452
42300 299.60 -224.01 -20948.67 3350.00 54000.00 1.0452
42400 299.60 -224.01 -20948.67 3350.00 54000.00 1.0452
42500 299.60 -224.01 -20948.67 3350.00 54000.00 1.0452
42600 299.60 -224.01 -20948.67 3350.00 54000.00 1.0452
42700 299.60 -224.01 -20948.67 3350.00 54000.00 1.0452
42800 299.60 -224.01 -20948.67 3350.00 54000.00 1.0452
42900 299.60 -224.01 -20948.67 3350.00 54000.00 1.0452
43000 299.60 -224.01 -20948.67 3350.00 54000.00 1.0452
43100 299.60 -224.01 -20948.67 3350.00 54000.00 1.0452
43200 299.60 -224.01 -20948.67 3350.00 54000.00 1.0452
43300 299.60 -224.01 -20948.67 3350.00 54000.00 1.0452
43400 299.60 -224.01 -20948.67 3350.00 54000.00 1.0452
43500 299.60 -224.01 -20948.67 3350.00 54000.00 1.0452
43600 299.60 -224.01 -20948.67 3350.00 54000.00 1.0452
43700 299.60 -224.01 -20948.67 3350.00 54000.00 1.0452
43800 299.60 -224.01 -20948.67 3350.00 54000.00 1.0452
43900 299.60 -224.01 -20948.67 3350.00 54000.00 1.0452
44000 299.60 -224.01 -20948.67 3350.00 54000.00 1.0452
44100 299.60 -224.01 -20948.67 3350.00 54000.00 1.0452
44200 299.60 -224.01 -20948.67 3350.00 54000.00 1.0452
44300 299.60 -224.01 -20948.67 3350.00 54000.00 1.0452
44400 299.60 -224.01 -20948.67 3350.00 54000.00 1.0452
44500 299.60 -224.01 -20948.67 3350.00 54000.00 1.0452
44600 299.60 -224.01 -20948.67 3350.00 54000.00 1.0452
44700 299.60 -224.01 -20948.67 3350.00 54000.00 1.0452
44800 299.60 -224.01 -20948.67 3350.00 54000.00 1.0452
44900 299.60 -224.01 -20948.67 3350.00 54000.00 1.0452
45000 299.60 -224.01 -20948.67 3350.00 54000.00 1.0452
45100 299.60 -224.01 -20948.67 3350.00 54000.00 1.0452
45200 299.60 -224.01 -20948.67 3350.00 54000.00 1.0452
45300 299.60 -224.01 -20948.67 3350.00 54000.00 1.0452
45400 299.60 -224.01 -20948.67 3350.00 54000.00 1.0452
45500 299.60 -224.01 -20948.67 3350.00 54000.00 1.0452
45600 299.60 -224.01 -20948.67 3350.00 54000.00 1.0452
45700 299.60 -224.01 -20948.67 3350.00 54000.00 1.0452
45800 299.60 -224.01 -20948.67 3350.00 54000.00 1.0452
45900 299.60 -224.01 -20948.67 3350.00 54000.00 1.0452
46000 299.60 -224.01 -20948.67 3350.00 54000.00 1.0452
46100 299.60 -224.01 -20948.67 3350.00 54000.00 1.0452
46200 299.60 -224.01 -20948.67 3350.00 54000.00 1.0452
46300 299.60 -224.01 -20948.67 3350.00 54000.00 1.0452
46400 299.60 -224.01 -20948.67 3350.00 54000.00 1.0452
46500 299.60 -224.01 -20948.67 3350.00 54000.00 1.0452
46600 299.60 -224.01 -20948.67 3350.00 54000.00 1.0452
46700 299.60 -224.01 -20948.67 3350.00 54000.00 1.0452
46800 299.60 -224.01 -20948.67 3350.00 54000.00 1.0452
46900 299.60 -224.01 -20948.67 3350.00 54000.00 1.0452
47000 299.60 -224.01 -20948.67 3350.00 54000.00 1.0452
47100 299.60 -224.01 -20948.67 3350.00 54000.00 1.0452
47200 299.60 -224.01 -20948.67 3350.00 54000.00 1.0452
47300 299.60 -224.01 -20948.67 3350.00 54000.00 1.0452
47400 299.60 -224.01 -20948.67 3350.00 54000.00 1.0452
47500 299.60 -224.01 -20948.67 3350.00 54000.00 1.0452
47600 299.60 -224.01 -20948.67 3350.00 54000.00 1.0452
47700 299.60 -224.01 -20948.67 3350.00 54000.00 1.0452
47800 299.60 -224.01 -20948.67 3350.00 54000.00 1.0452
47900 299.60 -224.01 -20948.67 3350.00 54000.00 1.0452
48000 299.60 -224.01 -20948.67 3350.00 54000.00 1.0452
48100 299.60 -224.01 -20948.67 3350.00 54000.00 1.0452
48200 299.60 -224.01 -20948.67 3350.00 54000.00 1.0452
48300 299.60 -224.01 -20948.67 3350.00 54000.00 1.0452
48400 299.60 -224.01 -20948.67 3350.00 54000.00 1.0452
48500 299.60 -224.01 -20948.67 3350.00 54000.00 1.0452
48600 299.60 -224.01 -20948.67 3350.00 54000.00 1.0452
48700 299.60 -224.01 -20948.67 3350.00 54000.00 1.0452
48800 299.60 -224.01 -20948.67 3350.00 54000.00 1.0452
48900 299.60 -224.01 -20948.67 3350.00 54000.00 1.0452
49000 299.60 -224.01 -20948.67 3350.00 54000.00 1.0452
49100 299.60 -224.01 -20948.67 3350.00 54000.00 1.0452
49200 299.60 -224.01 -20948.67 3350.00 54000.00 1.0452
49300 299.60 -224.01 -20948.67 3350.00 54000.00 1.0452
49400 299.60 -224.01 -20948.67 3350.00 54000.00 1.0452
49500 299.60 -224.01 -20948.67 3350.00 54000.00 1.0452
49600 299.60 -224.01 -20948.67 3350.00 54000.00 1.0452
49700 299.60 -224.01 -20948.67 3350.00 54000.00 1.0452
49800 299.60 -224.01 -20948.67 3350.00 54000.00 1.0452
49900 299.60 -224.01 -20948.67 3350.00 54000.00 1.0452
50000 299.60 -224.01 -20948.67 3350.00 54000.00 1.0452
50100 299.60 -224.01 -20948.67 3350.00 54000.00 1.0452
50200 299.60 -224.01 -20948.67 3350.00 54000.00 1.0452
50300 299.60 -224.01 -20948.67 3350.00 54000.00 1.0452
50400 299.60 -224.01 -20948.67 3350.00 54000.00 1.0452
50500 299.60 -224.01 -20948.67 3350.00 54000.00 1.0452
50600 299.60 -224.01 -20948.67 3350.00 54000.00 1.0452
50700 299.60 -224.01 -20948.67 3350.00 54000.00 1.0452
50800 299.60 -224.01 -20948.67 3350.00 54000.00 1.0452
50900 299.60 -224.01 -20948.67 3350.00 54000.00 1.0452
51000 299.60 -224.01 -20948.67 3350.00 54000.00 1.0452
51100 299.60 -224.01 -20948.67 3350.00 54000.00 1.0452
51200 299.60 -224.01 -20948.67 3350.00 54000.00 1.0452
51300 299.60 -224.01 -20948.67 3350.00 54000.00 1.0452
51400 299.60 -224.01 -20948.67 3350.00 54000.00 1.0452
51500 299.60 -224.01 -20948.67 3350.00 54000.00 1.0452
51600 299.60 -224.01 -20948.67 3350.00 54000.00 1.0452
51700 299.60 -224.01 -20948.67 3350.00 54000.00 1.0452
51800 299.60 -224.01 -20948.67 3350.00 54000.00 1.0452
51900 299.60 -224.01 -20948.67 3350.00 54000.00 1.0452
52000 299.60 -224.01 -20948.67 3350.00 54000.00 1.0452
52100 299.60 -224.01 -20948.67 3350.00 54000.00 1.0452
52200 299.60 -224.01 -20948.67 3350.00 54000.00 1.0452
52300 299.60 -224.01 -20948.67 3350.00 54000.00 1.0452
52400 299.60 -224.01 -20948.67 3350.00 54000.00 1.0452
52500 299.60 -224.01 -20948.67 3350.00 54000.00 1.0452
52600 299.60 -224.01 -20948.67 3350.00 54000.00 1.0452
52700 299.60 -224.01 -20948.67 3350.00 54000.00 1.0452
52800 299.60 -224.01 -20948.67 3350.00 54000.00 1.0452
52900 299.60 -224.01 -20948.67 3350.00 54000.00 1.0452
53000 299.60 -224.01 -20948.67 3350.00 54000.00 1.0452
53100 299.60 -224.01 -20948.67 3350.00 54000.00 1.0452
53200 299.60 -224.01 -20948.67 3350.00 54000.00 1.0452
53300 299.60 -224.01 -20948.67 3350.00 54000.00 1.0452
53400 299.60 -224.01 -20948.67 3350.00 54000.00 1.0452
53500 299.60 -224.01 -20948.67 3350.00 54000.00 1.0452
53600 299.60 -224.01 -20948.67 3350.00 54000.00 1.0452
53700 299.60 -224.01 -20948.67 3350.00 54000.00 1.0452
53800 299.60 -224.01 -20948.67 3350.00 54000.00 1.0452
53900 299.60 -224.01 -20948.67 3350.00 54000.00 1.0452
54000 299.60 -224.01 -20948.67 3350.00 54000.00 1.0452
54100 299.60 -224.01 -20948.67 3350.00 54000.00 1.0452
54200 299.60 -224.01 -20948.67 3350.00 54000.00 1.0452
54300 299.60 -224.01 -20948.67 3350.00 54000.00 1.0452
54400 299.60 -224.01 -20948.67 3350.00 54000.00 1.0452
54500 299.60 -224.01 -20948.67 3350.00 54000.00 1.0452
54600 299.60 -224.01 -20948.67 3350.00 54000.00 1.0452
54700 299.60 -224.01 -20948.67 3350.00 54000.00 1.0452
54800 299.60 -224.01 -20948.67 3350.00 54000.00 1.0452
54900 299.60 -224.01 -20948.67 3350.00 54000.00 1.0452
55000 299.60 -224.01 -20948.67 3350.00 54000.00 1.0452
55100 299.60 -224.01 -20948.67 3350.00 54000.00 1.0452
55200 299.60 -224.01 -20948.67 3350.00 54000.00 1.0452
55300 299.60 -224.01 -20948.67 3350.00 54000.00 1.0452
55400 299.60 -224.01 -20948.67 3350.00 54000.00 1.0452
55500 299.60 -224.01 -20948.67 3350.00 54000.00 1.0452
55600 299.60 -224.01 -20948.67 3350.00 54000.00 1.0452
55700 299.60 -224.01 -20948.67 3350.00 54000.00 1.0452
55800 299.60 -224.01 -20948.67 3350.00 54000.00 1.0452
55900 299.60 -224.01 -20948.67 3350.00 54000.00 1.0452
56000 299.60 -224.01 -20948.67 3350.00 54000.00 1.0452
56100 299.60 -224.01 -20948.67 3350.00 54000.00 1.0452
56200 299.60 -224.01 -20948.67 3350.00 54000.00 1.0452
56300 299.60 -224.01 -20948.67 3350.00 54000.00 1.0452
56400 299.60 -224.01 -20948.67 3350.00 54000.00 1.0452
56500 299.60 -224.01 -20948.67 3350.00 54000.00 1.0452
56600 299.60 -224.01 -20948.67 3350.00 54000.00 1.0452
56700 299.60 -224.01 -20948.67 3350.00 54000.00 1.0452
56800 299.60 -224.01 -20948.67 3350.00 54000.00 1.0452
56900 299.60 -224.01 -20948.67 3350.00 54000.00 1.0452
57000 299.60 -224.01 -20948.67 3350.00 54000.00 1.0452
57100 299.60 -224.01 -20948.67 3350.00 54000.00 1.0452
57200 299.60 -224.01 -20948.67 3350.00 54000.00 1.0452
57300 299.60 -224.01 -20948.67 3350.00 54000.00 1.0452
57400 299.60 -224.01 -20948.67 3350.00 54000.00 1.0452
57500 299.60 -224.01 -20948.67 3350.00 54000.00 1.0452
57600 299.60 -224.01 -20948.67 3350.00 54000.00 1.0452
57700 299.60 -224.01 -20948.67 3350.00 54000.00 1.0452
57800 299.60 -224.01 -20948.67 3350.00 54000.00 1.0452
57900 299.60 -224.01 -20948.67 3350.00 54000.00 1.0452
58000 299.60 -224.01 -20948.67 3350.00 54000.00 1.0452
58100 299.60 -224.01 -20948.67 3350.00 54000.00 1.0452
58200 299.60 -224.01 -20948.67 3350.00 54000.00 1.0452
58300 299.60 -224.01 -20948.67 3350.00 54000.00 1.0452
58400 299.60 -224.01 -20948.67 3350.00 54000.00 1.0452
58500 299.60 -224.01 -20948.67 3350.00 54000.00 1.0452
58600 299.60 -224.01 -20948.67 3350.00 54000.00 1.0452
58700 299.60 -224.01 -20948.67 3350.00 54000.00 1.0452
58800 299.60 -224.01 -20948.67 3350.00 54000.00 1.0452
58900 299.60 -224.01 -20948.67 3350.00 54000.00 1.0452
59000 299.60 -224.01 -20948.67 3350.00 54000.00 1.0452
59100 299.60 -224.01 -20948.67 3350.00 54000.00 1.0452
59200 299.60 -224.01 -20948.67 3350.00 54000.00 1.0452
59300 299.60 -224.01 -20948.67 3350.00 54000.00 1.0452
59400 299.60 -224.01 -20948.67 3350.00 54000.00 1.0452
59500 299.60 -224.01 -20948.67 3350.00 54000.00 1.0452
59600 299.60 -224.01 -20948.67 3350.00 54000.00 1.0452
59700 299.60 -224.01 -20948.67 3350.00 54000.00 1.0452
59800 299.60 -224.01 -20948.67 3350.00 54000.00 1.0452
59900 299.60 -224.01 -20948.67 3350.00 54000.00 1.0452
60000 299.60 -224.01 -20948.67 3350.00 54000.00 1.0452
60100 299.60 -224.01 -20948.67 3350.00 54000.00 1.0452
60200 299.60 -224.01 -20948.67 3350.00 54000.00 1.0452
60300 299.60 -224.01 -20948.67 3350.00 54000.00 1.0452
60400 299.60 -224.01 -20948.67 3350.00 54000.00 1.0452
60500 299.60 -224.01 -20948.67 3350.00 54000.00 1.0452
60600 299.60 -224.01 -20948.67 3350.00 54000.00 1.0452
60700 299.60 -224.01 -20948.67 3350.00 54000.00 1.0452
60800 299.60 -224.01 -20948.67 3350.00 54000.00 1.0452
60900 299.60 -224.01 -20948.67 3350.00 54000.00 1.0452
61000 299.60 -224.01 -20948.67 3350.00 54000.00 1.0452
61100 299.60 -224.01 -20948.67 3350.00 54000.00 1.0452
61200 299.60 -224.01 -20948.67 3350.00 54000.00 1.0452
61300 299.60 -224.01 -20948.67 3350.00 54000.00 1.0452
61400 299.60 -224.01 -20948.67 3350.00 54000.00 1.0452
61500 299.60 -224.01 -20948.67 3350.00 54000.00 1.0452
61600 299.60 -224.01 -20948.67 3350.00 54000.00 1.0452
61700 299.60 -224.01 -20948.67 3350.00 54000.00 1.0452
61800 299.60 -224.01 -20948.67 3350.00 54000.00 1.0452
61900 299.60 -224.01 -20948.67 3350.00 54000.00 1.0452
62000 299.60 -224.01 -20948.67 3350.00 54000.00 1.0452
62100 299.60 -224.01 -20948.67 3350.00 54000.00 1.0452
62200 299.60 -224.01 -20948.67 3350.00 54000.00 1.0452
62300 299.60 -224.01 -20948.67 3350.00 54000.00 1.0452
62400 299.60 -224.01 -20948.67 3350.00 54000.00 1.0452
62500 299.60 -224.01 -20948.67 3350.00 54000.00 1.0452
62600 299.60 -224.01 -20948.67 3350.00 54000.00 1.0452
62700 299.60 -224.01 -20948.67 3350.00 54000.00 1.0452
62800 299.60 -224.01 -20948.67 3350.00 54000.00 1.0452
62900 299.60 -224.01 -20948.67 3350.00 54000.00 1.0452
63000 299.60 -224.01 -20948.67 3350.00 54000.00 1.0452
63100 299.60 -224.01 -20948.67 3350.00 54000.00 1.0452
63200 299.60 -224.01 -20948.67 3350.00 54000.00 1.0452
63300 299.60 -224.01 -20948.67 3350.00 54000.00 1.0452
63400 299.60 -224.01 -20948.67 3350.00 54000.00 1.0452
63500 299.60 -224.01 -20948.67 3350.00 54000.00 1.0452
63600 299.60 -224.01 -20948.67 3350.00 54000.00 1.0452
63700 299.60 -224.01 -20948.67 3350.00 54000.00 1.0452
63800 299.60 -224.01 -20948.67 3350.00 54000.00 1.0452
63900 299.60 -224.01 -20948.67 3350.00 54000.00 1.0452
64000 299.60 -224.01 -20948.67 3350.00 54000.00 1.0452
64100 299.60 -224.01 -20948.67 3350.00 54000.00 1.0452
64200 299.60 -224.01 -20948.67 3350.00 54000.00 1.0452
64300 299.60 -224.01 -20948.67 3350.00 54000.00 1.0452
64400 299.60 -224.01 -20948.67 3350.00 54000.00 1.0452
64500 299.60 -224.01 -20948.67 3350.00 54000.00 1.0452
64600 299.60 -224.01 -20948.67 3350.00 54000.00 1.0452
64700 299.60 -224.01 -20948.67 3350.00 54000.00 1.0452
64800 299.60 -224.01 -20948.67 3350.00 54000.00 1.0452
64900 299.60 -224.01 -20948.67 3350.00 54000.00 1.0452
65000 299.60 -224.01 -20948.67 3350.00 54000.00 1.0452
65100 299.60 -224.01 -20948.67 3350.00 54000.00 1.0452
65200 299.60 -224.01 -20948.67 3350.00 54000.00 1.0452
65300 299.60 -224.01 -20948.67 3350.00 54000.00 1.0452
65400 299.60 -224.01 -20948.67 3350.00 54000.00 1.0452
65500 299.60 -224.01 -20948.67 3350.00 54000.00 1.0452
65600 299.60 -224.01 -20948.67 3350.00 54000.00 1.0452
65700 299.60 -224.01 -20948.67 3350.00 54000.00 1.0452
65800 299.60 -224.01 -20948.67 3350.00 54000.00 1.0452
65900 299.60 -224.01 -20948.67 3350.00 54000.00 1.0452
66000 299.60 -224.01 -20948.67 3350.00 54000.00 1.0452
66100 299.60 -224.01 -20948.67 3350.00 54000.00 1.0452
66200 299.60 -224.01 -20948.67 3350.00 54000.00 1.0452
66300 299.60 -224.01 -20948.67 3350.00 54000.00 1.0452
66400 299.60 -224.01 -20948.67 3350.00 54000.00 1.0452
66500 299.60 -224.01 -20948.67 3350.00 54000.00 1.0452
66600 299.60 -224.01 -20948.67 3350.00 54000.00 1.0452
66700 299.60 -224.01 -20948.67 3350.00 54000.00 1.0452
66800 299.60 -224.01 -20948.67 3350.00 54000.00 1.0452
66900 299.60 -224.01 -20948.67 3350.00 54000.00 1.0452
67000 299.60 -224.01 -20948.67 3350.00 54000.00 1.0452
67100 299.60 -224.01 -20948.67 3350.00 54000.00 1.0452
67200 299.60 -224.01 -20948.67 3350.00 54000.00 1.0452
67300 299.60 -224.01 -20948.67 3350.00 54000.00 1.0452
67400 299.60 -224.01 -20948.67 3350.00 54000.00 1.0452
67500 299.60 -224.01 -20948.67 3350.00 54000.00 1.0452
67600 299.60 -224.01 -20948.67 3350.00 54000.00 1.0452
67700 299.60 -224.01 -20948.67 3350.00 54000.00 1.0452
67800 299.60 -224.01 -20948.67 3350.00 54000.00 1.0452
67900 299.60 -224.01 -20948.67 3350.00 54000.00 1.0452
68000 299.60 -224.01 -20948.67 3350.00 54000.00 1.0452
68100 299.60 -224.01 -20948.67 3350.00 54000.00 1.0452
68200 299.60 -224.01 -20948.67 3350.00 54000.00 1.0452
68300 299.60 -224.01 -20948.67 3350.00 54000.00 1.0452
68400 299.60 -224.01 -20948.67 3350.00 54000.00 1.0452
68500 299.60 -224.01 -20948.67 3350.00 54000.00 1.0452
68600 299.60 -224.01 -20948.67 3350.00 54000.00 1.0452
68700 299.60 -224.01 -20948.67 3350.00 54000.00 1.0452
68800 299.60 -224.01 -20948.67 3350.00 54000.00 1.0452
68900 299.60 -224.01 -20948.67 3350.00 54000.00 1.0452
69000 299.60 -224.01 -20948.67 3350.00 54000.00 1.0452
69100 299.60 -224.01 -20948.67 3350.00 54000.00 1.0452
69200 299.60 -224.01 -20948.67 3350.00 54000.00 1.0452
69300 299.60 -224.01 -20948.67 3350.00 54000.00 1.0452
69400 299.60 -224.01 -20948.67 3350.00 54000.00 1.0452
69500 299.60 -224.01 -20948.67 3350.00 54000.00 1.0452
69600 299.60 -224.01 -20948.67 3350.00 54000.00 1.0452
69700 299.60 -224.01 -20948.67 3350.00 54000.00 1.0452
69800 299.60 -224.01 -20948.67 3350.00 54000.00 1.0452
69900 299.60 -224.01 -20948.67 3350.00 54000.00 1.0452
70000 299.60 -224.01 -20948.67 3350.00 54000.00 1.0452
70100 299.60 -224.01 -20948.67 3350.00 54000.00 1.0452
70200 299.60 -224.01 -20948.67 3350.00 54000.00 1.0452
70300 299.60 -224.01 -20948.67 3350.00 54000.00 1.0452
70400 299.60 -224.01 -20948.67 3350.00 54000.00 1.0452
70500 299.60 -224.01 -20948.67 3350.00 54000.00 1.0452
70600 299.60 -224.01 -20948.67 3350.00 54000.00 1.0452
70700 299.60 -224.01 -20948.67 3350.00 54000.00 1.0452
70800 299.60 -224.01 -20948.67 3350.00 54000.00 1.0452
70900 299.60 -224.01 -20948.67 3350.00 54000.00 1.0452
71000 299.60 -224.01 -20948.67 3350.00 54000.00 1.0452
71100 299.60 -224.01 -20948.67 3350.00 54000.00 1.0452
71200 299.60 -224.01 -20948.67 3350.00 54000.00 1.0452
71300 299.60 -224.01 -20948.67 3350.00 54000.00 1.0452
71400 299.60 -224.01 -20948.67 3350.00 54000.00 1.0452
71500 299.60 -224.01 -20948.67 3350.00 54000.00 1.0452
71600 299.60 -224.01 -20948.67 3350.00 54000.00 1.0452
71700 299.60 -224.01 -20948.67 3350.00 54000.00 1.0452
71800 299.60 -224.01 -20948.67 3350.00 54000.00 1.0452
71900 299.60 -224.01 -20948.67 3350.00 54000.00 1.0452
72000 299.60 -224.01 -20948.67 3350.00 54000.00 1.0452
72100 299.60 -224.01 -20948.67 3350.00 54000.00 1.0452
72200 299.60 -224.01 -20948.67 3350.00 54000.00 1.0452
72300 299.60 -224.01 -20948.67 3350.00 54000.00 1.0452
72400 299.60 -224.01 -20948.67 3350.00 54000.00 1.0452
72500 299.60 -224.01 -20948.67 3350.00 54000.00 1.0452
72600 299.60 -224.01 -20948.67 3350.00 54000.00 1.0452
72700 299.60 -224.01 -20948.67 3350.00 54000.00 1.0452
72800 299.60 -224.01 -20948.67 3350.00 54000.00 1.0452
72900 299.60 -224.01 -20948.67 3350.00 54000.00 1.0452
73000 299.60 -224.01 -20948.67 3350.00 54000.00 1.0452
73100 299.60 -224.01 -20948.67 3350.00 54000.00 1.0452
73200 299.60 -224.01 -20948.67 3350.00 54000.00 1.0452
73300 299.60 -224.01 -20948.67 3350.00 54000.00 1.0452
73400 299.60 -224.01 -20948.67 3350.00 54000.00 1.0452
73500 299.60 -224.01 -20948.67 3350.00 54000.00 1.0452
73600 299.60 -224.01 -20948.67 3350.00 54000.00 1.0452
73700 299.60 -224.01 -20948.67 3350.00 54000.00 1.0452
73800 299.60 -224.01 -20948.67 3350.00 54000.00 1.0452
73900 299.60 -224.01 -20948.67 3350.00 54000.00 1.0452
74000 299.60 -224.01 -20948.67 3350.00 54000.00 1.0452
74100 299.60 -224.01 -20948.67 3350.00 54000.00 1.0452
74200 299.60 -224.01 -20948.67 3350.00 54000.00 1.0452
74300 299.60 -224.01 -20948.67 3350.00 54000.00 1.0452
74400 299.60 -224.01 -20948.67 3350.00 54000.00 1.0452
74500 299.60 -224.01 -20948.67 3350.00 54000.00 1.0452
74600 299.60 -224.01 -20948.67 3350.00 54000.00 1.0452
74700 299.60 -224.01 -20948.67 3350.00 54000.00 1.0452
74800 299.60 -224.01 -20948.67 3350.00 54000.00 1.0452
74900 299.60 -224.01 -20948.67 3350.00 54000.00 1.0452
75000 299.60 -224.01 -20948.67 3350.00 54000.00 1.0452
75100 299.60 -224.01 -20948.67 3350.00 54000.00 1.0452
75200 299.60 -224.01 -20948.67 3350.00 54000.00 1.0452
75300 299.60 -224.01 -20948.67 3350.00 54000.00 1.0452
75400 299.60 -224.01 -20948.67 3350.00 54000.00 1.0452
75500 299.60 -224.01 -20948.67 3350.00 54000.00 1.0452
75600 299.60 -224.01 -20948.67 3350.00 54000.00 1.0452
75700 299.60 -224.01 -20948.67 3350.00 54000.00 1.0452
75800 299.60 -224.01 -20948.67 3350.00 54000.00 1.0452
75900 299.60 -224.01 -20948.67 3350.00 54000.00 1.0452
76000 299.60 -224.01 -20948.67 3350.00 54000.00 1.0452
76100 299.60 -224.01 -20948.67 3350.00 54000.00 1.0452
76200 299.60 -224.01 -20948.67 3350.00 54000.00 1.0452
76300 299.60 -224.01 -20948.67 3350.00 54000.00 1.0452
76400 299.60 -224.01 -20948.67 3350.00 54000.00 1.0452
76500 299.60 -224.01 -20948.67 3350.00 54000.00 1.0452
76600 299.60 -224.01 -20948.67 3350.00 54000.00 1.0452
76700 299.60 -224.01 -20948.67 3350.00 54000.00 1.0452
76800 299.60 -224.01 -20948.67 3350.00 54000.00 1.0452
76900 299.60 -224.01 -20948.67 3350.00 54000.00 1.0452
77000 299.60 -224.01 -20948.67 3350.00 54000.00 1.0452
77100 299.60 -224.01 -20948.67 3350.00 54000.00 1.0452
77200 299.60 -224.01 -20948.67 3350.00 54000.00 1.0452
77300 299.60 -224.01 -20948.67 3350.00 54000.00 1.0452
77400 299.60 -224.01 -20948.67 3350.00 54000.00 1.0452
77500 299.60 -224.01 -20948.67 3350.00 54000.00 1.0452
77600 299.60 -224.01 -20948.67 3350.00 54000.00 1.0452
77700 299.60 -224.01 -20948.67 3350.00 54000.00 1.0452
77800 299.60 -224.01 -20948.67 3350.00 54000.00 1.0452
77900 299.60 -224.01 -20948.67 3350.00 54000.00 1.0452
78000 299.60 -224.01 -20948.67 3350.00 54000.00 1.0452
78100 299.60 -224.01 -20948.67 3350.00 54000.00 1.0452
78200 299.60 -224.01 -20948.67 3350.00 54000.00 1.0452
78300 299.60 -224.01 -20948.67 3350.00 54000.00 1.0452
78400 299.60 -224.01 -20948.67 3350.00 54000.00 1.0452
78500 299.60 -224.01 -20948.67 3350.00 54000.00 1.0452
78600 299.60 -224.01 -20948.67 3350.00 54000.00 1.0452
78700 299.60 -224.01 -20948.67 3350.00 54000.00 1.0452
78800 299.60 -224.01 -20948.67 3350.00 54000.00 1.0452
78900 299.60 -224.01 -20948.67 3350.00 54000.00 1.0452
79000 299.60 -224.01 -20948.67 3350.00 54000.00 1.0452
79100 299.60 -224.01 -20948.67 3350.00 54000.00 1.0452
79200 299.60 -224.01 -20948.67 3350.00 54000.00 1.0452
79300 299.60 -224.01 -20948.67 3350.00 54000.00 1.0452
79400 299.60 -224.01 -20948.67 3350.00 54000.00 1.0452
79500 299.60 -224.01 -20948.67 3350.00 54000.00 1.0452
79600 299.60 -224.01 -20948.67 3350.00 54000.00 1.0452
79700 299.60 -224.01 -20948.67 3350.00 54000.00 1.0452
79800 299.60 -224.01 -20948.67 3350.00 54000.00 1.0452
79900 299.60 -224.01 -20948.67 3350.00 54000.00 1.0452
80000 299.60 -224.01 -20948.67 3350.00 54000.00 1.0452
80100 299.60 -224.01 -20948.67 3350.00 54000.00 1.0452
80200 299.60 -224.01 -20948.67 3350.00 54000.00 1.0452
80300 299.60 -224.01 -20948.67 3350.00 54000.00 1.0452
80400 299.60 -224.01 -20948.67 3350.00 54000.00 1.0452
80500 299.60 -224.01 -20948.67 3350.00 54000.00 1.0452
80600 299.60 -224.01 -20948.67 3350.00 54000.00 1.0452
80700 299.60 -224.01 -20948.67 3350.00 54000.00 1.0452
80800 299.60 -224.01 -20948.67 3350.00 54000.00 1.0452
80900 299.60 -224.01 -20948.67 3350.00 54000.00 1.0452
81000 299.60 -224.01 -20948.67 3350.00 54000.00 1.0452
81100 299.60 -224.01 -20948.67 3350.00 54000.00 1.0452
81200 299.60 -224.01 -20948.67 3350.00 54000.00 1.0452
81300 299.60 -224.01 -20948.67 3350.00 54000.00 1.0452
81400 299.60 -224.01 -20948.67 3350.00 54000.00 1.0452
81500 299.60 -224.01 -20948.67 3350.00 54000.00 1.0452
81600 299.60 -224.01 -20948.67 3350.00 54000.00 1.0452
81700 299.60 -224.01 -20948.67 3350.00 54000.00 1.0452
81800 299.60 -224.01 -20948.67 3350.00 54000.00 1.0452
81900 299.60 -224.01 -20948.67 3350.00 54000.00 1.0452
82000 299.60 -224.01 -20948.67 3350.00 54000.00 1.0452
82100 299.60 -224.01 -20948.67 3350.00 54000.00 1.0452
82200 299.60 -224.01 -20948.67 3350.00 54000.00 1.0452
82300 299.60 -224.01 -20948.67 3350.00 54000.00 1.0452
82400 299.60 -224.01 -20948.67 3350.00 54000.00 1.0452
82500 299.60 -224.01 -20948.67 3350.00 54000.00 1.0452
82600 299.60 -224.01 -20948.67 3350.00 54000.00 1.0452
82700 299.60 -224.01 -20948.67 3350.00 54000.00 1.0452
82800 299.60 -224.01 -20948.67 3350.00 54000.00 1.0452
82900 299.60 -224.01 -20948.67 3350.00 54000.00 1.0452
83000 299.60 -224.01 -20948.67 3350.00 54000.00 1.0452
83100 299.60 -224.01 -20948.67 3350.00 54000.00 1.0452
83200 299.60 -224.01 -20948.67 3350.00 54000.00 1.0452
83300 299.60 -224.01 -20948.67 3350.00 54000.00 1.0452
83400 299.60 -224.01 -20948.67 3350.00 54000.00 1.0452
83500 299.60 -224.01 -20948.67 3350.00 54000.00 1.0452
83600 299.60 -224.01 -20948.67 3350.00 54000.00 1.0452
83700 299.60 -224.01 -20948.67 3350.00 54000.00 1.0452
83800 299.60 -224.01 -20948.67 3350.00 54000.00 1.0452
83900 299.60 -224.01 -20948.67 3350.00 54000.00 1.0452
84000 299.60 -224.01 -20948.67 3350.00 54000.00 1.0452
84100 299.60 -224.01 -20948.67 3350.00 54000.00 1.0452
84200 299.60 -224.01 -20948.67 3350.00 54000.00 1.0452
84300 299.60 -224.01 -20948.67 3350.00 54000.00 1.0452
84400 299.60 -224.01 -20948.67 3350.00 54000.00 1.0452
84500 299.60 -224.01 -20948.67 3350.00 54000.00 1.0452
84600 299.60 -224.01 -20948.67 3350.00 54000.00 1.0452
84700 299.60 -224.01 -20948.67 3350.00 54000.00 1.0452
84800 299.60 -224.01 -20948.67 3350.00 54000.00 1.0452
84900 299.60 -224.01 -20948.67 3350.00 54000.00 1.0452
85000 299.60 -224.01 -20948.67 3350.00 54000.00 1.0452
85100 299.60 -224.01 -20948.67 3350.00 54000.00 1.0452
85200 299.60 -224.01 -20948.67 3350.00 54000.00 1.0452
85300 299.60 -224.01 -20948.67 3350.00 54000.00 1.0452
85400 299.60 -224.01 -20948.67 3350.00 54000.00 1.0452
85500 299.60 -224.01 -20948.67 3350.00 54000.00 1.0452
85600 299.60 -224.01 -20948.67 3350.00 54000.00 1.0452
85700 299.60 -224.01 -20948.67 3350.00 54000.00 1.0452
85800 299.60 -224.01 -20948.67 3350.00 54000.00 1.0452
85900 299.60 -224.01 -20948.67 3350.00 54000.00 1.0452
86000 299.60 -224.01 -20948.67 3350.00 54000.00 1.0452
86100 299.60 -224.01 -20948.67 3350.00 54000.00 1.0452
86200 299.60 -224.01 -20948.67 3350.00 54000.00 1.0452
86300 299.60 -224.01 -20948.67 3350.00 54000.00 1.0452
86400 299.60 -224.01 -20948.67 3350.00 54000.00 1.0452
86500 299.60 -224.01 -20948.67 3350.00 54000.00 1.0452
86600 299.60 -224.01 -20948.67 3350.00 54000.00 1.0452
86700 299.60 -224.01 -20948.67 3350.00 54000.00 1.0452
86800 299.60 -224.01 -20948.67 3350.00 54000.00 1.0452
86900 299.60 -224.01 -20948.67 3350.00 54000.00 1.0452
87000 299.60 -224.01 -20948.67 3350.00 54000.00 1.0452
87100 299.60 -224.01 -20948.67 3350.00 54000.00 1.0452
87200 299.60 -224.01 -20948.67 3350.00 54000.00 1.0452
87300 299.60 -224.01 -20948.67 3350.00 54000.00 1.0452
87400 299.60 -224.01 -20948.67 3350.00 54000.00 1.0452
87500 299.60 -224.01 -20948.67 3350.00 54000.00 1.0452
87600 299.60 -224.01 -20948.67 3350.00 54000.00 1.0452
87700 299.60 -224.01 -20948.67 3350.00 54000.00 1.0452
87800 299.60 -224.01 -20948.67 3350.00 54000.00 1.0452
87900 299.60 -224.01 -20948.67 3350.00 54000.00 1.0452
88000 299.60 -224.01 -20948.67 3350.00 54000.00 1.0452
88100 299.60 -224.01 -20948.67 3350.00 54000.00 1.0452
88200 299.60 -224.01 -20948.67 3350.00 54000.00 1.0452
88300 299.60 -224.01 -20948.67 3350.00 54000.00 1.0452
88400 299.60 -224.01 -20948.67 3350.00 54000.00 1.0452
88500 299.60 -224.01 -20948.67 3350.00 54000.00 1.0452
88600 299.60 -224.01 -20948.67 3350.00 54000.00 1.0452
88700 299.60 -224.01 -20948.67 3350.00 54000.00 1.0452
88800 299.60 -224.01 -20948.67 3350.00 54000.00 1.0452
88900 299.60 -224.01 -20948.67 3350.00 54000.00 1.0452
89000 299.60 -224.01 -20948.67 3350.00 54000.00 1.0452
89100 299.60 -224.01 -20948.67 3350.00 54000.00 1.0452
89200 299.60 -224.01 -20948.67 3350.00 54000.00 1.0452
89300 299.60 -224.01 -20948.67 3350.00 54000.00 1.0452
89400 299.60 -224.01 -20948.67 3350.00 54000.00 1.0452
89500 299.60 -224.01 -20948.67 3350.00 54000.00 1.0452
89600 299.60 -224.01 -20948.67 3350.00 54000.00 1.0452
89700 299.60 -224.01 -20948.67 3350.00 54000.00 1.0452
89800 299.60 -224.01 -20948.67 3350.00 54000.00 1.0452
89900 299.60 -224.01 -20948.67 3350.00 54000.00 1.0452
90000 299.60 -224.01 -20948.67 3350.00 54000.00 1.0452
90100 299.60 -224.01 -20948.67 3350.00 54000.00 1.0452
90200 299.60 -224.01 -20948.67 3350.00 54000.00 1.0452
90300 299.60 -224.01 -20948.67 3350.00 54000.00 1.0452
90400 299.60 -224.01 -20948.67 3350.00 54000.00 1.0452
90500 299.60 -224.01 -20948.67 3350.00 54000.00 1.0452
90600 299.60 -224.01 -20948.67 3350.00 54000.00 1.0452
90700 299.60 -224.01 -20948.67 3350.00 54000.00 1.0452
90800 299.60 -224.01 -20948.67 3350.00 54000.00 1.0452
90900 299.60 -224.01 -20948.67 3350.00 54000.00 1.0452
91000 299.60 -224.01 -20948.67 3350.00 54000.00 1.0452
91100 299.60 -224.01 -20948.67 3350.00 54000.00 1.0452
91200 299.60 -224.01 -20948.67 3350.00 54000.00 1.0452
91300 299.60 -224.01 -20948.67 3350.00 54000.00 1.0452
91400 299.60 -224.01 -20948.67 3350.00 54000.00 1.0452
91500 299.60 -224.01 -20948.67 3350.00 54000.00 1.0452
91600 299.60 -224.01 -20948.67 3350.00 54000.00 1.0452
91700 299.60 -224.01 -20948.67 3350.00 54000.00 1.0452
91800 299.60 -224.01 -20948.67 3350.00 54000.00 1.0452
91900 299.60 -224.01 -20948.67 3350.00 54000.00 1.0452
92000 299.60 -224.01 -20948.67 3350.00 54000.00 1.0452
92100 299.60 -224.01 -20948.67 3350.00 54000.00 1.0452
92200 299.60 -224.01 -20948.67 3350.00 54000.00 1.0452
92300 299.60 -224.01 -20948.67 3350.00 54000.00 1.0452
92400 299.60 -224.01 -20948.67 3350.00 54000.00 1.0452
92500 299.60 -224.01 -20948.67 3350.00 54000.00 1.0452
92600 299.60 -224.01 -20948.67 3350.00 54000.00 1.0452
92700 299.60 -224.01 -20948.67 3350.00 54000.00 1.0452
92800 299.60 -224.01 -20948.67 3350.00 54000.00 1.0452
92900 299.60 -224.01 -20948.67 3350.00 54000.00 1.0452
93000 299.60 -224.01 -20948.67 3350.00 54000.00 1.0452
93100 299.60 -224.01 -20948.67 3350.00 54000.00 1.0452
93200 299.60 -224.01 -20948.67 3350.00 54000.00 1.0452
93300 299.60 -224.01 -20948.67 3350.00 54000.00 1.0452
93400 299.60 -224.01 -20948.67 3350.00 54000.00 1.0452
93500 299.60 -224.01 -20948.67 3350.00 54000.00 1.0452
93600 299.60 -224.01 -20948.67 3350.00 54000.00 1.0452
93700 299.60 -224.01 -20948.67 3350.00 54000.00 1.0452
93800 299.60 -224.01 -20948.67 3350.00 54000.00 1.0452
93900 299.60 -224.01 -20948.67 3350.00 54000.00 1.0452
94000 299.60 -224.01 -20948.67 3350.00 54000.00 1.0452
94100 299.60 -224.01 -20948.67 3350.00 54000.00 1.0452
94200 299.60 -224.01 -20948.67 3350.00 54000.00 1.0452
94300 299.60 -224.01 -20948.67 3350.00 54000.00 1.0452
94400 299.60 -224.01 -20948.67 3350.00 54000.00 1.0452
94500 299.60 -224.01 -20948.67 3350.00 54000.00 1.0452
94600 299.60 -224.01 -20948.67 3350.00 54000.00 1.0452
94700 299.60 -224.01 -20948.67 3350.00 54000.00 1.0452
94800 299.60 -224.01 -20948.67 3350.00 54000.00 1.0452
94900 299.60 -224.01 -20948.67 3350.00 54000.00 1.0452
95000 299.60 -224.01 -20948.67 3350.00 54000.00 1.0452
95100 299.60 -224.01 -20948.67 3350.00 54000.00 1.0452
95200 299.60 -224.01 -20948.67 3350.00 54000.00 1.0452
95300 299.60 -224.01 -20948.67 3350.00 54000.00 1.0452
95400 299.60 -224.01 -20948.67 3350.00 54000.00 1.0452
95500 299.60 -224.01 -20948.67 3350.00 54000.00 1.0452
95600 299.60 -224.01 -20948.67 3350.00 54000.00 1.0452
95700 299.60 -224.01 -20948.67 3350.00 54000.00 1.0452
95800 299.60 -224.01 -20948.67 3350.00 54000.00 1.0452
95900 299.60 -224.01 -20948.67 3350.00 54000.00 1.0452
96000 299.60 -224.01 -20948.67 3350.00 54000.00 1.0452
96100 299.60 -224.01 -20948.67 3350.00 54000.00 1.0452
96200 299.60 -224.01 -20948.67 3350.00 54000.00 1.0452
96300 299.60 -224.01 -20948.67 3350.00 54000.00 1.0452
96400 299.60 -224.01 -20948.67 3350.00 54000.00 1.0452
96500 299.60 -224.01 -20948.67 3350.00 54000.00 1.0452
96600 299.60 -224.01 -20948.67 3350.00 54000.00 1.0452
96700 299.60 -224.01 -20948.67 3350.00 54000.00 1.0452
96800 299.60 -224.01 -20948.67 3350.00 54000.00 1.0452
96900 299.60 -224.01 -20948.67 3350.00 54000.00 1.0452
97000 299.60 -224.01 -20948.67 3350.00 54000.00 1.0452
97100 299.60 -224.01 -20948.67 3350.00 54000.00 1.0452
97200 299.60 -224.01 -20948.67 3350.00 54000.00 1.0452
97300 299.60 -224.01 -20948.67 3350.00 54000.00 1.0452
97400 299.60 -224.01 -20948.67 3350.00 54000.00 1.0452
97500 299.60 -224.01 -20948.67 3350.00 54000.00 1.0452
97600 299.60 -224.01 -20948.67 3350.00 54000.00 1.0452
97700 299.60 -224.01 -20948.67 3350.00 54000.00 1.0452
97800 299.60 -224.01 -20948.67 3350.00 54000.00 1.0452
97900 299.60 -224.01 -20948.67 3350.00 54000.00 1.0452
98000 299.60 -224.01 -20948.67 3350.00 54000.00 1.0452
98100 299.60 -224.01 -20948.67 3350.00 54000.00 1.0452
98200 299.60 -224.01 -20948.67 3350.00 54000.00 1.0452
98300 299.60 -224.01 -20948.67 3350.00 54000.00 1.0452
98400 299.60 -224.01 -20948.67 3350.00 54000.00 1.0452
98500 299.60 -224.01 -20948.67 3350.00 54000.00 1.0452
98600 299.60 -224.01 -20948.67 3350.00 54000.00 1.0452
98700 299.60 -224.01 -20948.67 3350.00 54000.00 1.0452
98800 299.60 -224.01 -20948.67 3350.00 54000.00 1.0452
98900 299.60 -224.01 -20948.67 3350.00 54000.00 1.0452
99000 299.60 -224.01 -20948.67 3350.00 54000.00 1.0452
99100 299.60 -224.01 -20948.67 3350.00 54000.00 1.0452
99200 299.60 -224.01 -20948.67 3350.00 54000.00 1.0452
99300 299.60 -224.01 -20948.67 3350.00 54000.00 1.0452
99400 299.60 -224.01 -20948.67 3350.00 54000.00 1.0452
99500 299.60 -224.01 -20948.67 3350.00 54000.00 1.0452
99600 299.60 -224.01 -20948.67 3350.00 54000.00 1.0452
99700 299.60 -224.01 -20948.67 3350.00 54000.00 1.0452
99800 299.60 -224.01 -20948.67 3350.00 54000.00 1.0452
99900 299.60 -224.01 -20948.67 3350.00 54000.00 1.0452
