# Time-averaged data for fix thermo_detailed
# TimeStep v_temp v_press v_pe v_ke v_vol v_dens
600100 300.611481 5.110591 -20725.691406 3363.024658 54683.519531 1.043245
600200 300.101501 215.749725 -20756.037109 3357.319336 54538.378906 1.046021
600300 299.887573 256.843231 -20748.105469 3354.926025 54541.062500 1.045969
600400 299.769928 279.134918 -20745.345703 3353.609619 54543.484375 1.045923
600500 299.708191 291.291351 -20745.158203 3352.919189 54545.230469 1.045890
600600 299.676483 298.314575 -20746.052734 3352.564453 54546.007812 1.045875
600700 299.660492 302.579285 -20747.292969 3352.385742 54546.089844 1.045873
600800 299.652771 305.283752 -20748.529297 3352.299072 54545.777344 1.045879
600900 299.649384 307.048523 -20749.638672 3352.261230 54545.316406 1.045888
601000 299.648224 308.211365 -20750.574219 3352.248291 54544.847656 1.045897
601100 299.648346 308.981110 -20751.341797 3352.249512 54544.433594 1.045905
601200 299.649109 309.480194 -20751.953125 3352.258301 54544.121094 1.045911
601300 299.650177 309.792480 -20752.433594 3352.270020 54543.886719 1.045915
601400 299.651428 309.972931 -20752.806641 3352.284180 54543.750000 1.045918
601500 299.652710 310.064972 -20753.087891 3352.298584 54543.664062 1.045920
601600 299.653992 310.081085 -20753.296875 3352.312744 54543.644531 1.045920
601700 299.655334 310.048584 -20753.451172 3352.327881 54543.660156 1.045920
601800 299.656616 309.984497 -20753.560547 3352.342041 54543.695312 1.045919
601900 299.657867 309.889709 -20753.634766 3352.356201 54543.769531 1.045918
602000 299.659119 309.774414 -20753.679688 3352.370117 54543.855469 1.045916
602100 299.660339 309.642883 -20753.705078 3352.383789 54543.964844 1.045914
602200 299.661560 309.511505 -20753.720703 3352.397461 54544.050781 1.045912
602300 299.662689 309.376617 -20753.722656 3352.410156 54544.152344 1.045910
602400 299.663879 309.230164 -20753.714844 3352.423340 54544.242188 1.045909
602500 299.665009 309.089874 -20753.701172 3352.436279 54544.335938 1.045907
602600 299.666138 308.942108 -20753.683594 3352.448730 54544.429688 1.045905
602700 299.667236 308.790253 -20753.660156 3352.460938 54544.515625 1.045903
602800 299.668365 308.638214 -20753.640625 3352.473633 54544.601562 1.045902
602900 299.669434 308.488342 -20753.613281 3352.485352 54544.671875 1.045900
603000 299.670563 308.329071 -20753.591797 3352.498291 54544.746094 1.045899
603100 299.671661 308.170227 -20753.560547 3352.510498 54544.816406 1.045898
603200 299.672729 308.010712 -20753.535156 3352.522461 54544.882812 1.045896
603300 299.673828 307.845581 -20753.501953 3352.534668 54544.949219 1.045895
603400 299.674896 307.683044 -20753.464844 3352.546631 54545.019531 1.045894
603500 299.676025 307.522064 -20753.441406 3352.559326 54545.070312 1.045893
603600 299.677124 307.356720 -20753.412109 3352.571533 54545.121094 1.045892
603700 299.678223 307.187134 -20753.386719 3352.583740 54545.167969 1.045891
603800 299.679352 307.011658 -20753.355469 3352.596436 54545.218750 1.045890
603900 299.680450 306.839478 -20753.322266 3352.608887 54545.269531 1.045889
604000 299.681610 306.662781 -20753.291016 3352.621826 54545.308594 1.045888
604100 299.682800 306.482635 -20753.261719 3352.635010 54545.351562 1.045887
604200 299.683929 306.297394 -20753.228516 3352.647705 54545.394531 1.045887
604300 299.685120 306.117065 -20753.195312 3352.661133 54545.429688 1.045886
604400 299.686279 305.934113 -20753.164062 3352.674072 54545.468750 1.045885
604500 299.687439 305.742767 -20753.132812 3352.687012 54545.492188 1.045885
604600 299.688629 305.557312 -20753.101562 3352.700439 54545.535156 1.045884
604700 299.689819 305.373627 -20753.064453 3352.713623 54545.558594 1.045883
604800 299.691010 305.189575 -20753.029297 3352.726807 54545.589844 1.045883
604900 299.692169 305.009735 -20752.996094 3352.739990 54545.617188 1.045882
605000 299.693329 304.827087 -20752.958984 3352.752930 54545.640625 1.045882
605100 299.694489 304.635193 -20752.919922 3352.765869 54545.679688 1.045881
605200 299.695618 304.460236 -20752.884766 3352.778320 54545.703125 1.045881
605300 299.696747 304.277710 -20752.849609 3352.791260 54545.730469 1.045880
605400 299.697845 304.108459 -20752.818359 3352.803467 54545.757812 1.045880
605500 299.698944 303.937256 -20752.781250 3352.815674 54545.769531 1.045879
605600 299.699982 303.764038 -20752.744141 3352.827148 54545.792969 1.045879
605700 299.701050 303.601135 -20752.710938 3352.839111 54545.824219 1.045878
605800 299.702087 303.439636 -20752.673828 3352.851074 54545.839844 1.045878
605900 299.703064 303.279816 -20752.638672 3352.862061 54545.859375 1.045878
606000 299.704041 303.130280 -20752.607422 3352.872803 54545.871094 1.045877
606100 299.704987 302.979828 -20752.574219 3352.883301 54545.886719 1.045877
606200 299.705902 302.832458 -20752.539062 3352.893555 54545.902344 1.045877
606300 299.706787 302.695984 -20752.505859 3352.903564 54545.914062 1.045877
606400 299.707672 302.564362 -20752.472656 3352.913574 54545.925781 1.045876
606500 299.708496 302.430389 -20752.445312 3352.922607 54545.945312 1.045876
606600 299.709320 302.306915 -20752.416016 3352.931885 54545.957031 1.045876
606700 299.710052 302.184631 -20752.386719 3352.939941 54545.984375 1.045875
606800 299.710785 302.066467 -20752.361328 3352.948242 54545.988281 1.045875
606900 299.711487 301.957153 -20752.333984 3352.956055 54546.000000 1.045875
607000 299.712189 301.851929 -20752.308594 3352.964111 54546.000000 1.045875
607100 299.712830 301.750244 -20752.283203 3352.970947 54546.007812 1.045875
607200 299.713470 301.653198 -20752.261719 3352.978271 54546.015625 1.045875
607300 299.714081 301.559418 -20752.240234 3352.985107 54546.019531 1.045874
607400 299.714661 301.464569 -20752.212891 3352.991455 54546.035156 1.045874
607500 299.715240 301.377289 -20752.187500 3352.998047 54546.039062 1.045874
607600 299.715790 301.293549 -20752.169922 3353.004395 54546.046875 1.045874
607700 299.716309 301.223511 -20752.152344 3353.010010 54546.039062 1.045874
607800 299.716766 301.146393 -20752.128906 3353.015137 54546.050781 1.045874
607900 299.717224 301.081787 -20752.109375 3353.020020 54546.058594 1.045874
608000 299.717651 301.013306 -20752.089844 3353.025146 54546.070312 1.045874
608100 299.718079 300.954346 -20752.076172 3353.029785 54546.070312 1.045874
608200 299.718506 300.894501 -20752.062500 3353.034668 54546.070312 1.045874
608300 299.718903 300.836823 -20752.044922 3353.039062 54546.070312 1.045874
608400 299.719269 300.782288 -20752.033203 3353.043213 54546.070312 1.045874
608500 299.719666 300.731873 -20752.023438 3353.047607 54546.070312 1.045874
608600 299.720001 300.685394 -20752.003906 3353.051270 54546.074219 1.045873
608700 299.720337 300.642578 -20751.992188 3353.055176 54546.074219 1.045873
608800 299.720612 300.598633 -20751.984375 3353.058105 54546.082031 1.045873
608900 299.720917 300.557404 -20751.974609 3353.061523 54546.082031 1.045873
609000 299.721222 300.513702 -20751.960938 3353.064941 54546.082031 1.045873
609100 299.721527 300.473175 -20751.953125 3353.068359 54546.082031 1.045873
609200 299.721802 300.438019 -20751.939453 3353.071289 54546.074219 1.045873
609300 299.722076 300.413208 -20751.929688 3353.074707 54546.070312 1.045874
609400 299.722351 300.381653 -20751.917969 3353.077637 54546.074219 1.045873
609500 299.722565 300.352203 -20751.908203 3353.079834 54546.070312 1.045874
609600 299.722809 300.317352 -20751.894531 3353.082520 54546.074219 1.045873
609700 299.723053 300.291138 -20751.888672 3353.085449 54546.070312 1.045874
609800 299.723267 300.260925 -20751.882812 3353.087891 54546.066406 1.045874
609900 299.723480 300.232452 -20751.871094 3353.090088 54546.066406 1.045874
610000 299.723694 300.207306 -20751.863281 3353.092529 54546.066406 1.045874
610100 299.723877 300.180725 -20751.855469 3353.094727 54546.066406 1.045874
610200 299.724091 300.157654 -20751.845703 3353.097168 54546.058594 1.045874
610300 299.724304 300.132416 -20751.837891 3353.099365 54546.058594 1.045874
610400 299.724487 300.111298 -20751.830078 3353.101318 54546.050781 1.045874
610500 299.724701 300.096863 -20751.824219 3353.104004 54546.039062 1.045874
610600 299.724915 300.078186 -20751.816406 3353.106445 54546.039062 1.045874
610700 299.725067 300.061188 -20751.808594 3353.107910 54546.031250 1.045874
610800 299.725281 300.041870 -20751.798828 3353.110352 54546.031250 1.045874
610900 299.725464 300.023438 -20751.792969 3353.112305 54546.019531 1.045874
611000 299.725647 300.007172 -20751.787109 3353.114502 54546.019531 1.045874
611100 299.725830 299.990570 -20751.783203 3353.116699 54546.015625 1.045875
611200 299.725983 299.976837 -20751.777344 3353.118164 54546.007812 1.045875
611300 299.726166 299.967804 -20751.771484 3353.120117 54546.003906 1.045875
611400 299.726379 299.954712 -20751.763672 3353.122559 54545.984375 1.045875
611500 299.726562 299.940857 -20751.757812 3353.124756 54545.976562 1.045875
611600 299.726746 299.924866 -20751.753906 3353.126709 54545.972656 1.045875
611700 299.726898 299.915436 -20751.748047 3353.128418 54545.957031 1.045876
611800 299.727051 299.900360 -20751.742188 3353.130127 54545.953125 1.045876
611900 299.727203 299.883514 -20751.730469 3353.131836 54545.953125 1.045876
612000 299.727325 299.870178 -20751.720703 3353.133057 54545.953125 1.045876
612100 299.727478 299.855377 -20751.714844 3353.135010 54545.945312 1.045876
612200 299.727661 299.846619 -20751.707031 3353.136963 54545.929688 1.045876
612300 299.727844 299.835510 -20751.703125 3353.138916 54545.925781 1.045876
612400 299.727997 299.823853 -20751.697266 3353.140625 54545.921875 1.045876
612500 299.728180 299.812958 -20751.689453 3353.142578 54545.914062 1.045877
612600 299.728363 299.803314 -20751.677734 3353.145020 54545.902344 1.045877
612700 299.728577 299.795502 -20751.673828 3353.147217 54545.890625 1.045877
612800 299.728729 299.782227 -20751.669922 3353.148926 54545.878906 1.045877
612900 299.728943 299.775024 -20751.660156 3353.151367 54545.863281 1.045877
613000 299.729126 299.764832 -20751.656250 3353.153320 54545.847656 1.045878
613100 299.729309 299.757568 -20751.646484 3353.155518 54545.832031 1.045878
613200 299.729523 299.747070 -20751.640625 3353.157959 54545.816406 1.045878
613300 299.729706 299.738129 -20751.632812 3353.159912 54545.808594 1.045879
613400 299.729889 299.728912 -20751.621094 3353.161865 54545.796875 1.045879
613500 299.730103 299.719940 -20751.617188 3353.164062 54545.777344 1.045879
613600 299.730255 299.709747 -20751.609375 3353.166016 54545.769531 1.045879
613700 299.730438 299.704254 -20751.603516 3353.168213 54545.769531 1.045879
613800 299.730591 299.697632 -20751.597656 3353.169678 54545.746094 1.045880
613900 299.730804 299.689728 -20751.589844 3353.172119 54545.734375 1.045880
614000 299.731018 299.675537 -20751.578125 3353.174316 54545.726562 1.045880
614100 299.731232 299.662689 -20751.572266 3353.177002 54545.710938 1.045880
614200 299.731445 299.652466 -20751.562500 3353.179443 54545.703125 1.045881
614300 299.731659 299.639008 -20751.550781 3353.181641 54545.683594 1.045881
614400 299.731873 299.626526 -20751.541016 3353.183838 54545.671875 1.045881
614500 299.732086 299.623718 -20751.539062 3353.186523 54545.648438 1.045882
614600 299.732300 299.608856 -20751.523438 3353.188965 54545.640625 1.045882
614700 299.732513 299.596680 -20751.515625 3353.191162 54545.617188 1.045882
614800 299.732758 299.582489 -20751.503906 3353.193848 54545.613281 1.045882
614900 299.732971 299.571136 -20751.494141 3353.196533 54545.597656 1.045883
615000 299.733215 299.562531 -20751.480469 3353.199219 54545.574219 1.045883
615100 299.733459 299.547699 -20751.470703 3353.201904 54545.554688 1.045883
615200 299.733704 299.541840 -20751.460938 3353.204346 54545.535156 1.045884
615300 299.733948 299.532654 -20751.449219 3353.207520 54545.511719 1.045884
615400 299.734222 299.524811 -20751.437500 3353.210449 54545.492188 1.045885
615500 299.734497 299.516083 -20751.429688 3353.213379 54545.472656 1.045885
615600 299.734711 299.506134 -20751.419922 3353.216064 54545.453125 1.045885
615700 299.735016 299.490875 -20751.404297 3353.219238 54545.429688 1.045886
615800 299.735321 299.478119 -20751.392578 3353.222656 54545.406250 1.045886
615900 299.735596 299.463470 -20751.376953 3353.225830 54545.378906 1.045887
616000 299.735870 299.450531 -20751.361328 3353.228760 54545.351562 1.045887
616100 299.736206 299.435272 -20751.345703 3353.232422 54545.335938 1.045888
616200 299.736481 299.418091 -20751.332031 3353.235840 54545.312500 1.045888
616300 299.736786 299.410065 -20751.318359 3353.239014 54545.292969 1.045888
616400 299.737122 299.391357 -20751.304688 3353.242676 54545.261719 1.045889
616500 299.737457 299.370758 -20751.287109 3353.246582 54545.238281 1.045889
616600 299.737823 299.356476 -20751.267578 3353.250732 54545.214844 1.045890
616700 299.738190 299.333679 -20751.248047 3353.254639 54545.191406 1.045890
616800 299.738525 299.324707 -20751.232422 3353.258545 54545.164062 1.045891
616900 299.738922 299.301605 -20751.214844 3353.262939 54545.136719 1.045891
617000 299.739288 299.279755 -20751.193359 3353.267090 54545.105469 1.045892
617100 299.739655 299.260101 -20751.173828 3353.271240 54545.078125 1.045892
617200 299.740082 299.239777 -20751.148438 3353.276123 54545.046875 1.045893
617300 299.740479 299.214264 -20751.128906 3353.280273 54545.019531 1.045894
617400 299.740875 299.191315 -20751.105469 3353.284668 54544.988281 1.045894
617500 299.741302 299.169769 -20751.080078 3353.289551 54544.957031 1.045895
617600 299.741730 299.143646 -20751.058594 3353.294189 54544.925781 1.045895
617700 299.742188 299.118958 -20751.027344 3353.299561 54544.890625 1.045896
617800 299.742645 299.087616 -20751.003906 3353.304443 54544.859375 1.045897
617900 299.743134 299.063904 -20750.978516 3353.310059 54544.828125 1.045897
618000 299.743561 299.037598 -20750.951172 3353.314697 54544.796875 1.045898
618100 299.744019 299.014832 -20750.925781 3353.320068 54544.753906 1.045899
618200 299.744537 298.983521 -20750.894531 3353.325684 54544.714844 1.045900
618300 299.744995 298.947296 -20750.863281 3353.330811 54544.683594 1.045900
618400 299.745514 298.919250 -20750.835938 3353.336914 54544.644531 1.045901
618500 299.746033 298.881287 -20750.800781 3353.342529 54544.621094 1.045901
618600 299.746490 298.846252 -20750.763672 3353.347656 54544.585938 1.045902
618700 299.747040 298.810455 -20750.732422 3353.353760 54544.542969 1.045903
618800 299.747528 298.772125 -20750.697266 3353.359375 54544.500000 1.045904
618900 299.748047 298.728485 -20750.656250 3353.364990 54544.464844 1.045904
619000 299.748566 298.692505 -20750.621094 3353.370850 54544.433594 1.045905
619100 299.749084 298.653656 -20750.582031 3353.376465 54544.402344 1.045905
619200 299.749573 298.614838 -20750.541016 3353.382080 54544.371094 1.045906
619300 299.750122 298.576782 -20750.503906 3353.388428 54544.328125 1.045907
619400 299.750641 298.533264 -20750.466797 3353.394043 54544.281250 1.045908
619500 299.751099 298.493256 -20750.427734 3353.399170 54544.250000 1.045908
619600 299.751556 298.453644 -20750.388672 3353.404297 54544.218750 1.045909
619700 299.752014 298.419250 -20750.353516 3353.409424 54544.187500 1.045910
619800 299.752533 298.376251 -20750.308594 3353.415039 54544.152344 1.045910
619900 299.752991 298.339264 -20750.265625 3353.420410 54544.125000 1.045911
620000 299.753448 298.300568 -20750.224609 3353.425293 54544.082031 1.045912
620100 299.753906 298.262970 -20750.185547 3353.430664 54544.050781 1.045912
620200 299.754303 298.229034 -20750.148438 3353.435059 54544.023438 1.045913
620300 299.754700 298.196503 -20750.115234 3353.439697 54543.984375 1.045913
620400 299.755096 298.162384 -20750.080078 3353.443848 54543.964844 1.045914
620500 299.755432 298.132355 -20750.042969 3353.447510 54543.921875 1.045915
620600 299.755798 298.103271 -20750.007812 3353.451904 54543.906250 1.045915
620700 299.756104 298.074432 -20749.972656 3353.455078 54543.882812 1.045915
620800 299.756378 298.048798 -20749.941406 3353.458496 54543.855469 1.045916
620900 299.756653 298.025085 -20749.910156 3353.461426 54543.824219 1.045917
621000 299.756897 298.000549 -20749.876953 3353.464111 54543.800781 1.045917
621100 299.757141 297.977234 -20749.849609 3353.466553 54543.785156 1.045917
621200 299.757355 297.962585 -20749.826172 3353.469238 54543.753906 1.045918
621300 299.757568 297.954224 -20749.798828 3353.471680 54543.726562 1.045918
621400 299.757751 297.933624 -20749.773438 3353.473633 54543.710938 1.045919
621500 299.757935 297.924591 -20749.751953 3353.475586 54543.691406 1.045919
621600 299.758057 297.914948 -20749.730469 3353.476807 54543.664062 1.045920
621700 299.758179 297.910370 -20749.710938 3353.478516 54543.640625 1.045920
621800 299.758240 297.910339 -20749.691406 3353.479248 54543.628906 1.045920
621900 299.758392 297.906616 -20749.671875 3353.480957 54543.609375 1.045921
622000 299.758453 297.910767 -20749.660156 3353.481445 54543.582031 1.045921
622100 299.758484 297.915253 -20749.646484 3353.481934 54543.574219 1.045921
622200 299.758484 297.918640 -20749.630859 3353.481934 54543.550781 1.045922
622300 299.758545 297.927155 -20749.619141 3353.482422 54543.542969 1.045922
622400 299.758575 297.937744 -20749.609375 3353.482910 54543.515625 1.045923
622500 299.758545 297.946350 -20749.603516 3353.482422 54543.511719 1.045923
622600 299.758545 297.961517 -20749.595703 3353.482422 54543.484375 1.045923
622700 299.758545 297.979401 -20749.587891 3353.482422 54543.472656 1.045923
622800 299.758484 297.998993 -20749.580078 3353.481934 54543.460938 1.045924
622900 299.758423 298.016083 -20749.572266 3353.481201 54543.433594 1.045924
623000 299.758392 298.032684 -20749.566406 3353.480957 54543.421875 1.045924
623100 299.758331 298.049255 -20749.564453 3353.480225 54543.421875 1.045924
623200 299.758209 298.071655 -20749.562500 3353.479004 54543.406250 1.045925
623300 299.758118 298.097656 -20749.558594 3353.477539 54543.402344 1.045925
623400 299.758057 298.120361 -20749.556641 3353.476807 54543.390625 1.045925
623500 299.757904 298.144775 -20749.554688 3353.475342 54543.386719 1.045925
623600 299.757812 298.168243 -20749.556641 3353.474365 54543.375000 1.045925
623700 299.757690 298.196259 -20749.556641 3353.472900 54543.355469 1.045926
623800 299.757599 298.222534 -20749.558594 3353.471924 54543.343750 1.045926
623900 299.757446 298.249359 -20749.556641 3353.470215 54543.339844 1.045926
624000 299.757294 298.279633 -20749.556641 3353.468750 54543.335938 1.045926
624100 299.757172 298.306915 -20749.556641 3353.467041 54543.335938 1.045926
624200 299.757019 298.333008 -20749.558594 3353.465332 54543.324219 1.045926
624300 299.756897 298.358185 -20749.554688 3353.464111 54543.316406 1.045926
624400 299.756744 298.387756 -20749.558594 3353.462402 54543.304688 1.045927
624500 299.756622 298.419434 -20749.562500 3353.460938 54543.300781 1.045927
624600 299.756470 298.450073 -20749.562500 3353.459473 54543.300781 1.045927
624700 299.756317 298.483093 -20749.570312 3353.457520 54543.285156 1.045927
624800 299.756134 298.516876 -20749.574219 3353.455322 54543.277344 1.045927
624900 299.755951 298.547089 -20749.576172 3353.453369 54543.285156 1.045927
625000 299.755768 298.582764 -20749.583984 3353.451416 54543.277344 1.045927
625100 299.755585 298.617676 -20749.582031 3353.449463 54543.269531 1.045927
625200 299.755402 298.651031 -20749.587891 3353.447266 54543.269531 1.045927
625300 299.755249 298.681793 -20749.589844 3353.445557 54543.246094 1.045928
625400 299.755035 298.710052 -20749.593750 3353.443115 54543.253906 1.045928
625500 299.754852 298.738159 -20749.595703 3353.441162 54543.261719 1.045927
625600 299.754669 298.769684 -20749.599609 3353.439209 54543.246094 1.045928
625700 299.754517 298.802246 -20749.605469 3353.437256 54543.246094 1.045928
625800 299.754364 298.841614 -20749.613281 3353.435547 54543.238281 1.045928
625900 299.754181 298.869781 -20749.617188 3353.433594 54543.238281 1.045928
626000 299.754028 298.901947 -20749.623047 3353.431885 54543.238281 1.045928
626100 299.753845 298.939392 -20749.626953 3353.429932 54543.238281 1.045928
626200 299.753662 298.970154 -20749.632812 3353.427979 54543.242188 1.045928
626300 299.753479 299.001465 -20749.636719 3353.425781 54543.238281 1.045928
626400 299.753296 299.028137 -20749.638672 3353.423828 54543.242188 1.045928
626500 299.753143 299.051392 -20749.640625 3353.422119 54543.242188 1.045928
626600 299.752960 299.083771 -20749.646484 3353.420166 54543.242188 1.045928
626700 299.752777 299.114899 -20749.652344 3353.418213 54543.246094 1.045928
626800 299.752625 299.139526 -20749.654297 3353.416016 54543.246094 1.045928
626900 299.752441 299.171478 -20749.660156 3353.414062 54543.242188 1.045928
627000 299.752228 299.209778 -20749.667969 3353.411865 54543.238281 1.045928
627100 299.752045 299.236908 -20749.669922 3353.409912 54543.238281 1.045928
627200 299.751892 299.263733 -20749.675781 3353.408203 54543.238281 1.045928
627300 299.751740 299.292084 -20749.677734 3353.406250 54543.238281 1.045928
627400 299.751587 299.319397 -20749.681641 3353.404541 54543.230469 1.045928
627500 299.751465 299.348480 -20749.683594 3353.403320 54543.230469 1.045928
627600 299.751282 299.383179 -20749.691406 3353.401367 54543.230469 1.045928
627700 299.751129 299.409454 -20749.699219 3353.399658 54543.238281 1.045928
627800 299.750977 299.437775 -20749.703125 3353.397949 54543.242188 1.045928
627900 299.750824 299.464966 -20749.707031 3353.395996 54543.238281 1.045928
628000 299.750671 299.486633 -20749.712891 3353.394287 54543.242188 1.045928
628100 299.750519 299.514740 -20749.716797 3353.392578 54543.230469 1.045928
628200 299.750336 299.543701 -20749.722656 3353.390625 54543.238281 1.045928
628300 299.750183 299.573151 -20749.728516 3353.389160 54543.230469 1.045928
628400 299.750031 299.603577 -20749.734375 3353.386963 54543.222656 1.045928
628500 299.749908 299.629425 -20749.738281 3353.385742 54543.222656 1.045928
628600 299.749725 299.654388 -20749.742188 3353.383789 54543.230469 1.045928
628700 299.749573 299.675537 -20749.744141 3353.382080 54543.238281 1.045928
628800 299.749390 299.698029 -20749.748047 3353.380127 54543.230469 1.045928
628900 299.749268 299.721161 -20749.750000 3353.378906 54543.238281 1.045928
629000 299.749115 299.741821 -20749.753906 3353.376709 54543.238281 1.045928
629100 299.748993 299.763214 -20749.759766 3353.375488 54543.242188 1.045928
629200 299.748840 299.789276 -20749.769531 3353.373779 54543.238281 1.045928
629300 299.748718 299.811035 -20749.773438 3353.372559 54543.238281 1.045928
629400 299.748596 299.837372 -20749.775391 3353.371094 54543.238281 1.045928
629500 299.748474 299.857025 -20749.779297 3353.369873 54543.242188 1.045928
629600 299.748352 299.878082 -20749.779297 3353.368652 54543.242188 1.045928
629700 299.748199 299.897308 -20749.781250 3353.366699 54543.242188 1.045928
629800 299.748077 299.922760 -20749.783203 3353.365234 54543.242188 1.045928
629900 299.747986 299.944916 -20749.789062 3353.364258 54543.242188 1.045928
630000 299.747833 299.966797 -20749.792969 3353.362549 54543.242188 1.045928
630100 299.747711 299.986694 -20749.796875 3353.361328 54543.246094 1.045928
630200 299.747589 300.007721 -20749.804688 3353.360107 54543.253906 1.045928
630300 299.747467 300.023254 -20749.808594 3353.358643 54543.253906 1.045928
630400 299.747314 300.041199 -20749.808594 3353.356689 54543.253906 1.045928
630500 299.747192 300.057159 -20749.812500 3353.355469 54543.261719 1.045927
630600 299.747101 300.077820 -20749.818359 3353.354492 54543.261719 1.045927
630700 299.746979 300.093475 -20749.822266 3353.353027 54543.269531 1.045927
630800 299.746887 300.112274 -20749.828125 3353.352051 54543.269531 1.045927
630900 299.746796 300.130890 -20749.826172 3353.351074 54543.273438 1.045927
631000 299.746674 300.143280 -20749.822266 3353.349854 54543.273438 1.045927
631100 299.746552 300.160828 -20749.824219 3353.348389 54543.273438 1.045927
631200 299.746460 300.174774 -20749.828125 3353.347412 54543.277344 1.045927
631300 299.746338 300.190582 -20749.833984 3353.345703 54543.277344 1.045927
631400 299.746246 300.204926 -20749.837891 3353.344727 54543.277344 1.045927
631500 299.746155 300.218109 -20749.841797 3353.343750 54543.273438 1.045927
631600 299.746063 300.235138 -20749.841797 3353.342773 54543.277344 1.045927
631700 299.745972 300.253845 -20749.843750 3353.341797 54543.285156 1.045927
631800 299.745880 300.269135 -20749.845703 3353.340820 54543.285156 1.045927
631900 299.745789 300.284485 -20749.849609 3353.339844 54543.285156 1.045927
632000 299.745667 300.300751 -20749.857422 3353.338623 54543.285156 1.045927
632100 299.745575 300.315704 -20749.861328 3353.337646 54543.292969 1.045927
632200 299.745514 300.328461 -20749.867188 3353.336914 54543.285156 1.045927
632300 299.745422 300.341797 -20749.869141 3353.335449 54543.292969 1.045927
632400 299.745300 300.356384 -20749.869141 3353.334229 54543.285156 1.045927
632500 299.745209 300.373688 -20749.875000 3353.333252 54543.285156 1.045927
632600 299.745148 300.387115 -20749.878906 3353.332520 54543.285156 1.045927
632700 299.745117 300.401917 -20749.882812 3353.332275 54543.285156 1.045927
632800 299.745026 300.414459 -20749.886719 3353.331299 54543.285156 1.045927
632900 299.744965 300.428253 -20749.886719 3353.330566 54543.285156 1.045927
633000 299.744873 300.440765 -20749.888672 3353.329590 54543.285156 1.045927
633100 299.744812 300.452545 -20749.888672 3353.328857 54543.285156 1.045927
633200 299.744720 300.464325 -20749.890625 3353.327881 54543.292969 1.045927
633300 299.744659 300.474457 -20749.892578 3353.327393 54543.300781 1.045927
633400 299.744568 300.486084 -20749.892578 3353.325928 54543.300781 1.045927
633500 299.744507 300.497925 -20749.896484 3353.325195 54543.300781 1.045927
633600 299.744415 300.508423 -20749.898438 3353.324219 54543.300781 1.045927
633700 299.744385 300.516724 -20749.902344 3353.323975 54543.300781 1.045927
633800 299.744293 300.528198 -20749.906250 3353.322998 54543.300781 1.045927
633900 299.744232 300.541229 -20749.910156 3353.322266 54543.304688 1.045927
634000 299.744171 300.548706 -20749.912109 3353.321777 54543.304688 1.045927
634100 299.744080 300.555298 -20749.910156 3353.320801 54543.308594 1.045926
634200 299.744049 300.565643 -20749.910156 3353.320312 54543.308594 1.045926
634300 299.743958 300.570892 -20749.912109 3353.319336 54543.308594 1.045926
634400 299.743896 300.576813 -20749.914062 3353.318604 54543.308594 1.045926
634500 299.743835 300.582703 -20749.914062 3353.318115 54543.316406 1.045926
634600 299.743774 300.590912 -20749.919922 3353.317383 54543.324219 1.045926
634700 299.743713 300.600037 -20749.921875 3353.316650 54543.328125 1.045926
634800 299.743713 300.608795 -20749.923828 3353.316650 54543.328125 1.045926
634900 299.743622 300.618896 -20749.925781 3353.315430 54543.328125 1.045926
635000 299.743591 300.630981 -20749.929688 3353.315186 54543.324219 1.045926
635100 299.743530 300.640991 -20749.933594 3353.314453 54543.328125 1.045926
635200 299.743439 300.648254 -20749.935547 3353.313477 54543.328125 1.045926
635300 299.743378 300.654907 -20749.933594 3353.312744 54543.328125 1.045926
635400 299.743317 300.663269 -20749.933594 3353.312012 54543.335938 1.045926
635500 299.743286 300.670593 -20749.935547 3353.311768 54543.335938 1.045926
635600 299.743256 300.678253 -20749.937500 3353.311523 54543.335938 1.045926
635700 299.743195 300.689423 -20749.941406 3353.310791 54543.328125 1.045926
635800 299.743134 300.696777 -20749.941406 3353.310059 54543.328125 1.045926
635900 299.743103 300.698883 -20749.941406 3353.309814 54543.335938 1.045926
636000 299.743042 300.707275 -20749.941406 3353.309082 54543.335938 1.045926
636100 299.743011 300.714172 -20749.939453 3353.308838 54543.339844 1.045926
636200 299.742950 300.724213 -20749.941406 3353.308105 54543.339844 1.045926
636300 299.742889 300.731201 -20749.943359 3353.307373 54543.339844 1.045926
636400 299.742859 300.736755 -20749.945312 3353.307129 54543.343750 1.045926
636500 299.742828 300.747253 -20749.949219 3353.306885 54543.339844 1.045926
636600 299.742767 300.754150 -20749.949219 3353.305908 54543.339844 1.045926
636700 299.742737 300.761932 -20749.951172 3353.305420 54543.339844 1.045926
636800 299.742706 300.770172 -20749.955078 3353.305176 54543.339844 1.045926
636900 299.742676 300.776398 -20749.955078 3353.304932 54543.335938 1.045926
637000 299.742645 300.782990 -20749.957031 3353.304443 54543.339844 1.045926
637100 299.742615 300.789215 -20749.957031 3353.304199 54543.339844 1.045926
637200 299.742584 300.792511 -20749.958984 3353.303955 54543.339844 1.045926
637300 299.742554 300.795593 -20749.960938 3353.303467 54543.339844 1.045926
637400 299.742523 300.799957 -20749.964844 3353.303223 54543.335938 1.045926
637500 299.742493 300.804474 -20749.964844 3353.302734 54543.339844 1.045926
637600 299.742432 300.809204 -20749.966797 3353.302246 54543.339844 1.045926
637700 299.742401 300.812744 -20749.968750 3353.301758 54543.339844 1.045926
637800 299.742371 300.818268 -20749.968750 3353.301514 54543.339844 1.045926
637900 299.742340 300.821838 -20749.970703 3353.301270 54543.343750 1.045926
638000 299.742340 300.825317 -20749.972656 3353.301270 54543.339844 1.045926
638100 299.742310 300.829437 -20749.974609 3353.300781 54543.339844 1.045926
638200 299.742249 300.835419 -20749.978516 3353.300293 54543.343750 1.045926
638300 299.742188 300.840912 -20749.980469 3353.299561 54543.343750 1.045926
638400 299.742157 300.845337 -20749.982422 3353.299316 54543.343750 1.045926
638500 299.742126 300.847382 -20749.980469 3353.298828 54543.355469 1.045926
638600 299.742096 300.848755 -20749.984375 3353.298584 54543.359375 1.045925
638700 299.742096 300.852203 -20749.986328 3353.298584 54543.359375 1.045925
638800 299.742065 300.857269 -20749.986328 3353.298340 54543.359375 1.045925
638900 299.742004 300.862762 -20749.990234 3353.297607 54543.359375 1.045925
639000 299.742004 300.866058 -20749.992188 3353.297607 54543.359375 1.045925
639100 299.741974 300.868744 -20749.994141 3353.297119 54543.359375 1.045925
639200 299.741943 300.870117 -20749.994141 3353.296875 54543.359375 1.045925
639300 299.741943 300.871460 -20749.996094 3353.296875 54543.359375 1.045925
639400 299.741913 300.873627 -20749.998047 3353.296631 54543.359375 1.045925
639500 299.741913 300.874481 -20749.998047 3353.296631 54543.359375 1.045925
639600 299.741882 300.876404 -20749.996094 3353.295898 54543.367188 1.045925
639700 299.741882 300.878387 -20749.996094 3353.295898 54543.367188 1.045925
639800 299.741852 300.881958 -20749.996094 3353.295654 54543.367188 1.045925
639900 299.741821 300.882843 -20749.996094 3353.295166 54543.371094 1.045925
640000 299.741821 300.885071 -20749.996094 3353.295166 54543.371094 1.045925
640100 299.741791 300.887573 -20749.998047 3353.294922 54543.371094 1.045925
640200 299.741791 300.890656 -20749.998047 3353.294922 54543.371094 1.045925
640300 299.741760 300.893677 -20749.996094 3353.294678 54543.371094 1.045925
640400 299.741760 300.895477 -20749.998047 3353.294678 54543.375000 1.045925
640500 299.741760 300.897797 -20749.998047 3353.294678 54543.375000 1.045925
640600 299.741760 300.900085 -20750.000000 3353.294678 54543.371094 1.045925
640700 299.741730 300.903534 -20750.000000 3353.294189 54543.367188 1.045925
640800 299.741730 300.904907 -20750.000000 3353.294189 54543.367188 1.045925
640900 299.741730 300.907288 -20750.000000 3353.294189 54543.367188 1.045925
641000 299.741699 300.910767 -20750.001953 3353.293945 54543.359375 1.045925
641100 299.741699 300.914307 -20750.001953 3353.293945 54543.359375 1.045925
641200 299.741669 300.916748 -20750.001953 3353.293701 54543.359375 1.045925
641300 299.741669 300.917603 -20750.003906 3353.293701 54543.367188 1.045925
641400 299.741669 300.919861 -20750.003906 3353.293701 54543.359375 1.045925
641500 299.741638 300.921021 -20750.005859 3353.293213 54543.359375 1.045925
641600 299.741638 300.924713 -20750.007812 3353.293213 54543.359375 1.045925
641700 299.741608 300.926453 -20750.007812 3353.292969 54543.359375 1.045925
641800 299.741608 300.928497 -20750.009766 3353.292969 54543.359375 1.045925
641900 299.741577 300.931458 -20750.009766 3353.292725 54543.359375 1.045925
642000 299.741547 300.935120 -20750.011719 3353.292236 54543.359375 1.045925
642100 299.741516 300.937195 -20750.013672 3353.291992 54543.359375 1.045925
642200 299.741516 300.938934 -20750.013672 3353.291992 54543.367188 1.045925
642300 299.741516 300.940063 -20750.015625 3353.291992 54543.367188 1.045925
642400 299.741486 300.941803 -20750.015625 3353.291504 54543.367188 1.045925
642500 299.741486 300.942993 -20750.015625 3353.291504 54543.367188 1.045925
642600 299.741486 300.943237 -20750.015625 3353.291504 54543.367188 1.045925
642700 299.741486 300.944275 -20750.017578 3353.291504 54543.367188 1.045925
642800 299.741486 300.945099 -20750.019531 3353.291504 54543.367188 1.045925
642900 299.741486 300.946289 -20750.021484 3353.291504 54543.371094 1.045925
643000 299.741455 300.945587 -20750.021484 3353.291260 54543.371094 1.045925
643100 299.741455 300.946716 -20750.021484 3353.291260 54543.371094 1.045925
643200 299.741425 300.947540 -20750.021484 3353.291016 54543.371094 1.045925
643300 299.741425 300.948364 -20750.021484 3353.291016 54543.375000 1.045925
643400 299.741425 300.949341 -20750.021484 3353.291016 54543.375000 1.045925
643500 299.741394 300.949738 -20750.021484 3353.290527 54543.375000 1.045925
643600 299.741394 300.950562 -20750.021484 3353.290527 54543.375000 1.045925
643700 299.741394 300.951721 -20750.023438 3353.290527 54543.371094 1.045925
643800 299.741394 300.953400 -20750.021484 3353.290527 54543.371094 1.045925
643900 299.741394 300.953705 -20750.021484 3353.290527 54543.371094 1.045925
644000 299.741394 300.954498 -20750.021484 3353.290527 54543.371094 1.045925
644100 299.741394 300.954803 -20750.021484 3353.290527 54543.371094 1.045925
644200 299.741394 300.955170 -20750.021484 3353.290527 54543.371094 1.045925
644300 299.741394 300.955536 -20750.021484 3353.290527 54543.371094 1.045925
644400 299.741394 300.955841 -20750.021484 3353.290527 54543.371094 1.045925
644500 299.741394 300.957733 -20750.021484 3353.290527 54543.371094 1.045925
644600 299.741394 300.956421 -20750.021484 3353.290527 54543.371094 1.045925
644700 299.741364 300.957153 -20750.021484 3353.290283 54543.371094 1.045925
644800 299.741364 300.958099 -20750.021484 3353.290283 54543.371094 1.045925
644900 299.741364 300.957794 -20750.023438 3353.290283 54543.375000 1.045925
645000 299.741394 300.958344 -20750.023438 3353.290527 54543.371094 1.045925
645100 299.741394 300.957794 -20750.023438 3353.290527 54543.375000 1.045925
645200 299.741394 300.957916 -20750.025391 3353.290527 54543.375000 1.045925
645300 299.741394 300.958435 -20750.025391 3353.290527 54543.375000 1.045925
645400 299.741364 300.958557 -20750.027344 3353.290283 54543.375000 1.045925
645500 299.741364 300.958801 -20750.027344 3353.290283 54543.375000 1.045925
645600 299.741364 300.959564 -20750.027344 3353.290283 54543.375000 1.045925
645700 299.741364 300.959717 -20750.027344 3353.290283 54543.375000 1.045925
645800 299.741364 300.960052 -20750.027344 3353.290283 54543.375000 1.045925
645900 299.741364 300.960571 -20750.027344 3353.290283 54543.375000 1.045925
646000 299.741364 300.961975 -20750.027344 3353.290283 54543.375000 1.045925
646100 299.741364 300.961456 -20750.029297 3353.290283 54543.375000 1.045925
646200 299.741364 300.962677 -20750.029297 3353.290283 54543.375000 1.045925
646300 299.741333 300.964417 -20750.029297 3353.290039 54543.375000 1.045925
646400 299.741364 300.964508 -20750.031250 3353.290283 54543.375000 1.045925
646500 299.741364 300.963470 -20750.031250 3353.290283 54543.375000 1.045925
646600 299.741364 300.963501 -20750.031250 3353.290283 54543.386719 1.045925
646700 299.741364 300.963562 -20750.031250 3353.290283 54543.386719 1.045925
646800 299.741394 300.963928 -20750.033203 3353.290527 54543.386719 1.045925
646900 299.741394 300.962738 -20750.033203 3353.290527 54543.386719 1.045925
647000 299.741364 300.964233 -20750.033203 3353.290283 54543.386719 1.045925
647100 299.741364 300.966339 -20750.033203 3353.290283 54543.375000 1.045925
647200 299.741364 300.967285 -20750.033203 3353.290283 54543.375000 1.045925
647300 299.741364 300.966797 -20750.035156 3353.290283 54543.375000 1.045925
647400 299.741364 300.966522 -20750.037109 3353.290283 54543.375000 1.045925
647500 299.741364 300.966614 -20750.037109 3353.290283 54543.375000 1.045925
647600 299.741364 300.966797 -20750.037109 3353.290283 54543.375000 1.045925
647700 299.741364 300.968079 -20750.037109 3353.290283 54543.375000 1.045925
647800 299.741364 300.968781 -20750.037109 3353.290283 54543.375000 1.045925
647900 299.741364 300.968536 -20750.037109 3353.290283 54543.375000 1.045925
648000 299.741364 300.967987 -20750.037109 3353.290283 54543.375000 1.045925
648100 299.741333 300.966888 -20750.037109 3353.290039 54543.375000 1.045925
648200 299.741333 300.966217 -20750.037109 3353.290039 54543.375000 1.045925
648300 299.741333 300.964142 -20750.035156 3353.290039 54543.375000 1.045925
648400 299.741302 300.964142 -20750.035156 3353.289551 54543.375000 1.045925
648500 299.741302 300.963593 -20750.035156 3353.289551 54543.375000 1.045925
648600 299.741302 300.963043 -20750.035156 3353.289551 54543.375000 1.045925
648700 299.741302 300.964050 -20750.037109 3353.289551 54543.375000 1.045925
648800 299.741302 300.964081 -20750.037109 3353.289551 54543.375000 1.045925
648900 299.741333 300.963867 -20750.037109 3353.290039 54543.371094 1.045925
649000 299.741333 300.963684 -20750.039062 3353.290039 54543.371094 1.045925
649100 299.741333 300.962952 -20750.039062 3353.290039 54543.371094 1.045925
649200 299.741302 300.962402 -20750.039062 3353.289551 54543.375000 1.045925
649300 299.741302 300.962738 -20750.039062 3353.289551 54543.371094 1.045925
649400 299.741302 300.963013 -20750.039062 3353.289551 54543.371094 1.045925
649500 299.741302 300.962128 -20750.041016 3353.289551 54543.371094 1.045925
649600 299.741302 300.960236 -20750.041016 3353.289551 54543.371094 1.045925
649700 299.741302 300.959412 -20750.041016 3353.289551 54543.371094 1.045925
649800 299.741302 300.958496 -20750.041016 3353.289551 54543.371094 1.045925
649900 299.741302 300.957550 -20750.041016 3353.289551 54543.371094 1.045925
650000 299.741302 300.955963 -20750.041016 3353.289551 54543.375000 1.045925
650100 299.741302 300.955719 -20750.041016 3353.289551 54543.375000 1.045925
650200 299.741302 300.955322 -20750.042969 3353.289551 54543.375000 1.045925
650300 299.741302 300.954620 -20750.042969 3353.289551 54543.375000 1.045925
650400 299.741302 300.953674 -20750.042969 3353.289551 54543.375000 1.045925
650500 299.741302 300.952881 -20750.042969 3353.289551 54543.375000 1.045925
650600 299.741302 300.951965 -20750.042969 3353.289551 54543.375000 1.045925
650700 299.741302 300.952301 -20750.042969 3353.289551 54543.386719 1.045925
650800 299.741302 300.951691 -20750.042969 3353.289551 54543.386719 1.045925
650900 299.741272 300.949493 -20750.041016 3353.289307 54543.386719 1.045925
651000 299.741272 300.948395 -20750.041016 3353.289307 54543.390625 1.045925
651100 299.741272 300.948395 -20750.041016 3353.289307 54543.390625 1.045925
651200 299.741272 300.947388 -20750.041016 3353.289307 54543.390625 1.045925
651300 299.741272 300.946442 -20750.041016 3353.289307 54543.398438 1.045925
651400 299.741241 300.945801 -20750.039062 3353.289062 54543.398438 1.045925
651500 299.741272 300.942657 -20750.039062 3353.289307 54543.398438 1.045925
651600 299.741272 300.941406 -20750.039062 3353.289307 54543.398438 1.045925
651700 299.741272 300.940918 -20750.039062 3353.289307 54543.398438 1.045925
651800 299.741272 300.939972 -20750.039062 3353.289307 54543.398438 1.045925
651900 299.741272 300.939667 -20750.039062 3353.289307 54543.398438 1.045925
652000 299.741302 300.939667 -20750.039062 3353.289551 54543.398438 1.045925
652100 299.741272 300.938751 -20750.041016 3353.289307 54543.398438 1.045925
652200 299.741272 300.937927 -20750.039062 3353.289307 54543.398438 1.045925
652300 299.741272 300.937439 -20750.039062 3353.289307 54543.390625 1.045925
652400 299.741272 300.937561 -20750.039062 3353.289307 54543.390625 1.045925
652500 299.741272 300.937988 -20750.039062 3353.289307 54543.390625 1.045925
652600 299.741272 300.938477 -20750.039062 3353.289307 54543.390625 1.045925
652700 299.741272 300.938324 -20750.039062 3353.289307 54543.390625 1.045925
652800 299.741272 300.937775 -20750.037109 3353.289307 54543.390625 1.045925
652900 299.741272 300.937744 -20750.037109 3353.289307 54543.386719 1.045925
653000 299.741302 300.936157 -20750.037109 3353.289551 54543.386719 1.045925
653100 299.741302 300.935486 -20750.037109 3353.289551 54543.386719 1.045925
653200 299.741333 300.932617 -20750.039062 3353.290039 54543.386719 1.045925
653300 299.741333 300.930908 -20750.039062 3353.290039 54543.390625 1.045925
653400 299.741364 300.929779 -20750.039062 3353.290283 54543.390625 1.045925
653500 299.741364 300.929230 -20750.039062 3353.290283 54543.390625 1.045925
653600 299.741364 300.928192 -20750.039062 3353.290283 54543.390625 1.045925
653700 299.741364 300.927124 -20750.039062 3353.290283 54543.390625 1.045925
653800 299.741364 300.926697 -20750.039062 3353.290283 54543.398438 1.045925
653900 299.741364 300.926422 -20750.039062 3353.290283 54543.398438 1.045925
654000 299.741364 300.926605 -20750.039062 3353.290283 54543.398438 1.045925
654100 299.741364 300.926605 -20750.039062 3353.290283 54543.390625 1.045925
654200 299.741394 300.926605 -20750.037109 3353.290527 54543.390625 1.045925
654300 299.741394 300.926605 -20750.037109 3353.290527 54543.390625 1.045925
654400 299.741394 300.925964 -20750.037109 3353.290527 54543.398438 1.045925
654500 299.741394 300.925507 -20750.035156 3353.290527 54543.398438 1.045925
654600 299.741394 300.924591 -20750.035156 3353.290527 54543.398438 1.045925
654700 299.741394 300.924225 -20750.035156 3353.290527 54543.398438 1.045925
654800 299.741394 300.924042 -20750.035156 3353.290527 54543.398438 1.045925
654900 299.741394 300.923981 -20750.035156 3353.290527 54543.398438 1.045925
655000 299.741394 300.924561 -20750.037109 3353.290527 54543.398438 1.045925
655100 299.741394 300.923828 -20750.037109 3353.290527 54543.398438 1.045925
655200 299.741394 300.923950 -20750.037109 3353.290527 54543.398438 1.045925
655300 299.741394 300.925507 -20750.037109 3353.290527 54543.390625 1.045925
655400 299.741394 300.926971 -20750.039062 3353.290527 54543.390625 1.045925
655500 299.741394 300.927429 -20750.039062 3353.290527 54543.390625 1.045925
655600 299.741394 300.927429 -20750.039062 3353.290527 54543.390625 1.045925
655700 299.741364 300.927582 -20750.039062 3353.290283 54543.390625 1.045925
655800 299.741364 300.927612 -20750.039062 3353.290283 54543.390625 1.045925
655900 299.741364 300.927063 -20750.037109 3353.290283 54543.398438 1.045925
656000 299.741394 300.926849 -20750.037109 3353.290527 54543.398438 1.045925
656100 299.741394 300.926483 -20750.035156 3353.290527 54543.398438 1.045925
656200 299.741394 300.926239 -20750.035156 3353.290527 54543.398438 1.045925
656300 299.741394 300.926178 -20750.035156 3353.290527 54543.390625 1.045925
656400 299.741394 300.926086 -20750.035156 3353.290527 54543.390625 1.045925
656500 299.741394 300.926056 -20750.035156 3353.290527 54543.390625 1.045925
656600 299.741394 300.925262 -20750.035156 3353.290527 54543.398438 1.045925
656700 299.741394 300.924927 -20750.035156 3353.290527 54543.398438 1.045925
656800 299.741394 300.924835 -20750.035156 3353.290527 54543.398438 1.045925
656900 299.741394 300.924744 -20750.035156 3353.290527 54543.398438 1.045925
657000 299.741394 300.924011 -20750.033203 3353.290527 54543.398438 1.045925
657100 299.741364 300.923401 -20750.033203 3353.290283 54543.398438 1.045925
657200 299.741364 300.923126 -20750.033203 3353.290283 54543.398438 1.045925
657300 299.741364 300.922913 -20750.033203 3353.290283 54543.398438 1.045925
657400 299.741364 300.922760 -20750.033203 3353.290283 54543.398438 1.045925
657500 299.741364 300.922729 -20750.033203 3353.290283 54543.398438 1.045925
657600 299.741364 300.922760 -20750.033203 3353.290283 54543.398438 1.045925
657700 299.741364 300.922821 -20750.033203 3353.290283 54543.398438 1.045925
657800 299.741364 300.922028 -20750.033203 3353.290283 54543.398438 1.045925
657900 299.741394 300.921814 -20750.033203 3353.290527 54543.398438 1.045925
658000 299.741394 300.921631 -20750.033203 3353.290527 54543.398438 1.045925
658100 299.741394 300.921387 -20750.033203 3353.290527 54543.398438 1.045925
658200 299.741394 300.921753 -20750.033203 3353.290527 54543.398438 1.045925
658300 299.741394 300.921875 -20750.033203 3353.290527 54543.398438 1.045925
658400 299.741394 300.921906 -20750.033203 3353.290527 54543.398438 1.045925
658500 299.741394 300.921997 -20750.033203 3353.290527 54543.398438 1.045925
658600 299.741394 300.921997 -20750.033203 3353.290527 54543.398438 1.045925
658700 299.741394 300.922150 -20750.033203 3353.290527 54543.398438 1.045925
658800 299.741394 300.922150 -20750.033203 3353.290527 54543.390625 1.045925
658900 299.741394 300.922272 -20750.033203 3353.290527 54543.390625 1.045925
659000 299.741394 300.922363 -20750.033203 3353.290527 54543.390625 1.045925
659100 299.741394 300.922363 -20750.033203 3353.290527 54543.390625 1.045925
659200 299.741394 300.921997 -20750.033203 3353.290527 54543.390625 1.045925
659300 299.741394 300.921814 -20750.031250 3353.290527 54543.390625 1.045925
659400 299.741394 300.921600 -20750.031250 3353.290527 54543.390625 1.045925
659500 299.741394 300.921753 -20750.033203 3353.290527 54543.390625 1.045925
659600 299.741394 300.921753 -20750.033203 3353.290527 54543.390625 1.045925
659700 299.741394 300.921753 -20750.033203 3353.290527 54543.390625 1.045925
659800 299.741394 300.921753 -20750.033203 3353.290527 54543.390625 1.045925
659900 299.741394 300.921722 -20750.033203 3353.290527 54543.390625 1.045925
660000 299.741394 300.921722 -20750.033203 3353.290527 54543.390625 1.045925
660100 299.741394 300.921722 -20750.033203 3353.290527 54543.390625 1.045925
660200 299.741394 300.921448 -20750.033203 3353.290527 54543.390625 1.045925
660300 299.741394 300.921204 -20750.033203 3353.290527 54543.390625 1.045925
660400 299.741394 300.921021 -20750.033203 3353.290527 54543.390625 1.045925
660500 299.741394 300.920990 -20750.033203 3353.290527 54543.390625 1.045925
660600 299.741394 300.920959 -20750.033203 3353.290527 54543.390625 1.045925
660700 299.741394 300.920898 -20750.033203 3353.290527 54543.390625 1.045925
660800 299.741394 300.920929 -20750.033203 3353.290527 54543.390625 1.045925
660900 299.741394 300.920837 -20750.033203 3353.290527 54543.390625 1.045925
661000 299.741394 300.920898 -20750.033203 3353.290527 54543.390625 1.045925
661100 299.741394 300.920837 -20750.033203 3353.290527 54543.390625 1.045925
661200 299.741394 300.920807 -20750.033203 3353.290527 54543.390625 1.045925
661300 299.741394 300.920715 -20750.033203 3353.290527 54543.390625 1.045925
661400 299.741394 300.920715 -20750.033203 3353.290527 54543.390625 1.045925
661500 299.741394 300.920715 -20750.033203 3353.290527 54543.390625 1.045925
661600 299.741394 300.920746 -20750.033203 3353.290527 54543.390625 1.045925
661700 299.741394 300.920746 -20750.033203 3353.290527 54543.390625 1.045925
661800 299.741394 300.920807 -20750.033203 3353.290527 54543.390625 1.045925
661900 299.741394 300.920624 -20750.033203 3353.290527 54543.390625 1.045925
662000 299.741394 300.920624 -20750.033203 3353.290527 54543.390625 1.045925
662100 299.741394 300.920654 -20750.031250 3353.290527 54543.390625 1.045925
662200 299.741394 300.920746 -20750.031250 3353.290527 54543.390625 1.045925
662300 299.741394 300.920959 -20750.031250 3353.290527 54543.390625 1.045925
662400 299.741394 300.921112 -20750.031250 3353.290527 54543.390625 1.045925
662500 299.741394 300.921173 -20750.031250 3353.290527 54543.390625 1.045925
662600 299.741394 300.921234 -20750.031250 3353.290527 54543.390625 1.045925
662700 299.741394 300.920929 -20750.031250 3353.290527 54543.390625 1.045925
662800 299.741394 300.921173 -20750.033203 3353.290527 54543.390625 1.045925
662900 299.741394 300.921112 -20750.033203 3353.290527 54543.390625 1.045925
663000 299.741394 300.921112 -20750.033203 3353.290527 54543.390625 1.045925
663100 299.741394 300.921112 -20750.033203 3353.290527 54543.390625 1.045925
663200 299.741394 300.921112 -20750.033203 3353.290527 54543.390625 1.045925
663300 299.741394 300.921143 -20750.033203 3353.290527 54543.390625 1.045925
663400 299.741394 300.921143 -20750.033203 3353.290527 54543.390625 1.045925
663500 299.741394 300.921143 -20750.033203 3353.290527 54543.390625 1.045925
663600 299.741394 300.921173 -20750.033203 3353.290527 54543.390625 1.045925
663700 299.741394 300.921173 -20750.033203 3353.290527 54543.390625 1.045925
663800 299.741394 300.921173 -20750.033203 3353.290527 54543.390625 1.045925
663900 299.741394 300.921173 -20750.033203 3353.290527 54543.390625 1.045925
664000 299.741394 300.921173 -20750.033203 3353.290527 54543.390625 1.045925
664100 299.741394 300.921173 -20750.033203 3353.290527 54543.390625 1.045925
664200 299.741394 300.921173 -20750.033203 3353.290527 54543.390625 1.045925
664300 299.741394 300.921173 -20750.033203 3353.290527 54543.390625 1.045925
664400 299.741394 300.920746 -20750.033203 3353.290527 54543.390625 1.045925
664500 299.741425 300.920563 -20750.033203 3353.291016 54543.390625 1.045925
664600 299.741425 300.920563 -20750.033203 3353.291016 54543.390625 1.045925
664700 299.741425 300.920654 -20750.033203 3353.291016 54543.390625 1.045925
664800 299.741425 300.920563 -20750.033203 3353.291016 54543.390625 1.045925
664900 299.741425 300.920502 -20750.033203 3353.291016 54543.390625 1.045925
665000 299.741425 300.920837 -20750.031250 3353.291016 54543.390625 1.045925
665100 299.741425 300.920807 -20750.031250 3353.291016 54543.390625 1.045925
665200 299.741425 300.920654 -20750.031250 3353.291016 54543.390625 1.045925
665300 299.741425 300.920654 -20750.031250 3353.291016 54543.390625 1.045925
665400 299.741425 300.920624 -20750.031250 3353.291016 54543.390625 1.045925
665500 299.741425 300.920654 -20750.031250 3353.291016 54543.390625 1.045925
665600 299.741425 300.920593 -20750.031250 3353.291016 54543.390625 1.045925
665700 299.741425 300.920563 -20750.031250 3353.291016 54543.390625 1.045925
665800 299.741425 300.920563 -20750.031250 3353.291016 54543.390625 1.045925
665900 299.741425 300.920563 -20750.031250 3353.291016 54543.390625 1.045925
666000 299.741425 300.920563 -20750.031250 3353.291016 54543.390625 1.045925
666100 299.741425 300.920563 -20750.031250 3353.291016 54543.390625 1.045925
666200 299.741425 300.920563 -20750.031250 3353.291016 54543.390625 1.045925
666300 299.741425 300.920532 -20750.031250 3353.291016 54543.390625 1.045925
666400 299.741425 300.920532 -20750.031250 3353.291016 54543.390625 1.045925
666500 299.741425 300.920532 -20750.031250 3353.291016 54543.390625 1.045925
666600 299.741425 300.920563 -20750.031250 3353.291016 54543.390625 1.045925
666700 299.741425 300.920563 -20750.031250 3353.291016 54543.390625 1.045925
666800 299.741425 300.920563 -20750.031250 3353.291016 54543.390625 1.045925
666900 299.741425 300.920563 -20750.031250 3353.291016 54543.390625 1.045925
667000 299.741425 300.920563 -20750.031250 3353.291016 54543.390625 1.045925
667100 299.741425 300.920532 -20750.031250 3353.291016 54543.390625 1.045925
667200 299.741425 300.920563 -20750.031250 3353.291016 54543.390625 1.045925
667300 299.741425 300.920532 -20750.031250 3353.291016 54543.390625 1.045925
667400 299.741425 300.920532 -20750.031250 3353.291016 54543.390625 1.045925
667500 299.741455 300.920563 -20750.031250 3353.291260 54543.390625 1.045925
667600 299.741455 300.920532 -20750.031250 3353.291260 54543.390625 1.045925
667700 299.741455 300.920563 -20750.031250 3353.291260 54543.390625 1.045925
667800 299.741455 300.920563 -20750.031250 3353.291260 54543.390625 1.045925
667900 299.741455 300.920563 -20750.031250 3353.291260 54543.390625 1.045925
668000 299.741455 300.920593 -20750.031250 3353.291260 54543.390625 1.045925
668100 299.741455 300.920593 -20750.031250 3353.291260 54543.390625 1.045925
668200 299.741455 300.920593 -20750.031250 3353.291260 54543.390625 1.045925
668300 299.741455 300.920654 -20750.031250 3353.291260 54543.390625 1.045925
668400 299.741455 300.920624 -20750.031250 3353.291260 54543.390625 1.045925
668500 299.741455 300.920624 -20750.031250 3353.291260 54543.390625 1.045925
668600 299.741455 300.920624 -20750.031250 3353.291260 54543.390625 1.045925
668700 299.741455 300.920624 -20750.031250 3353.291260 54543.390625 1.045925
668800 299.741455 300.920624 -20750.031250 3353.291260 54543.390625 1.045925
668900 299.741455 300.920624 -20750.031250 3353.291260 54543.390625 1.045925
669000 299.741455 300.920624 -20750.031250 3353.291260 54543.390625 1.045925
669100 299.741455 300.920624 -20750.031250 3353.291260 54543.390625 1.045925
669200 299.741455 300.920624 -20750.031250 3353.291260 54543.390625 1.045925
669300 299.741455 300.920624 -20750.031250 3353.291260 54543.390625 1.045925
669400 299.741455 300.920624 -20750.031250 3353.291260 54543.390625 1.045925
669500 299.741455 300.920624 -20750.031250 3353.291260 54543.390625 1.045925
669600 299.741455 300.920624 -20750.031250 3353.291260 54543.390625 1.045925
669700 299.741455 300.920624 -20750.031250 3353.291260 54543.390625 1.045925
669800 299.741455 300.920624 -20750.031250 3353.291260 54543.390625 1.045925
669900 299.741455 300.920624 -20750.031250 3353.291260 54543.390625 1.045925
670000 299.741455 300.920624 -20750.031250 3353.291260 54543.390625 1.045925
670100 299.741455 300.920624 -20750.031250 3353.291260 54543.390625 1.045925
670200 299.741455 300.920624 -20750.031250 3353.291260 54543.390625 1.045925
670300 299.741455 300.920624 -20750.031250 3353.291260 54543.390625 1.045925
670400 299.741455 300.920624 -20750.031250 3353.291260 54543.390625 1.045925
670500 299.741455 300.920624 -20750.031250 3353.291260 54543.390625 1.045925
670600 299.741455 300.920624 -20750.031250 3353.291260 54543.390625 1.045925
670700 299.741455 300.920624 -20750.031250 3353.291260 54543.390625 1.045925
670800 299.741455 300.920624 -20750.031250 3353.291260 54543.390625 1.045925
670900 299.741455 300.920624 -20750.031250 3353.291260 54543.390625 1.045925
671000 299.741455 300.920624 -20750.031250 3353.291260 54543.390625 1.045925
671100 299.741455 300.920624 -20750.031250 3353.291260 54543.390625 1.045925
671200 299.741455 300.920624 -20750.031250 3353.291260 54543.390625 1.045925
671300 299.741455 300.920593 -20750.031250 3353.291260 54543.390625 1.045925
671400 299.741425 300.920624 -20750.031250 3353.291016 54543.390625 1.045925
671500 299.741425 300.920593 -20750.031250 3353.291016 54543.390625 1.045925
671600 299.741425 300.920563 -20750.031250 3353.291016 54543.390625 1.045925
671700 299.741425 300.920532 -20750.031250 3353.291016 54543.390625 1.045925
671800 299.741425 300.920532 -20750.031250 3353.291016 54543.390625 1.045925
671900 299.741425 300.920532 -20750.031250 3353.291016 54543.390625 1.045925
672000 299.741425 300.920532 -20750.031250 3353.291016 54543.390625 1.045925
672100 299.741425 300.920532 -20750.031250 3353.291016 54543.390625 1.045925
672200 299.741425 300.920532 -20750.031250 3353.291016 54543.390625 1.045925
672300 299.741425 300.920532 -20750.031250 3353.291016 54543.390625 1.045925
672400 299.741425 300.920532 -20750.031250 3353.291016 54543.390625 1.045925
672500 299.741425 300.920532 -20750.031250 3353.291016 54543.390625 1.045925
672600 299.741425 300.920532 -20750.031250 3353.291016 54543.390625 1.045925
672700 299.741425 300.920532 -20750.031250 3353.291016 54543.390625 1.045925
672800 299.741425 300.920563 -20750.031250 3353.291016 54543.390625 1.045925
672900 299.741425 300.920532 -20750.031250 3353.291016 54543.390625 1.045925
673000 299.741425 300.920563 -20750.031250 3353.291016 54543.390625 1.045925
673100 299.741425 300.920532 -20750.031250 3353.291016 54543.390625 1.045925
673200 299.741425 300.920532 -20750.031250 3353.291016 54543.390625 1.045925
673300 299.741425 300.920532 -20750.031250 3353.291016 54543.390625 1.045925
673400 299.741425 300.920532 -20750.031250 3353.291016 54543.390625 1.045925
673500 299.741425 300.920532 -20750.031250 3353.291016 54543.390625 1.045925
673600 299.741425 300.920532 -20750.031250 3353.291016 54543.390625 1.045925
673700 299.741425 300.920532 -20750.031250 3353.291016 54543.390625 1.045925
673800 299.741425 300.920532 -20750.031250 3353.291016 54543.390625 1.045925
673900 299.741425 300.920532 -20750.031250 3353.291016 54543.390625 1.045925
674000 299.741425 300.920532 -20750.031250 3353.291016 54543.390625 1.045925
674100 299.741425 300.920532 -20750.031250 3353.291016 54543.390625 1.045925
674200 299.741425 300.920532 -20750.031250 3353.291016 54543.390625 1.045925
674300 299.741425 300.920532 -20750.031250 3353.291016 54543.390625 1.045925
674400 299.741425 300.920532 -20750.031250 3353.291016 54543.390625 1.045925
674500 299.741425 300.920532 -20750.031250 3353.291016 54543.390625 1.045925
674600 299.741425 300.920532 -20750.031250 3353.291016 54543.390625 1.045925
674700 299.741425 300.920532 -20750.031250 3353.291016 54543.390625 1.045925
674800 299.741425 300.920532 -20750.031250 3353.291016 54543.390625 1.045925
674900 299.741425 300.920532 -20750.031250 3353.291016 54543.390625 1.045925
675000 299.741425 300.920532 -20750.031250 3353.291016 54543.390625 1.045925
675100 299.741425 300.920532 -20750.031250 3353.291016 54543.390625 1.045925
675200 299.741425 300.920532 -20750.031250 3353.291016 54543.390625 1.045925
675300 299.741425 300.920532 -20750.031250 3353.291016 54543.390625 1.045925
675400 299.741425 300.920532 -20750.031250 3353.291016 54543.390625 1.045925
675500 299.741425 300.920532 -20750.031250 3353.291016 54543.390625 1.045925
675600 299.741425 300.920532 -20750.031250 3353.291016 54543.390625 1.045925
675700 299.741425 300.920532 -20750.031250 3353.291016 54543.390625 1.045925
675800 299.741425 300.920532 -20750.031250 3353.291016 54543.390625 1.045925
675900 299.741425 300.920532 -20750.031250 3353.291016 54543.390625 1.045925
676000 299.741425 300.920532 -20750.031250 3353.291016 54543.390625 1.045925
676100 299.741425 300.920715 -20750.031250 3353.291016 54543.390625 1.045925
676200 299.741425 300.920929 -20750.033203 3353.291016 54543.390625 1.045925
676300 299.741455 300.921051 -20750.033203 3353.291260 54543.390625 1.045925
676400 299.741455 300.921204 -20750.033203 3353.291260 54543.390625 1.045925
676500 299.741455 300.921265 -20750.033203 3353.291260 54543.390625 1.045925
676600 299.741455 300.921265 -20750.033203 3353.291260 54543.390625 1.045925
676700 299.741455 300.921295 -20750.033203 3353.291260 54543.390625 1.045925
676800 299.741455 300.921539 -20750.033203 3353.291260 54543.390625 1.045925
676900 299.741455 300.921661 -20750.033203 3353.291260 54543.390625 1.045925
677000 299.741455 300.921631 -20750.031250 3353.291260 54543.390625 1.045925
677100 299.741455 300.921570 -20750.031250 3353.291260 54543.390625 1.045925
677200 299.741455 300.921539 -20750.031250 3353.291260 54543.390625 1.045925
677300 299.741455 300.921539 -20750.031250 3353.291260 54543.390625 1.045925
677400 299.741455 300.921539 -20750.031250 3353.291260 54543.390625 1.045925
677500 299.741455 300.921570 -20750.031250 3353.291260 54543.390625 1.045925
677600 299.741455 300.921539 -20750.031250 3353.291260 54543.390625 1.045925
677700 299.741455 300.921570 -20750.031250 3353.291260 54543.390625 1.045925
677800 299.741455 300.921570 -20750.031250 3353.291260 54543.390625 1.045925
677900 299.741455 300.921570 -20750.031250 3353.291260 54543.390625 1.045925
678000 299.741455 300.921539 -20750.031250 3353.291260 54543.390625 1.045925
678100 299.741455 300.921570 -20750.031250 3353.291260 54543.390625 1.045925
678200 299.741455 300.921539 -20750.031250 3353.291260 54543.390625 1.045925
678300 299.741455 300.921539 -20750.031250 3353.291260 54543.390625 1.045925
678400 299.741455 300.921539 -20750.031250 3353.291260 54543.390625 1.045925
678500 299.741455 300.921570 -20750.031250 3353.291260 54543.390625 1.045925
678600 299.741455 300.921539 -20750.031250 3353.291260 54543.390625 1.045925
678700 299.741455 300.921539 -20750.031250 3353.291260 54543.390625 1.045925
678800 299.741455 300.921539 -20750.031250 3353.291260 54543.390625 1.045925
678900 299.741455 300.921570 -20750.031250 3353.291260 54543.390625 1.045925
679000 299.741455 300.921570 -20750.031250 3353.291260 54543.390625 1.045925
679100 299.741455 300.921570 -20750.031250 3353.291260 54543.390625 1.045925
679200 299.741455 300.921570 -20750.031250 3353.291260 54543.390625 1.045925
679300 299.741455 300.921539 -20750.031250 3353.291260 54543.390625 1.045925
679400 299.741455 300.921539 -20750.031250 3353.291260 54543.390625 1.045925
679500 299.741455 300.921570 -20750.031250 3353.291260 54543.390625 1.045925
679600 299.741455 300.921539 -20750.031250 3353.291260 54543.390625 1.045925
679700 299.741455 300.921570 -20750.031250 3353.291260 54543.390625 1.045925
679800 299.741455 300.921570 -20750.031250 3353.291260 54543.390625 1.045925
679900 299.741455 300.921570 -20750.031250 3353.291260 54543.390625 1.045925
680000 299.741455 300.921570 -20750.031250 3353.291260 54543.390625 1.045925
680100 299.741455 300.921539 -20750.031250 3353.291260 54543.390625 1.045925
680200 299.741455 300.921539 -20750.031250 3353.291260 54543.390625 1.045925
680300 299.741455 300.921570 -20750.031250 3353.291260 54543.390625 1.045925
680400 299.741455 300.921204 -20750.033203 3353.291260 54543.390625 1.045925
680500 299.741455 300.921173 -20750.033203 3353.291260 54543.390625 1.045925
680600 299.741425 300.921112 -20750.033203 3353.291016 54543.390625 1.045925
680700 299.741425 300.921112 -20750.033203 3353.291016 54543.390625 1.045925
680800 299.741425 300.921173 -20750.033203 3353.291016 54543.390625 1.045925
680900 299.741425 300.921143 -20750.033203 3353.291016 54543.390625 1.045925
681000 299.741425 300.921112 -20750.033203 3353.291016 54543.398438 1.045925
681100 299.741425 300.921112 -20750.033203 3353.291016 54543.398438 1.045925
681200 299.741425 300.921112 -20750.033203 3353.291016 54543.398438 1.045925
681300 299.741425 300.921082 -20750.033203 3353.291016 54543.398438 1.045925
681400 299.741425 300.921112 -20750.033203 3353.291016 54543.398438 1.045925
681500 299.741425 300.921112 -20750.033203 3353.291016 54543.398438 1.045925
681600 299.741425 300.921082 -20750.033203 3353.291016 54543.398438 1.045925
681700 299.741425 300.921082 -20750.033203 3353.291016 54543.398438 1.045925
681800 299.741425 300.921112 -20750.033203 3353.291016 54543.398438 1.045925
681900 299.741425 300.921112 -20750.033203 3353.291016 54543.398438 1.045925
682000 299.741425 300.921112 -20750.033203 3353.291016 54543.398438 1.045925
682100 299.741425 300.921112 -20750.033203 3353.291016 54543.398438 1.045925
682200 299.741425 300.921082 -20750.033203 3353.291016 54543.398438 1.045925
682300 299.741425 300.921082 -20750.033203 3353.291016 54543.398438 1.045925
682400 299.741425 300.921082 -20750.033203 3353.291016 54543.398438 1.045925
682500 299.741425 300.921082 -20750.033203 3353.291016 54543.398438 1.045925
682600 299.741425 300.921082 -20750.033203 3353.291016 54543.398438 1.045925
682700 299.741425 300.921082 -20750.033203 3353.291016 54543.398438 1.045925
682800 299.741425 300.921082 -20750.033203 3353.291016 54543.398438 1.045925
682900 299.741425 300.921082 -20750.033203 3353.291016 54543.398438 1.045925
683000 299.741425 300.921082 -20750.033203 3353.291016 54543.398438 1.045925
683100 299.741425 300.921082 -20750.033203 3353.291016 54543.398438 1.045925
683200 299.741425 300.921082 -20750.033203 3353.291016 54543.398438 1.045925
683300 299.741425 300.921082 -20750.033203 3353.291016 54543.398438 1.045925
683400 299.741425 300.921082 -20750.033203 3353.291016 54543.398438 1.045925
683500 299.741425 300.921082 -20750.033203 3353.291016 54543.398438 1.045925
683600 299.741425 300.921082 -20750.033203 3353.291016 54543.398438 1.045925
683700 299.741425 300.921082 -20750.033203 3353.291016 54543.398438 1.045925
683800 299.741425 300.921082 -20750.033203 3353.291016 54543.398438 1.045925
683900 299.741425 300.921082 -20750.033203 3353.291016 54543.398438 1.045925
684000 299.741425 300.921082 -20750.033203 3353.291016 54543.398438 1.045925
684100 299.741425 300.921082 -20750.033203 3353.291016 54543.398438 1.045925
684200 299.741425 300.921082 -20750.033203 3353.291016 54543.398438 1.045925
684300 299.741425 300.921082 -20750.033203 3353.291016 54543.398438 1.045925
684400 299.741425 300.921082 -20750.033203 3353.291016 54543.398438 1.045925
684500 299.741425 300.921082 -20750.033203 3353.291016 54543.398438 1.045925
684600 299.741425 300.921082 -20750.033203 3353.291016 54543.398438 1.045925
684700 299.741425 300.921082 -20750.033203 3353.291016 54543.398438 1.045925
684800 299.741425 300.921082 -20750.033203 3353.291016 54543.398438 1.045925
684900 299.741425 300.921082 -20750.033203 3353.291016 54543.398438 1.045925
685000 299.741425 300.921082 -20750.033203 3353.291016 54543.398438 1.045925
685100 299.741425 300.921082 -20750.033203 3353.291016 54543.398438 1.045925
685200 299.741425 300.921082 -20750.033203 3353.291016 54543.398438 1.045925
685300 299.741425 300.921082 -20750.033203 3353.291016 54543.398438 1.045925
685400 299.741425 300.921082 -20750.033203 3353.291016 54543.398438 1.045925
685500 299.741425 300.921082 -20750.033203 3353.291016 54543.398438 1.045925
685600 299.741425 300.921082 -20750.033203 3353.291016 54543.398438 1.045925
685700 299.741425 300.921082 -20750.033203 3353.291016 54543.398438 1.045925
685800 299.741425 300.921082 -20750.033203 3353.291016 54543.398438 1.045925
685900 299.741425 300.921082 -20750.033203 3353.291016 54543.398438 1.045925
686000 299.741425 300.921082 -20750.033203 3353.291016 54543.398438 1.045925
686100 299.741425 300.921082 -20750.033203 3353.291016 54543.398438 1.045925
686200 299.741425 300.921082 -20750.033203 3353.291016 54543.398438 1.045925
686300 299.741425 300.921082 -20750.033203 3353.291016 54543.398438 1.045925
686400 299.741425 300.921082 -20750.033203 3353.291016 54543.398438 1.045925
686500 299.741425 300.921082 -20750.033203 3353.291016 54543.398438 1.045925
686600 299.741425 300.921082 -20750.033203 3353.291016 54543.398438 1.045925
686700 299.741425 300.921082 -20750.033203 3353.291016 54543.398438 1.045925
686800 299.741425 300.921082 -20750.033203 3353.291016 54543.398438 1.045925
686900 299.741425 300.921082 -20750.033203 3353.291016 54543.398438 1.045925
687000 299.741425 300.921082 -20750.033203 3353.291016 54543.398438 1.045925
687100 299.741425 300.921082 -20750.033203 3353.291016 54543.398438 1.045925
687200 299.741425 300.921082 -20750.033203 3353.291016 54543.398438 1.045925
687300 299.741425 300.921082 -20750.033203 3353.291016 54543.398438 1.045925
687400 299.741425 300.921082 -20750.033203 3353.291016 54543.398438 1.045925
687500 299.741425 300.921082 -20750.033203 3353.291016 54543.398438 1.045925
687600 299.741425 300.921082 -20750.033203 3353.291016 54543.398438 1.045925
687700 299.741425 300.921082 -20750.033203 3353.291016 54543.398438 1.045925
687800 299.741425 300.921082 -20750.033203 3353.291016 54543.398438 1.045925
687900 299.741425 300.921082 -20750.033203 3353.291016 54543.398438 1.045925
688000 299.741425 300.921082 -20750.033203 3353.291016 54543.398438 1.045925
688100 299.741425 300.921082 -20750.033203 3353.291016 54543.398438 1.045925
688200 299.741425 300.921082 -20750.033203 3353.291016 54543.398438 1.045925
688300 299.741425 300.921082 -20750.033203 3353.291016 54543.398438 1.045925
688400 299.741425 300.921082 -20750.033203 3353.291016 54543.398438 1.045925
688500 299.741425 300.921082 -20750.033203 3353.291016 54543.398438 1.045925
688600 299.741425 300.921082 -20750.033203 3353.291016 54543.398438 1.045925
688700 299.741425 300.921082 -20750.033203 3353.291016 54543.398438 1.045925
688800 299.741425 300.921082 -20750.033203 3353.291016 54543.398438 1.045925
688900 299.741425 300.921082 -20750.033203 3353.291016 54543.398438 1.045925
689000 299.741425 300.921082 -20750.033203 3353.291016 54543.398438 1.045925
689100 299.741425 300.921082 -20750.033203 3353.291016 54543.398438 1.045925
689200 299.741425 300.921082 -20750.033203 3353.291016 54543.398438 1.045925
689300 299.741425 300.921082 -20750.033203 3353.291016 54543.398438 1.045925
689400 299.741425 300.921082 -20750.033203 3353.291016 54543.398438 1.045925
689500 299.741425 300.921082 -20750.033203 3353.291016 54543.398438 1.045925
689600 299.741425 300.921082 -20750.033203 3353.291016 54543.398438 1.045925
689700 299.741425 300.921082 -20750.033203 3353.291016 54543.398438 1.045925
689800 299.741425 300.921082 -20750.033203 3353.291016 54543.398438 1.045925
689900 299.741425 300.921082 -20750.033203 3353.291016 54543.398438 1.045925
690000 299.741425 300.921082 -20750.033203 3353.291016 54543.398438 1.045925
690100 299.741425 300.921082 -20750.033203 3353.291016 54543.398438 1.045925
690200 299.741425 300.921082 -20750.033203 3353.291016 54543.398438 1.045925
690300 299.741425 300.921082 -20750.033203 3353.291016 54543.398438 1.045925
690400 299.741425 300.921082 -20750.033203 3353.291016 54543.398438 1.045925
690500 299.741425 300.921082 -20750.033203 3353.291016 54543.398438 1.045925
690600 299.741425 300.921082 -20750.033203 3353.291016 54543.398438 1.045925
690700 299.741425 300.921082 -20750.033203 3353.291016 54543.398438 1.045925
690800 299.741425 300.921082 -20750.033203 3353.291016 54543.398438 1.045925
690900 299.741425 300.921082 -20750.033203 3353.291016 54543.398438 1.045925
691000 299.741425 300.921082 -20750.033203 3353.291016 54543.398438 1.045925
691100 299.741425 300.921082 -20750.033203 3353.291016 54543.398438 1.045925
691200 299.741425 300.921082 -20750.033203 3353.291016 54543.398438 1.045925
691300 299.741425 300.921082 -20750.033203 3353.291016 54543.398438 1.045925
691400 299.741425 300.921082 -20750.033203 3353.291016 54543.398438 1.045925
691500 299.741425 300.921082 -20750.033203 3353.291016 54543.398438 1.045925
691600 299.741425 300.921082 -20750.033203 3353.291016 54543.398438 1.045925
691700 299.741425 300.921082 -20750.033203 3353.291016 54543.398438 1.045925
691800 299.741425 300.921082 -20750.033203 3353.291016 54543.398438 1.045925
691900 299.741425 300.921082 -20750.033203 3353.291016 54543.398438 1.045925
692000 299.741425 300.921082 -20750.033203 3353.291016 54543.398438 1.045925
692100 299.741425 300.921082 -20750.033203 3353.291016 54543.398438 1.045925
692200 299.741425 300.921082 -20750.033203 3353.291016 54543.398438 1.045925
692300 299.741425 300.921082 -20750.033203 3353.291016 54543.398438 1.045925
692400 299.741425 300.921082 -20750.033203 3353.291016 54543.398438 1.045925
692500 299.741425 300.921082 -20750.033203 3353.291016 54543.398438 1.045925
692600 299.741425 300.921082 -20750.033203 3353.291016 54543.398438 1.045925
692700 299.741425 300.921082 -20750.033203 3353.291016 54543.398438 1.045925
692800 299.741425 300.921082 -20750.033203 3353.291016 54543.398438 1.045925
692900 299.741425 300.921082 -20750.033203 3353.291016 54543.398438 1.045925
693000 299.741425 300.921082 -20750.033203 3353.291016 54543.398438 1.045925
693100 299.741425 300.921082 -20750.033203 3353.291016 54543.398438 1.045925
693200 299.741425 300.921082 -20750.033203 3353.291016 54543.398438 1.045925
693300 299.741425 300.921082 -20750.033203 3353.291016 54543.398438 1.045925
693400 299.741425 300.921082 -20750.033203 3353.291016 54543.398438 1.045925
693500 299.741425 300.921082 -20750.033203 3353.291016 54543.398438 1.045925
693600 299.741425 300.921082 -20750.033203 3353.291016 54543.398438 1.045925
693700 299.741425 300.921082 -20750.033203 3353.291016 54543.398438 1.045925
693800 299.741425 300.921082 -20750.033203 3353.291016 54543.398438 1.045925
693900 299.741425 300.921082 -20750.033203 3353.291016 54543.398438 1.045925
694000 299.741425 300.921082 -20750.033203 3353.291016 54543.398438 1.045925
694100 299.741425 300.921082 -20750.033203 3353.291016 54543.398438 1.045925
694200 299.741425 300.921082 -20750.033203 3353.291016 54543.398438 1.045925
694300 299.741425 300.921082 -20750.033203 3353.291016 54543.398438 1.045925
694400 299.741425 300.921082 -20750.033203 3353.291016 54543.398438 1.045925
694500 299.741425 300.921082 -20750.033203 3353.291016 54543.398438 1.045925
694600 299.741425 300.921082 -20750.033203 3353.291016 54543.398438 1.045925
694700 299.741425 300.921082 -20750.033203 3353.291016 54543.398438 1.045925
694800 299.741425 300.921082 -20750.033203 3353.291016 54543.398438 1.045925
694900 299.741425 300.921082 -20750.033203 3353.291016 54543.398438 1.045925
695000 299.741425 300.921082 -20750.033203 3353.291016 54543.398438 1.045925
695100 299.741425 300.921082 -20750.033203 3353.291016 54543.398438 1.045925
695200 299.741425 300.921082 -20750.033203 3353.291016 54543.398438 1.045925
695300 299.741425 300.921082 -20750.033203 3353.291016 54543.398438 1.045925
695400 299.741425 300.921082 -20750.033203 3353.291016 54543.398438 1.045925
695500 299.741425 300.921082 -20750.033203 3353.291016 54543.398438 1.045925
695600 299.741425 300.921082 -20750.033203 3353.291016 54543.398438 1.045925
695700 299.741425 300.921082 -20750.033203 3353.291016 54543.398438 1.045925
695800 299.741425 300.921082 -20750.033203 3353.291016 54543.398438 1.045925
695900 299.741425 300.921082 -20750.033203 3353.291016 54543.398438 1.045925
696000 299.741425 300.921082 -20750.033203 3353.291016 54543.398438 1.045925
696100 299.741425 300.921082 -20750.033203 3353.291016 54543.398438 1.045925
696200 299.741425 300.921082 -20750.033203 3353.291016 54543.398438 1.045925
696300 299.741425 300.921082 -20750.033203 3353.291016 54543.398438 1.045925
696400 299.741425 300.921082 -20750.033203 3353.291016 54543.398438 1.045925
696500 299.741425 300.921082 -20750.033203 3353.291016 54543.398438 1.045925
696600 299.741425 300.921082 -20750.033203 3353.291016 54543.398438 1.045925
696700 299.741425 300.921082 -20750.033203 3353.291016 54543.398438 1.045925
696800 299.741425 300.921082 -20750.033203 3353.291016 54543.398438 1.045925
696900 299.741425 300.921082 -20750.033203 3353.291016 54543.398438 1.045925
697000 299.741425 300.921082 -20750.033203 3353.291016 54543.398438 1.045925
697100 299.741425 300.921082 -20750.033203 3353.291016 54543.398438 1.045925
697200 299.741425 300.921082 -20750.033203 3353.291016 54543.398438 1.045925
697300 299.741425 300.921082 -20750.033203 3353.291016 54543.398438 1.045925
697400 299.741425 300.921082 -20750.033203 3353.291016 54543.398438 1.045925
697500 299.741425 300.921082 -20750.033203 3353.291016 54543.398438 1.045925
697600 299.741425 300.921082 -20750.033203 3353.291016 54543.398438 1.045925
697700 299.741425 300.921082 -20750.033203 3353.291016 54543.398438 1.045925
697800 299.741425 300.921082 -20750.033203 3353.291016 54543.398438 1.045925
697900 299.741425 300.921082 -20750.033203 3353.291016 54543.398438 1.045925
698000 299.741425 300.921082 -20750.033203 3353.291016 54543.398438 1.045925
698100 299.741425 300.921082 -20750.033203 3353.291016 54543.398438 1.045925
698200 299.741425 300.921082 -20750.033203 3353.291016 54543.398438 1.045925
698300 299.741425 300.921082 -20750.033203 3353.291016 54543.398438 1.045925
698400 299.741425 300.921082 -20750.033203 3353.291016 54543.398438 1.045925
698500 299.741425 300.921082 -20750.033203 3353.291016 54543.398438 1.045925
698600 299.741425 300.921082 -20750.033203 3353.291016 54543.398438 1.045925
698700 299.741425 300.921082 -20750.033203 3353.291016 54543.398438 1.045925
698800 299.741425 300.921082 -20750.033203 3353.291016 54543.398438 1.045925
698900 299.741425 300.921082 -20750.033203 3353.291016 54543.398438 1.045925
699000 299.741425 300.921082 -20750.033203 3353.291016 54543.398438 1.045925
699100 299.741425 300.921082 -20750.033203 3353.291016 54543.398438 1.045925
699200 299.741425 300.921082 -20750.033203 3353.291016 54543.398438 1.045925
699300 299.741425 300.921082 -20750.033203 3353.291016 54543.398438 1.045925
699400 299.741425 300.921082 -20750.033203 3353.291016 54543.398438 1.045925
699500 299.741425 300.921082 -20750.033203 3353.291016 54543.398438 1.045925
699600 299.741425 300.921082 -20750.033203 3353.291016 54543.398438 1.045925
699700 299.741425 300.921082 -20750.033203 3353.291016 54543.398438 1.045925
699800 299.741425 300.921082 -20750.033203 3353.291016 54543.398438 1.045925
699900 299.741425 300.921082 -20750.033203 3353.291016 54543.398438 1.045925
700000 299.741425 300.921082 -20750.033203 3353.291016 54543.398438 1.045925
