# Time-averaged data for fix thermo_detailed
# TimeStep v_temp v_press v_pe v_ke v_vol v_dens
600100 298.234283 -33.606110 -21071.984375 3336.429932 54561.433594 1.045579
600200 298.719208 -68.035576 -20987.644531 3341.854980 54542.304688 1.045946
600300 299.003510 -85.170845 -20947.003906 3345.035645 54575.585938 1.045308
600400 299.210114 -92.546341 -20909.923828 3347.347168 54600.085938 1.044839
600500 299.363983 -93.601692 -20878.689453 3349.068359 54622.742188 1.044405
600600 299.472809 -91.648727 -20854.042969 3350.285889 54641.085938 1.044055
600700 299.546387 -88.644569 -20835.375000 3351.108887 54654.957031 1.043790
600800 299.594543 -85.587700 -20821.568359 3351.647949 54665.082031 1.043597
600900 299.625397 -82.905815 -20811.521484 3351.992920 54672.292969 1.043459
601000 299.644897 -80.728447 -20804.281250 3352.210938 54677.351562 1.043362
601100 299.657166 -79.033562 -20799.107422 3352.348389 54680.835938 1.043296
601200 299.664948 -77.747215 -20795.421875 3352.435303 54683.210938 1.043251
601300 299.669861 -76.786125 -20792.798828 3352.490479 54684.777344 1.043221
601400 299.673096 -76.071793 -20790.933594 3352.526367 54685.804688 1.043201
601500 299.675232 -75.544388 -20789.607422 3352.550537 54686.449219 1.043189
601600 299.676697 -75.154160 -20788.658203 3352.566650 54686.816406 1.043182
601700 299.677765 -74.868835 -20787.976562 3352.578857 54687.007812 1.043178
601800 299.678558 -74.661407 -20787.490234 3352.587891 54687.085938 1.043177
601900 299.679169 -74.513176 -20787.142578 3352.594482 54687.085938 1.043177
602000 299.679657 -74.407646 -20786.898438 3352.600098 54687.031250 1.043178
602100 299.680084 -74.337700 -20786.726562 3352.604736 54686.953125 1.043179
602200 299.680450 -74.293129 -20786.607422 3352.608887 54686.855469 1.043181
602300 299.680756 -74.266083 -20786.533203 3352.612305 54686.750000 1.043183
602400 299.681061 -74.256477 -20786.486328 3352.615479 54686.640625 1.043185
602500 299.681305 -74.256752 -20786.466797 3352.618652 54686.539062 1.043187
602600 299.681549 -74.262596 -20786.460938 3352.621094 54686.421875 1.043189
602700 299.681763 -74.278748 -20786.468750 3352.623535 54686.320312 1.043191
602800 299.681946 -74.295143 -20786.488281 3352.625488 54686.214844 1.043193
602900 299.682159 -74.318451 -20786.517578 3352.627686 54686.121094 1.043195
603000 299.682343 -74.340149 -20786.542969 3352.630127 54686.027344 1.043197
603100 299.682526 -74.362343 -20786.576172 3352.632080 54685.933594 1.043199
603200 299.682709 -74.386154 -20786.613281 3352.634033 54685.847656 1.043200
603300 299.682861 -74.412025 -20786.652344 3352.635742 54685.753906 1.043202
603400 299.683044 -74.438080 -20786.689453 3352.637695 54685.675781 1.043204
603500 299.683167 -74.461716 -20786.730469 3352.639404 54685.597656 1.043205
603600 299.683319 -74.488716 -20786.769531 3352.640869 54685.527344 1.043206
603700 299.683441 -74.508125 -20786.802734 3352.642334 54685.453125 1.043208
603800 299.683624 -74.528557 -20786.843750 3352.644287 54685.386719 1.043209
603900 299.683777 -74.553162 -20786.882812 3352.645996 54685.316406 1.043210
604000 299.683899 -74.575821 -20786.919922 3352.647217 54685.250000 1.043212
604100 299.684021 -74.596207 -20786.955078 3352.648926 54685.187500 1.043213
604200 299.684174 -74.613792 -20786.990234 3352.650635 54685.125000 1.043214
604300 299.684326 -74.632881 -20787.023438 3352.652100 54685.062500 1.043215
604400 299.684448 -74.651123 -20787.054688 3352.653564 54685.011719 1.043216
604500 299.684570 -74.669296 -20787.089844 3352.654785 54684.949219 1.043217
604600 299.684662 -74.685158 -20787.121094 3352.655762 54684.890625 1.043218
604700 299.684784 -74.703018 -20787.152344 3352.657227 54684.835938 1.043220
604800 299.684937 -74.720528 -20787.181641 3352.659180 54684.789062 1.043221
604900 299.685059 -74.736893 -20787.210938 3352.660400 54684.730469 1.043222
605000 299.685181 -74.751541 -20787.238281 3352.661865 54684.683594 1.043222
605100 299.685303 -74.765007 -20787.265625 3352.663086 54684.648438 1.043223
605200 299.685394 -74.780830 -20787.291016 3352.664062 54684.597656 1.043224
605300 299.685516 -74.794655 -20787.320312 3352.665527 54684.550781 1.043225
605400 299.685608 -74.806358 -20787.345703 3352.666504 54684.503906 1.043226
605500 299.685699 -74.820702 -20787.369141 3352.667480 54684.460938 1.043227
605600 299.685791 -74.832069 -20787.396484 3352.668701 54684.425781 1.043227
605700 299.685883 -74.843536 -20787.417969 3352.669678 54684.378906 1.043228
605800 299.685974 -74.856300 -20787.439453 3352.670654 54684.343750 1.043229
605900 299.686066 -74.866539 -20787.462891 3352.671631 54684.304688 1.043230
606000 299.686157 -74.876503 -20787.480469 3352.672607 54684.269531 1.043230
606100 299.686218 -74.884346 -20787.501953 3352.673340 54684.226562 1.043231
606200 299.686310 -74.896011 -20787.521484 3352.674316 54684.191406 1.043232
606300 299.686401 -74.906204 -20787.542969 3352.675293 54684.156250 1.043233
606400 299.686462 -74.915115 -20787.566406 3352.676025 54684.121094 1.043233
606500 299.686554 -74.927330 -20787.585938 3352.677002 54684.093750 1.043234
606600 299.686646 -74.938492 -20787.603516 3352.677979 54684.062500 1.043234
606700 299.686737 -74.946938 -20787.623047 3352.679199 54684.027344 1.043235
606800 299.686829 -74.956909 -20787.644531 3352.680176 54683.996094 1.043236
606900 299.686890 -74.967285 -20787.660156 3352.680908 54683.964844 1.043236
607000 299.686951 -74.972427 -20787.677734 3352.681641 54683.933594 1.043237
607100 299.687042 -74.976082 -20787.693359 3352.682617 54683.894531 1.043237
607200 299.687103 -74.984169 -20787.712891 3352.683350 54683.863281 1.043238
607300 299.687164 -74.993851 -20787.728516 3352.683838 54683.835938 1.043239
607400 299.687225 -75.002403 -20787.744141 3352.684570 54683.812500 1.043239
607500 299.687286 -75.006966 -20787.757812 3352.685303 54683.789062 1.043240
607600 299.687347 -75.013191 -20787.773438 3352.685791 54683.757812 1.043240
607700 299.687408 -75.021568 -20787.791016 3352.686523 54683.730469 1.043241
607800 299.687469 -75.027397 -20787.806641 3352.687256 54683.703125 1.043241
607900 299.687531 -75.031303 -20787.822266 3352.687988 54683.679688 1.043242
608000 299.687561 -75.034752 -20787.833984 3352.688232 54683.648438 1.043242
608100 299.687622 -75.042282 -20787.843750 3352.689209 54683.621094 1.043243
608200 299.687683 -75.048805 -20787.857422 3352.689941 54683.605469 1.043243
608300 299.687744 -75.053467 -20787.875000 3352.690430 54683.585938 1.043243
608400 299.687805 -75.058479 -20787.888672 3352.691162 54683.558594 1.043244
608500 299.687836 -75.062157 -20787.900391 3352.691406 54683.527344 1.043244
608600 299.687897 -75.067871 -20787.912109 3352.692139 54683.519531 1.043245
608700 299.687927 -75.072403 -20787.921875 3352.692627 54683.492188 1.043245
608800 299.687958 -75.075996 -20787.935547 3352.692871 54683.476562 1.043246
608900 299.688049 -75.080589 -20787.947266 3352.693848 54683.449219 1.043246
609000 299.688110 -75.084290 -20787.958984 3352.694580 54683.429688 1.043246
609100 299.688171 -75.090805 -20787.970703 3352.695068 54683.414062 1.043247
609200 299.688202 -75.095558 -20787.982422 3352.695557 54683.394531 1.043247
609300 299.688232 -75.098717 -20787.994141 3352.695801 54683.371094 1.043247
609400 299.688263 -75.103203 -20788.001953 3352.696045 54683.363281 1.043248
609500 299.688324 -75.105789 -20788.013672 3352.696777 54683.335938 1.043248
609600 299.688354 -75.107025 -20788.019531 3352.697021 54683.308594 1.043249
609700 299.688416 -75.111710 -20788.031250 3352.697754 54683.292969 1.043249
609800 299.688446 -75.114754 -20788.041016 3352.698242 54683.273438 1.043249
609900 299.688477 -75.116516 -20788.052734 3352.698486 54683.261719 1.043250
610000 299.688538 -75.120087 -20788.064453 3352.699463 54683.242188 1.043250
610100 299.688568 -75.119385 -20788.068359 3352.699707 54683.230469 1.043250
610200 299.688599 -75.121048 -20788.076172 3352.700195 54683.210938 1.043251
610300 299.688629 -75.125671 -20788.087891 3352.700439 54683.191406 1.043251
610400 299.688690 -75.129951 -20788.095703 3352.701172 54683.175781 1.043251
610500 299.688721 -75.133728 -20788.105469 3352.701416 54683.156250 1.043252
610600 299.688751 -75.137291 -20788.117188 3352.701660 54683.144531 1.043252
610700 299.688782 -75.137398 -20788.126953 3352.702148 54683.125000 1.043252
610800 299.688843 -75.139450 -20788.134766 3352.702637 54683.109375 1.043253
610900 299.688873 -75.142258 -20788.142578 3352.703125 54683.093750 1.043253
611000 299.688904 -75.144325 -20788.150391 3352.703369 54683.082031 1.043253
611100 299.688934 -75.146034 -20788.158203 3352.703857 54683.062500 1.043253
611200 299.688934 -75.146179 -20788.166016 3352.703857 54683.050781 1.043254
611300 299.688965 -75.146980 -20788.171875 3352.704102 54683.035156 1.043254
611400 299.688995 -75.152077 -20788.179688 3352.704346 54683.019531 1.043254
611500 299.688995 -75.156746 -20788.183594 3352.704346 54683.003906 1.043254
611600 299.689056 -75.156662 -20788.191406 3352.705078 54682.988281 1.043255
611700 299.689087 -75.156181 -20788.197266 3352.705322 54682.972656 1.043255
611800 299.689117 -75.157646 -20788.207031 3352.705811 54682.968750 1.043255
611900 299.689117 -75.160271 -20788.218750 3352.705811 54682.945312 1.043256
612000 299.689148 -75.163223 -20788.226562 3352.706055 54682.929688 1.043256
612100 299.689178 -75.164093 -20788.232422 3352.706299 54682.914062 1.043256
612200 299.689240 -75.167458 -20788.240234 3352.707031 54682.910156 1.043256
612300 299.689270 -75.170052 -20788.250000 3352.707275 54682.898438 1.043257
612400 299.689301 -75.172592 -20788.255859 3352.707764 54682.882812 1.043257
612500 299.689331 -75.173973 -20788.259766 3352.708008 54682.875000 1.043257
612600 299.689392 -75.176125 -20788.265625 3352.708740 54682.863281 1.043257
612700 299.689392 -75.175110 -20788.271484 3352.708740 54682.847656 1.043257
612800 299.689423 -75.175957 -20788.277344 3352.709473 54682.839844 1.043258
612900 299.689453 -75.177101 -20788.285156 3352.709717 54682.824219 1.043258
613000 299.689484 -75.181053 -20788.287109 3352.709961 54682.812500 1.043258
613100 299.689484 -75.182999 -20788.292969 3352.709961 54682.800781 1.043258
613200 299.689545 -75.183273 -20788.298828 3352.710693 54682.785156 1.043259
613300 299.689575 -75.184761 -20788.304688 3352.710938 54682.777344 1.043259
613400 299.689606 -75.184883 -20788.308594 3352.711426 54682.761719 1.043259
613500 299.689636 -75.188629 -20788.314453 3352.711670 54682.753906 1.043259
613600 299.689636 -75.190941 -20788.318359 3352.711670 54682.746094 1.043260
613700 299.689697 -75.190887 -20788.330078 3352.712402 54682.722656 1.043260
613800 299.689697 -75.187889 -20788.335938 3352.712402 54682.703125 1.043260
613900 299.689728 -75.187325 -20788.341797 3352.712646 54682.691406 1.043260
614000 299.689758 -75.190071 -20788.345703 3352.712891 54682.683594 1.043261
614100 299.689789 -75.191353 -20788.351562 3352.713379 54682.667969 1.043261
614200 299.689789 -75.192619 -20788.355469 3352.713379 54682.656250 1.043261
614300 299.689819 -75.194366 -20788.361328 3352.713623 54682.640625 1.043261
614400 299.689880 -75.194740 -20788.369141 3352.714355 54682.628906 1.043262
614500 299.689880 -75.191109 -20788.375000 3352.714355 54682.621094 1.043262
614600 299.689880 -75.192070 -20788.380859 3352.714355 54682.609375 1.043262
614700 299.689880 -75.193512 -20788.382812 3352.714355 54682.605469 1.043262
614800 299.689911 -75.194366 -20788.386719 3352.714600 54682.597656 1.043262
614900 299.689941 -75.192818 -20788.388672 3352.715088 54682.589844 1.043262
615000 299.689972 -75.192665 -20788.394531 3352.715332 54682.574219 1.043263
615100 299.689972 -75.195862 -20788.398438 3352.715332 54682.562500 1.043263
615200 299.690002 -75.198517 -20788.406250 3352.715576 54682.558594 1.043263
615300 299.690033 -75.201515 -20788.414062 3352.716064 54682.542969 1.043263
615400 299.690063 -75.203621 -20788.419922 3352.716309 54682.531250 1.043264
615500 299.690063 -75.204758 -20788.421875 3352.716309 54682.527344 1.043264
615600 299.690063 -75.204208 -20788.427734 3352.716309 54682.511719 1.043264
615700 299.690094 -75.205475 -20788.433594 3352.716553 54682.507812 1.043264
615800 299.690125 -75.208389 -20788.437500 3352.717041 54682.492188 1.043264
615900 299.690155 -75.208572 -20788.441406 3352.717285 54682.480469 1.043265
616000 299.690155 -75.209000 -20788.447266 3352.717285 54682.468750 1.043265
616100 299.690155 -75.205299 -20788.451172 3352.717285 54682.460938 1.043265
616200 299.690186 -75.203941 -20788.455078 3352.717529 54682.453125 1.043265
616300 299.690216 -75.203064 -20788.458984 3352.718018 54682.445312 1.043265
616400 299.690216 -75.203850 -20788.460938 3352.718018 54682.437500 1.043265
616500 299.690216 -75.204796 -20788.464844 3352.718018 54682.417969 1.043266
616600 299.690247 -75.205322 -20788.468750 3352.718262 54682.406250 1.043266
616700 299.690277 -75.206482 -20788.472656 3352.718506 54682.390625 1.043266
616800 299.690277 -75.210777 -20788.478516 3352.718506 54682.382812 1.043266
616900 299.690308 -75.212112 -20788.480469 3352.718994 54682.382812 1.043266
617000 299.690338 -75.214561 -20788.486328 3352.719482 54682.359375 1.043267
617100 299.690369 -75.216431 -20788.494141 3352.719971 54682.355469 1.043267
617200 299.690399 -75.215454 -20788.500000 3352.720215 54682.343750 1.043267
617300 299.690430 -75.215271 -20788.505859 3352.720703 54682.335938 1.043267
617400 299.690460 -75.214195 -20788.507812 3352.720947 54682.324219 1.043267
617500 299.690460 -75.212708 -20788.509766 3352.720947 54682.312500 1.043268
617600 299.690491 -75.213928 -20788.513672 3352.721191 54682.304688 1.043268
617700 299.690552 -75.214592 -20788.515625 3352.721924 54682.292969 1.043268
617800 299.690582 -75.215210 -20788.517578 3352.722168 54682.289062 1.043268
617900 299.690582 -75.214035 -20788.517578 3352.722168 54682.281250 1.043268
618000 299.690582 -75.214279 -20788.521484 3352.722168 54682.273438 1.043268
618100 299.690582 -75.214195 -20788.529297 3352.722168 54682.261719 1.043269
618200 299.690582 -75.215561 -20788.535156 3352.722168 54682.250000 1.043269
618300 299.690613 -75.216736 -20788.539062 3352.722656 54682.234375 1.043269
618400 299.690643 -75.214966 -20788.542969 3352.722900 54682.230469 1.043269
618500 299.690643 -75.212654 -20788.541016 3352.722900 54682.226562 1.043269
618600 299.690704 -75.211655 -20788.544922 3352.723633 54682.210938 1.043270
618700 299.690704 -75.212135 -20788.548828 3352.723633 54682.199219 1.043270
618800 299.690704 -75.212486 -20788.554688 3352.723633 54682.195312 1.043270
618900 299.690735 -75.213554 -20788.558594 3352.723877 54682.183594 1.043270
619000 299.690735 -75.215416 -20788.560547 3352.723877 54682.175781 1.043270
619100 299.690735 -75.216461 -20788.566406 3352.723877 54682.167969 1.043270
619200 299.690765 -75.215408 -20788.570312 3352.724121 54682.164062 1.043271
619300 299.690765 -75.214767 -20788.574219 3352.724121 54682.148438 1.043271
619400 299.690796 -75.216164 -20788.578125 3352.724609 54682.144531 1.043271
619500 299.690796 -75.216034 -20788.578125 3352.724609 54682.136719 1.043271
619600 299.690826 -75.215477 -20788.580078 3352.724854 54682.132812 1.043271
619700 299.690857 -75.217545 -20788.583984 3352.725098 54682.117188 1.043271
619800 299.690857 -75.218361 -20788.589844 3352.725098 54682.105469 1.043272
619900 299.690857 -75.218445 -20788.591797 3352.725098 54682.101562 1.043272
620000 299.690857 -75.218590 -20788.597656 3352.725098 54682.089844 1.043272
620100 299.690887 -75.218719 -20788.599609 3352.725586 54682.082031 1.043272
620200 299.690918 -75.220558 -20788.601562 3352.725830 54682.074219 1.043272
620300 299.690918 -75.219093 -20788.605469 3352.725830 54682.058594 1.043272
620400 299.690948 -75.218887 -20788.607422 3352.726318 54682.054688 1.043273
620500 299.690948 -75.219711 -20788.613281 3352.726318 54682.042969 1.043273
620600 299.690979 -75.221397 -20788.617188 3352.726562 54682.039062 1.043273
620700 299.690979 -75.221771 -20788.619141 3352.726562 54682.027344 1.043273
620800 299.691010 -75.221870 -20788.621094 3352.726807 54682.019531 1.043273
620900 299.691040 -75.222984 -20788.626953 3352.727295 54682.007812 1.043274
621000 299.691071 -75.221809 -20788.630859 3352.727539 54681.996094 1.043274
621100 299.691071 -75.221558 -20788.634766 3352.727539 54681.992188 1.043274
621200 299.691101 -75.222115 -20788.636719 3352.727783 54681.980469 1.043274
621300 299.691101 -75.220047 -20788.636719 3352.727783 54681.976562 1.043274
621400 299.691101 -75.218475 -20788.638672 3352.727783 54681.964844 1.043274
621500 299.691132 -75.218407 -20788.642578 3352.728271 54681.960938 1.043274
621600 299.691132 -75.221313 -20788.646484 3352.728271 54681.949219 1.043275
621700 299.691162 -75.223488 -20788.648438 3352.728516 54681.941406 1.043275
621800 299.691162 -75.224525 -20788.652344 3352.728516 54681.929688 1.043275
621900 299.691162 -75.224701 -20788.658203 3352.728516 54681.917969 1.043275
622000 299.691162 -75.225876 -20788.662109 3352.728516 54681.917969 1.043275
622100 299.691193 -75.226242 -20788.666016 3352.728760 54681.910156 1.043275
622200 299.691193 -75.228798 -20788.673828 3352.728760 54681.902344 1.043275
622300 299.691223 -75.228424 -20788.677734 3352.729492 54681.898438 1.043276
622400 299.691254 -75.228935 -20788.679688 3352.729736 54681.886719 1.043276
622500 299.691254 -75.229462 -20788.683594 3352.729736 54681.886719 1.043276
622600 299.691254 -75.228592 -20788.685547 3352.729736 54681.875000 1.043276
622700 299.691284 -75.228668 -20788.687500 3352.730225 54681.867188 1.043276
622800 299.691315 -75.230988 -20788.687500 3352.730469 54681.859375 1.043276
622900 299.691315 -75.230286 -20788.689453 3352.730469 54681.843750 1.043277
623000 299.691345 -75.230011 -20788.693359 3352.730713 54681.828125 1.043277
623100 299.691345 -75.229256 -20788.695312 3352.730713 54681.816406 1.043277
623200 299.691376 -75.230301 -20788.701172 3352.731201 54681.812500 1.043277
623300 299.691406 -75.229004 -20788.703125 3352.731445 54681.804688 1.043277
623400 299.691406 -75.227829 -20788.705078 3352.731445 54681.800781 1.043278
623500 299.691437 -75.228455 -20788.707031 3352.731934 54681.796875 1.043278
623600 299.691437 -75.229393 -20788.707031 3352.731934 54681.785156 1.043278
623700 299.691437 -75.227684 -20788.710938 3352.731934 54681.781250 1.043278
623800 299.691437 -75.226692 -20788.712891 3352.731934 54681.769531 1.043278
623900 299.691437 -75.224403 -20788.716797 3352.731934 54681.753906 1.043278
624000 299.691467 -75.223839 -20788.718750 3352.732178 54681.750000 1.043278
624100 299.691467 -75.223717 -20788.720703 3352.732178 54681.738281 1.043279
624200 299.691498 -75.223892 -20788.720703 3352.732422 54681.734375 1.043279
624300 299.691498 -75.225464 -20788.724609 3352.732422 54681.722656 1.043279
624400 299.691528 -75.225800 -20788.728516 3352.732910 54681.718750 1.043279
624500 299.691528 -75.226654 -20788.736328 3352.732910 54681.707031 1.043279
624600 299.691559 -75.229095 -20788.740234 3352.733154 54681.691406 1.043280
624700 299.691559 -75.231041 -20788.744141 3352.733154 54681.687500 1.043280
624800 299.691589 -75.232010 -20788.746094 3352.733398 54681.679688 1.043280
624900 299.691589 -75.230141 -20788.746094 3352.733398 54681.675781 1.043280
625000 299.691589 -75.231277 -20788.748047 3352.733398 54681.679688 1.043280
625100 299.691589 -75.231430 -20788.751953 3352.733398 54681.671875 1.043280
625200 299.691589 -75.230316 -20788.753906 3352.733398 54681.671875 1.043280
625300 299.691620 -75.230225 -20788.757812 3352.733887 54681.656250 1.043280
625400 299.691650 -75.230263 -20788.759766 3352.734131 54681.648438 1.043280
625500 299.691650 -75.229919 -20788.761719 3352.734131 54681.644531 1.043280
625600 299.691681 -75.230415 -20788.761719 3352.734375 54681.632812 1.043281
625700 299.691681 -75.229523 -20788.765625 3352.734375 54681.625000 1.043281
625800 299.691711 -75.231018 -20788.767578 3352.734863 54681.617188 1.043281
625900 299.691742 -75.230568 -20788.771484 3352.735107 54681.613281 1.043281
626000 299.691772 -75.231842 -20788.769531 3352.735352 54681.601562 1.043281
626100 299.691772 -75.233177 -20788.773438 3352.735352 54681.597656 1.043281
626200 299.691772 -75.232559 -20788.773438 3352.735352 54681.593750 1.043281
626300 299.691803 -75.232162 -20788.779297 3352.735840 54681.582031 1.043282
626400 299.691803 -75.231392 -20788.783203 3352.735840 54681.570312 1.043282
626500 299.691833 -75.231598 -20788.787109 3352.736084 54681.566406 1.043282
626600 299.691833 -75.230026 -20788.789062 3352.736084 54681.562500 1.043282
626700 299.691833 -75.232162 -20788.791016 3352.736084 54681.554688 1.043282
626800 299.691864 -75.230011 -20788.792969 3352.736328 54681.542969 1.043282
626900 299.691864 -75.229691 -20788.794922 3352.736328 54681.531250 1.043283
627000 299.691864 -75.231903 -20788.796875 3352.736328 54681.531250 1.043283
627100 299.691864 -75.233154 -20788.800781 3352.736328 54681.527344 1.043283
627200 299.691895 -75.232994 -20788.802734 3352.736816 54681.519531 1.043283
627300 299.691895 -75.232735 -20788.800781 3352.736816 54681.511719 1.043283
627400 299.691895 -75.231415 -20788.802734 3352.736816 54681.500000 1.043283
627500 299.691895 -75.228119 -20788.802734 3352.736816 54681.496094 1.043283
627600 299.691895 -75.226501 -20788.804688 3352.736816 54681.488281 1.043283
627700 299.691925 -75.226555 -20788.808594 3352.737061 54681.480469 1.043284
627800 299.691925 -75.226196 -20788.812500 3352.737061 54681.480469 1.043284
627900 299.691925 -75.227013 -20788.812500 3352.737061 54681.472656 1.043284
628000 299.691956 -75.229301 -20788.814453 3352.737549 54681.468750 1.043284
628100 299.691986 -75.226967 -20788.814453 3352.737793 54681.457031 1.043284
628200 299.691986 -75.225479 -20788.818359 3352.737793 54681.449219 1.043284
628300 299.692017 -75.225487 -20788.820312 3352.738037 54681.437500 1.043284
628400 299.692017 -75.225937 -20788.824219 3352.738037 54681.433594 1.043285
628500 299.692017 -75.227005 -20788.828125 3352.738037 54681.425781 1.043285
628600 299.692047 -75.227264 -20788.832031 3352.738525 54681.417969 1.043285
628700 299.692047 -75.229530 -20788.833984 3352.738525 54681.406250 1.043285
628800 299.692078 -75.233315 -20788.837891 3352.738770 54681.402344 1.043285
628900 299.692078 -75.232300 -20788.837891 3352.738770 54681.394531 1.043285
629000 299.692108 -75.232445 -20788.839844 3352.739014 54681.386719 1.043285
629100 299.692108 -75.233482 -20788.841797 3352.739014 54681.386719 1.043285
629200 299.692108 -75.233017 -20788.845703 3352.739014 54681.375000 1.043286
629300 299.692139 -75.233757 -20788.849609 3352.739746 54681.371094 1.043286
629400 299.692169 -75.235931 -20788.853516 3352.739990 54681.355469 1.043286
629500 299.692169 -75.235779 -20788.855469 3352.739990 54681.347656 1.043286
629600 299.692169 -75.235260 -20788.857422 3352.739990 54681.343750 1.043286
629700 299.692200 -75.234749 -20788.863281 3352.740479 54681.328125 1.043286
629800 299.692169 -75.234253 -20788.865234 3352.739990 54681.328125 1.043286
629900 299.692169 -75.234077 -20788.867188 3352.739990 54681.324219 1.043287
630000 299.692200 -75.234795 -20788.869141 3352.740479 54681.324219 1.043287
630100 299.692200 -75.235664 -20788.871094 3352.740479 54681.312500 1.043287
630200 299.692230 -75.236336 -20788.873047 3352.740723 54681.312500 1.043287
630300 299.692230 -75.234039 -20788.873047 3352.740723 54681.308594 1.043287
630400 299.692230 -75.233589 -20788.875000 3352.740723 54681.292969 1.043287
630500 299.692261 -75.234360 -20788.875000 3352.740967 54681.285156 1.043287
630600 299.692261 -75.233864 -20788.878906 3352.740967 54681.277344 1.043288
630700 299.692291 -75.233116 -20788.882812 3352.741455 54681.265625 1.043288
630800 299.692291 -75.232643 -20788.884766 3352.741455 54681.261719 1.043288
630900 299.692291 -75.234299 -20788.886719 3352.741455 54681.253906 1.043288
631000 299.692322 -75.234283 -20788.886719 3352.741699 54681.250000 1.043288
631100 299.692322 -75.233810 -20788.888672 3352.741699 54681.246094 1.043288
631200 299.692322 -75.232330 -20788.888672 3352.741699 54681.234375 1.043288
631300 299.692352 -75.232239 -20788.890625 3352.741943 54681.226562 1.043288
631400 299.692352 -75.231644 -20788.892578 3352.741943 54681.218750 1.043289
631500 299.692352 -75.230179 -20788.896484 3352.741943 54681.218750 1.043289
631600 299.692383 -75.229691 -20788.896484 3352.742432 54681.203125 1.043289
631700 299.692383 -75.232162 -20788.898438 3352.742432 54681.195312 1.043289
631800 299.692413 -75.230675 -20788.902344 3352.742676 54681.187500 1.043289
631900 299.692413 -75.229988 -20788.906250 3352.742676 54681.183594 1.043289
632000 299.692413 -75.229088 -20788.906250 3352.742676 54681.171875 1.043289
632100 299.692444 -75.228615 -20788.912109 3352.743164 54681.167969 1.043290
632200 299.692444 -75.228500 -20788.914062 3352.743164 54681.164062 1.043290
632300 299.692444 -75.229828 -20788.914062 3352.743164 54681.156250 1.043290
632400 299.692444 -75.232796 -20788.916016 3352.743164 54681.152344 1.043290
632500 299.692444 -75.233742 -20788.916016 3352.743164 54681.152344 1.043290
632600 299.692444 -75.232506 -20788.917969 3352.743164 54681.140625 1.043290
632700 299.692474 -75.232224 -20788.919922 3352.743408 54681.136719 1.043290
632800 299.692474 -75.232826 -20788.921875 3352.743408 54681.132812 1.043290
632900 299.692474 -75.232018 -20788.923828 3352.743408 54681.125000 1.043290
633000 299.692505 -75.233170 -20788.925781 3352.743652 54681.121094 1.043290
633100 299.692505 -75.233749 -20788.927734 3352.743652 54681.109375 1.043291
633200 299.692535 -75.233398 -20788.929688 3352.744141 54681.101562 1.043291
633300 299.692566 -75.231178 -20788.933594 3352.744385 54681.093750 1.043291
633400 299.692566 -75.230232 -20788.933594 3352.744385 54681.093750 1.043291
633500 299.692596 -75.229744 -20788.935547 3352.744629 54681.085938 1.043291
633600 299.692596 -75.229568 -20788.937500 3352.744629 54681.078125 1.043291
633700 299.692627 -75.230286 -20788.939453 3352.745117 54681.078125 1.043291
633800 299.692627 -75.232262 -20788.941406 3352.745117 54681.078125 1.043291
633900 299.692627 -75.233551 -20788.943359 3352.745117 54681.074219 1.043291
634000 299.692657 -75.233833 -20788.945312 3352.745361 54681.062500 1.043292
634100 299.692627 -75.234932 -20788.945312 3352.745117 54681.062500 1.043292
634200 299.692657 -75.236122 -20788.945312 3352.745361 54681.054688 1.043292
634300 299.692688 -75.236626 -20788.947266 3352.745605 54681.042969 1.043292
634400 299.692688 -75.236725 -20788.951172 3352.745605 54681.039062 1.043292
634500 299.692688 -75.235901 -20788.953125 3352.745605 54681.039062 1.043292
634600 299.692719 -75.235741 -20788.957031 3352.746094 54681.031250 1.043292
634700 299.692719 -75.232941 -20788.955078 3352.746094 54681.023438 1.043292
634800 299.692719 -75.231270 -20788.953125 3352.746094 54681.015625 1.043292
634900 299.692719 -75.230377 -20788.957031 3352.746094 54681.007812 1.043293
635000 299.692719 -75.229515 -20788.958984 3352.746094 54681.000000 1.043293
635100 299.692719 -75.230225 -20788.960938 3352.746094 54680.992188 1.043293
635200 299.692749 -75.229698 -20788.964844 3352.746338 54680.984375 1.043293
635300 299.692749 -75.228325 -20788.966797 3352.746338 54680.980469 1.043293
635400 299.692780 -75.228386 -20788.966797 3352.746582 54680.976562 1.043293
635500 299.692780 -75.231888 -20788.970703 3352.746582 54680.968750 1.043293
635600 299.692780 -75.234795 -20788.974609 3352.746582 54680.968750 1.043293
635700 299.692810 -75.234856 -20788.974609 3352.747070 54680.960938 1.043293
635800 299.692810 -75.235115 -20788.976562 3352.747070 54680.953125 1.043294
635900 299.692841 -75.235085 -20788.978516 3352.747314 54680.949219 1.043294
636000 299.692841 -75.235504 -20788.978516 3352.747314 54680.945312 1.043294
636100 299.692841 -75.236671 -20788.982422 3352.747314 54680.937500 1.043294
636200 299.692841 -75.237000 -20788.986328 3352.747314 54680.937500 1.043294
636300 299.692871 -75.236565 -20788.990234 3352.747559 54680.921875 1.043294
636400 299.692841 -75.233223 -20788.990234 3352.747314 54680.917969 1.043294
636500 299.692871 -75.232391 -20788.990234 3352.747559 54680.914062 1.043294
636600 299.692871 -75.230934 -20788.990234 3352.747559 54680.906250 1.043295
636700 299.692871 -75.231544 -20788.990234 3352.747559 54680.898438 1.043295
636800 299.692871 -75.232887 -20788.990234 3352.747559 54680.898438 1.043295
636900 299.692902 -75.233955 -20788.992188 3352.748047 54680.894531 1.043295
637000 299.692902 -75.234558 -20788.992188 3352.748047 54680.886719 1.043295
637100 299.692902 -75.235916 -20788.992188 3352.748047 54680.882812 1.043295
637200 299.692902 -75.235733 -20788.994141 3352.748047 54680.878906 1.043295
637300 299.692932 -75.235664 -20788.996094 3352.748291 54680.867188 1.043295
637400 299.692932 -75.236359 -20788.998047 3352.748291 54680.867188 1.043295
637500 299.692932 -75.236488 -20789.000000 3352.748291 54680.863281 1.043295
637600 299.692963 -75.235893 -20789.001953 3352.748779 54680.855469 1.043296
637700 299.692963 -75.236511 -20789.005859 3352.748779 54680.851562 1.043296
637800 299.692963 -75.237381 -20789.007812 3352.748779 54680.851562 1.043296
637900 299.692963 -75.235191 -20789.009766 3352.748779 54680.847656 1.043296
638000 299.692993 -75.235001 -20789.011719 3352.749023 54680.835938 1.043296
638100 299.692993 -75.235580 -20789.013672 3352.749023 54680.832031 1.043296
638200 299.692993 -75.236305 -20789.013672 3352.749023 54680.824219 1.043296
638300 299.693024 -75.234741 -20789.015625 3352.749268 54680.820312 1.043296
638400 299.693054 -75.233559 -20789.015625 3352.750000 54680.808594 1.043296
638500 299.693054 -75.233337 -20789.019531 3352.750000 54680.804688 1.043296
638600 299.693054 -75.235367 -20789.021484 3352.750000 54680.792969 1.043297
638700 299.693054 -75.235809 -20789.025391 3352.750000 54680.789062 1.043297
638800 299.693024 -75.239243 -20789.027344 3352.749268 54680.789062 1.043297
638900 299.693054 -75.239624 -20789.029297 3352.750000 54680.777344 1.043297
639000 299.693054 -75.240036 -20789.031250 3352.750000 54680.773438 1.043297
639100 299.693054 -75.241165 -20789.033203 3352.750000 54680.769531 1.043297
639200 299.693054 -75.240776 -20789.037109 3352.750000 54680.769531 1.043297
639300 299.693085 -75.239601 -20789.039062 3352.750244 54680.761719 1.043297
639400 299.693085 -75.239235 -20789.039062 3352.750244 54680.761719 1.043297
639500 299.693085 -75.237198 -20789.041016 3352.750244 54680.746094 1.043298
639600 299.693085 -75.236038 -20789.042969 3352.750244 54680.738281 1.043298
639700 299.693085 -75.236473 -20789.042969 3352.750244 54680.730469 1.043298
639800 299.693115 -75.236053 -20789.044922 3352.750732 54680.726562 1.043298
639900 299.693115 -75.235680 -20789.044922 3352.750732 54680.714844 1.043298
640000 299.693115 -75.235405 -20789.046875 3352.750732 54680.710938 1.043298
640100 299.693146 -75.234924 -20789.048828 3352.750977 54680.710938 1.043298
640200 299.693146 -75.235512 -20789.050781 3352.750977 54680.710938 1.043298
640300 299.693146 -75.235138 -20789.052734 3352.750977 54680.707031 1.043298
640400 299.693176 -75.235321 -20789.052734 3352.751221 54680.699219 1.043298
640500 299.693176 -75.235214 -20789.058594 3352.751221 54680.683594 1.043299
640600 299.693176 -75.236671 -20789.064453 3352.751221 54680.679688 1.043299
640700 299.693176 -75.239197 -20789.064453 3352.751221 54680.679688 1.043299
640800 299.693207 -75.239235 -20789.066406 3352.751709 54680.675781 1.043299
640900 299.693207 -75.239075 -20789.066406 3352.751709 54680.675781 1.043299
641000 299.693237 -75.239746 -20789.066406 3352.751953 54680.667969 1.043299
641100 299.693237 -75.239418 -20789.066406 3352.751953 54680.652344 1.043299
641200 299.693237 -75.240631 -20789.066406 3352.751953 54680.652344 1.043299
641300 299.693237 -75.241249 -20789.070312 3352.751953 54680.648438 1.043299
641400 299.693237 -75.237068 -20789.070312 3352.751953 54680.648438 1.043299
641500 299.693237 -75.235893 -20789.072266 3352.751953 54680.644531 1.043300
641600 299.693237 -75.236687 -20789.076172 3352.751953 54680.636719 1.043300
641700 299.693268 -75.236572 -20789.078125 3352.752197 54680.632812 1.043300
641800 299.693268 -75.236183 -20789.078125 3352.752197 54680.621094 1.043300
641900 299.693268 -75.237358 -20789.078125 3352.752197 54680.621094 1.043300
642000 299.693268 -75.236145 -20789.078125 3352.752197 54680.617188 1.043300
642100 299.693298 -75.236137 -20789.078125 3352.752686 54680.613281 1.043300
642200 299.693298 -75.236481 -20789.082031 3352.752686 54680.613281 1.043300
642300 299.693298 -75.236450 -20789.087891 3352.752686 54680.605469 1.043300
642400 299.693298 -75.238571 -20789.089844 3352.752686 54680.601562 1.043300
642500 299.693298 -75.240761 -20789.093750 3352.752686 54680.589844 1.043301
642600 299.693298 -75.239807 -20789.095703 3352.752686 54680.589844 1.043301
642700 299.693298 -75.238914 -20789.093750 3352.752686 54680.589844 1.043301
642800 299.693329 -75.239014 -20789.093750 3352.752930 54680.582031 1.043301
642900 299.693329 -75.239342 -20789.095703 3352.752930 54680.582031 1.043301
643000 299.693329 -75.240349 -20789.099609 3352.752930 54680.578125 1.043301
643100 299.693298 -75.238388 -20789.099609 3352.752686 54680.570312 1.043301
643200 299.693329 -75.237289 -20789.099609 3352.752930 54680.570312 1.043301
643300 299.693329 -75.236923 -20789.103516 3352.752930 54680.562500 1.043301
643400 299.693329 -75.241043 -20789.105469 3352.752930 54680.554688 1.043301
643500 299.693359 -75.242973 -20789.107422 3352.753174 54680.550781 1.043301
643600 299.693359 -75.242989 -20789.109375 3352.753174 54680.546875 1.043301
643700 299.693359 -75.244064 -20789.111328 3352.753174 54680.531250 1.043302
643800 299.693390 -75.244385 -20789.113281 3352.753662 54680.523438 1.043302
643900 299.693390 -75.243965 -20789.115234 3352.753662 54680.519531 1.043302
644000 299.693390 -75.244827 -20789.115234 3352.753662 54680.515625 1.043302
644100 299.693390 -75.245255 -20789.115234 3352.753662 54680.515625 1.043302
644200 299.693390 -75.246422 -20789.119141 3352.753662 54680.503906 1.043302
644300 299.693420 -75.247253 -20789.121094 3352.753906 54680.500000 1.043302
644400 299.693451 -75.248436 -20789.123047 3352.754150 54680.492188 1.043302
644500 299.693451 -75.249672 -20789.125000 3352.754150 54680.492188 1.043302
644600 299.693451 -75.250916 -20789.126953 3352.754150 54680.488281 1.043303
644700 299.693481 -75.250908 -20789.128906 3352.754639 54680.484375 1.043303
644800 299.693481 -75.252640 -20789.132812 3352.754639 54680.484375 1.043303
644900 299.693481 -75.254005 -20789.134766 3352.754639 54680.472656 1.043303
645000 299.693512 -75.254524 -20789.136719 3352.754883 54680.472656 1.043303
645100 299.693512 -75.251175 -20789.136719 3352.754883 54680.468750 1.043303
645200 299.693512 -75.249031 -20789.138672 3352.754883 54680.460938 1.043303
645300 299.693512 -75.249191 -20789.138672 3352.754883 54680.457031 1.043303
645400 299.693512 -75.248962 -20789.138672 3352.754883 54680.453125 1.043303
645500 299.693512 -75.248909 -20789.140625 3352.754883 54680.441406 1.043303
645600 299.693542 -75.247093 -20789.140625 3352.755371 54680.437500 1.043303
645700 299.693542 -75.246307 -20789.142578 3352.755371 54680.437500 1.043303
645800 299.693542 -75.248192 -20789.146484 3352.755371 54680.437500 1.043303
645900 299.693542 -75.249481 -20789.152344 3352.755371 54680.429688 1.043304
646000 299.693542 -75.250343 -20789.156250 3352.755371 54680.429688 1.043304
646100 299.693542 -75.249855 -20789.158203 3352.755371 54680.425781 1.043304
646200 299.693542 -75.250336 -20789.160156 3352.755371 54680.421875 1.043304
646300 299.693542 -75.250977 -20789.162109 3352.755371 54680.410156 1.043304
646400 299.693542 -75.252037 -20789.162109 3352.755371 54680.410156 1.043304
646500 299.693542 -75.252075 -20789.162109 3352.755371 54680.398438 1.043304
646600 299.693573 -75.252815 -20789.160156 3352.755615 54680.394531 1.043304
646700 299.693573 -75.252792 -20789.158203 3352.755615 54680.394531 1.043304
646800 299.693573 -75.254074 -20789.158203 3352.755615 54680.394531 1.043304
646900 299.693604 -75.254173 -20789.160156 3352.755859 54680.390625 1.043304
647000 299.693604 -75.254211 -20789.162109 3352.755859 54680.378906 1.043305
647100 299.693604 -75.252899 -20789.166016 3352.755859 54680.378906 1.043305
647200 299.693604 -75.251907 -20789.167969 3352.755859 54680.375000 1.043305
647300 299.693634 -75.252014 -20789.169922 3352.756348 54680.367188 1.043305
647400 299.693634 -75.252075 -20789.171875 3352.756348 54680.363281 1.043305
647500 299.693665 -75.250793 -20789.173828 3352.756592 54680.359375 1.043305
647600 299.693665 -75.250679 -20789.175781 3352.756592 54680.359375 1.043305
647700 299.693665 -75.251213 -20789.177734 3352.756592 54680.347656 1.043305
647800 299.693695 -75.250999 -20789.181641 3352.756836 54680.347656 1.043305
647900 299.693695 -75.248329 -20789.179688 3352.756836 54680.343750 1.043305
648000 299.693695 -75.247993 -20789.179688 3352.756836 54680.335938 1.043305
648100 299.693665 -75.248390 -20789.181641 3352.756592 54680.332031 1.043306
648200 299.693665 -75.249474 -20789.183594 3352.756592 54680.332031 1.043306
648300 299.693695 -75.252258 -20789.185547 3352.756836 54680.332031 1.043306
648400 299.693695 -75.253197 -20789.189453 3352.756836 54680.328125 1.043306
648500 299.693695 -75.254303 -20789.191406 3352.756836 54680.316406 1.043306
648600 299.693695 -75.254234 -20789.193359 3352.756836 54680.312500 1.043306
648700 299.693726 -75.254791 -20789.195312 3352.757324 54680.304688 1.043306
648800 299.693726 -75.254616 -20789.197266 3352.757324 54680.300781 1.043306
648900 299.693726 -75.254684 -20789.195312 3352.757324 54680.296875 1.043306
649000 299.693756 -75.254341 -20789.197266 3352.757568 54680.296875 1.043306
649100 299.693756 -75.251511 -20789.197266 3352.757568 54680.296875 1.043306
649200 299.693756 -75.250336 -20789.197266 3352.757568 54680.285156 1.043306
649300 299.693787 -75.250610 -20789.197266 3352.757812 54680.281250 1.043306
649400 299.693787 -75.251083 -20789.199219 3352.757812 54680.281250 1.043306
649500 299.693787 -75.251617 -20789.199219 3352.757812 54680.273438 1.043307
649600 299.693787 -75.250587 -20789.199219 3352.757812 54680.269531 1.043307
649700 299.693817 -75.250710 -20789.203125 3352.758301 54680.269531 1.043307
649800 299.693817 -75.252380 -20789.205078 3352.758301 54680.265625 1.043307
649900 299.693817 -75.252762 -20789.207031 3352.758301 54680.265625 1.043307
650000 299.693787 -75.254890 -20789.207031 3352.757812 54680.265625 1.043307
650100 299.693787 -75.255280 -20789.205078 3352.757812 54680.253906 1.043307
650200 299.693787 -75.256638 -20789.205078 3352.757812 54680.253906 1.043307
650300 299.693787 -75.257698 -20789.205078 3352.757812 54680.253906 1.043307
650400 299.693787 -75.257683 -20789.208984 3352.757812 54680.250000 1.043307
650500 299.693787 -75.257668 -20789.212891 3352.757812 54680.238281 1.043307
650600 299.693817 -75.258911 -20789.214844 3352.758301 54680.238281 1.043307
650700 299.693817 -75.260651 -20789.218750 3352.758301 54680.230469 1.043307
650800 299.693817 -75.260399 -20789.218750 3352.758301 54680.222656 1.043308
650900 299.693817 -75.260559 -20789.220703 3352.758301 54680.222656 1.043308
651000 299.693817 -75.260307 -20789.222656 3352.758301 54680.218750 1.043308
651100 299.693817 -75.259964 -20789.224609 3352.758301 54680.218750 1.043308
651200 299.693848 -75.260727 -20789.228516 3352.758545 54680.207031 1.043308
651300 299.693848 -75.262405 -20789.230469 3352.758545 54680.207031 1.043308
651400 299.693848 -75.260780 -20789.232422 3352.758545 54680.199219 1.043308
651500 299.693878 -75.259178 -20789.234375 3352.758789 54680.199219 1.043308
651600 299.693878 -75.257698 -20789.234375 3352.758789 54680.199219 1.043308
651700 299.693878 -75.256851 -20789.234375 3352.758789 54680.199219 1.043308
651800 299.693909 -75.258003 -20789.236328 3352.759277 54680.187500 1.043308
651900 299.693909 -75.258484 -20789.234375 3352.759277 54680.187500 1.043308
652000 299.693909 -75.259682 -20789.236328 3352.759277 54680.183594 1.043308
652100 299.693909 -75.260529 -20789.238281 3352.759277 54680.183594 1.043308
652200 299.693909 -75.260277 -20789.240234 3352.759277 54680.183594 1.043308
652300 299.693909 -75.259377 -20789.244141 3352.759277 54680.175781 1.043308
652400 299.693909 -75.260719 -20789.246094 3352.759277 54680.175781 1.043308
652500 299.693909 -75.260811 -20789.248047 3352.759277 54680.167969 1.043309
652600 299.693939 -75.261726 -20789.248047 3352.759766 54680.167969 1.043309
652700 299.693939 -75.262505 -20789.250000 3352.759766 54680.156250 1.043309
652800 299.693939 -75.262321 -20789.250000 3352.759766 54680.152344 1.043309
652900 299.693939 -75.261726 -20789.250000 3352.759766 54680.152344 1.043309
653000 299.693939 -75.261406 -20789.250000 3352.759766 54680.152344 1.043309
653100 299.693970 -75.261284 -20789.251953 3352.760254 54680.136719 1.043309
653200 299.693970 -75.261208 -20789.255859 3352.760254 54680.128906 1.043309
653300 299.693970 -75.260605 -20789.253906 3352.760254 54680.128906 1.043309
653400 299.694000 -75.259811 -20789.255859 3352.760498 54680.121094 1.043310
653500 299.694000 -75.260727 -20789.257812 3352.760498 54680.121094 1.043310
653600 299.694000 -75.261589 -20789.257812 3352.760498 54680.121094 1.043310
653700 299.694000 -75.261589 -20789.259766 3352.760498 54680.121094 1.043310
653800 299.693970 -75.258972 -20789.259766 3352.760254 54680.121094 1.043310
653900 299.693970 -75.257477 -20789.259766 3352.760254 54680.113281 1.043310
654000 299.693970 -75.256622 -20789.259766 3352.760254 54680.113281 1.043310
654100 299.693970 -75.257195 -20789.261719 3352.760254 54680.097656 1.043310
654200 299.693970 -75.258293 -20789.261719 3352.760254 54680.093750 1.043310
654300 299.694000 -75.258858 -20789.263672 3352.760498 54680.082031 1.043310
654400 299.694000 -75.259895 -20789.263672 3352.760498 54680.082031 1.043310
654500 299.694031 -75.261063 -20789.267578 3352.760986 54680.082031 1.043310
654600 299.694031 -75.261902 -20789.267578 3352.760986 54680.082031 1.043310
654700 299.694031 -75.263680 -20789.271484 3352.760986 54680.089844 1.043310
654800 299.694031 -75.263519 -20789.271484 3352.760986 54680.082031 1.043310
654900 299.694031 -75.263618 -20789.271484 3352.760986 54680.082031 1.043310
655000 299.694031 -75.263702 -20789.271484 3352.760986 54680.074219 1.043310
655100 299.694031 -75.263412 -20789.271484 3352.760986 54680.066406 1.043311
655200 299.694031 -75.263596 -20789.271484 3352.760986 54680.066406 1.043311
655300 299.694031 -75.264099 -20789.273438 3352.760986 54680.066406 1.043311
655400 299.694031 -75.264519 -20789.273438 3352.760986 54680.066406 1.043311
655500 299.694000 -75.268021 -20789.275391 3352.760498 54680.062500 1.043311
655600 299.694000 -75.271194 -20789.279297 3352.760498 54680.062500 1.043311
655700 299.694031 -75.272537 -20789.283203 3352.760986 54680.058594 1.043311
655800 299.694031 -75.273376 -20789.285156 3352.760986 54680.050781 1.043311
655900 299.694061 -75.273483 -20789.287109 3352.761230 54680.050781 1.043311
656000 299.694061 -75.274162 -20789.289062 3352.761230 54680.042969 1.043311
656100 299.694061 -75.273468 -20789.289062 3352.761230 54680.035156 1.043311
656200 299.694061 -75.274689 -20789.291016 3352.761230 54680.035156 1.043311
656300 299.694061 -75.272942 -20789.291016 3352.761230 54680.035156 1.043311
656400 299.694061 -75.273384 -20789.291016 3352.761230 54680.031250 1.043311
656500 299.694031 -75.273003 -20789.291016 3352.760986 54680.031250 1.043311
656600 299.694061 -75.274353 -20789.292969 3352.761230 54680.027344 1.043311
656700 299.694061 -75.274918 -20789.294922 3352.761230 54680.019531 1.043311
656800 299.694061 -75.274498 -20789.294922 3352.761230 54680.019531 1.043311
656900 299.694092 -75.276756 -20789.296875 3352.761475 54680.011719 1.043312
657000 299.694092 -75.278542 -20789.300781 3352.761475 54680.011719 1.043312
657100 299.694092 -75.279640 -20789.306641 3352.761475 54680.003906 1.043312
657200 299.694092 -75.281631 -20789.310547 3352.761475 54680.003906 1.043312
657300 299.694122 -75.281570 -20789.310547 3352.761963 54680.000000 1.043312
657400 299.694122 -75.279686 -20789.310547 3352.761963 54679.996094 1.043312
657500 299.694122 -75.279854 -20789.312500 3352.761963 54679.996094 1.043312
657600 299.694122 -75.279144 -20789.312500 3352.761963 54679.988281 1.043312
657700 299.694122 -75.278793 -20789.310547 3352.761963 54679.980469 1.043312
657800 299.694122 -75.276924 -20789.308594 3352.761963 54679.980469 1.043312
657900 299.694122 -75.276260 -20789.306641 3352.761963 54679.972656 1.043312
658000 299.694122 -75.276840 -20789.310547 3352.761963 54679.972656 1.043312
658100 299.694122 -75.276688 -20789.312500 3352.761963 54679.972656 1.043312
658200 299.694122 -75.276779 -20789.314453 3352.761963 54679.968750 1.043312
658300 299.694153 -75.277237 -20789.316406 3352.762207 54679.964844 1.043313
658400 299.694153 -75.279846 -20789.318359 3352.762207 54679.949219 1.043313
658500 299.694153 -75.281853 -20789.320312 3352.762207 54679.949219 1.043313
658600 299.694153 -75.282555 -20789.324219 3352.762207 54679.941406 1.043313
658700 299.694153 -75.282608 -20789.324219 3352.762207 54679.941406 1.043313
658800 299.694183 -75.282341 -20789.324219 3352.762451 54679.941406 1.043313
658900 299.694183 -75.281219 -20789.324219 3352.762451 54679.949219 1.043313
659000 299.694183 -75.280243 -20789.324219 3352.762451 54679.941406 1.043313
659100 299.694183 -75.279633 -20789.324219 3352.762451 54679.937500 1.043313
659200 299.694214 -75.277557 -20789.324219 3352.762939 54679.937500 1.043313
659300 299.694214 -75.277428 -20789.326172 3352.762939 54679.937500 1.043313
659400 299.694214 -75.277298 -20789.328125 3352.762939 54679.937500 1.043313
659500 299.694244 -75.276764 -20789.328125 3352.763184 54679.937500 1.043313
659600 299.694244 -75.277039 -20789.330078 3352.763184 54679.933594 1.043313
659700 299.694244 -75.277702 -20789.332031 3352.763184 54679.921875 1.043313
659800 299.694244 -75.281174 -20789.335938 3352.763184 54679.917969 1.043313
659900 299.694244 -75.282440 -20789.337891 3352.763184 54679.914062 1.043314
660000 299.694244 -75.283783 -20789.339844 3352.763184 54679.914062 1.043314
660100 299.694244 -75.284088 -20789.339844 3352.763184 54679.906250 1.043314
660200 299.694244 -75.284500 -20789.341797 3352.763184 54679.914062 1.043314
660300 299.694214 -75.284683 -20789.341797 3352.762939 54679.906250 1.043314
660400 299.694214 -75.284935 -20789.343750 3352.762939 54679.906250 1.043314
660500 299.694214 -75.286537 -20789.343750 3352.762939 54679.906250 1.043314
660600 299.694214 -75.286911 -20789.345703 3352.762939 54679.906250 1.043314
660700 299.694214 -75.287460 -20789.345703 3352.762939 54679.902344 1.043314
660800 299.694214 -75.288040 -20789.347656 3352.762939 54679.902344 1.043314
660900 299.694214 -75.288071 -20789.349609 3352.762939 54679.902344 1.043314
661000 299.694214 -75.288071 -20789.349609 3352.762939 54679.902344 1.043314
661100 299.694244 -75.287994 -20789.351562 3352.763184 54679.890625 1.043314
661200 299.694244 -75.287918 -20789.353516 3352.763184 54679.886719 1.043314
661300 299.694244 -75.286438 -20789.353516 3352.763184 54679.882812 1.043314
661400 299.694275 -75.286774 -20789.355469 3352.763428 54679.882812 1.043314
661500 299.694275 -75.286148 -20789.353516 3352.763428 54679.875000 1.043314
661600 299.694275 -75.286926 -20789.355469 3352.763428 54679.875000 1.043314
661700 299.694275 -75.287567 -20789.355469 3352.763428 54679.871094 1.043314
661800 299.694305 -75.288109 -20789.355469 3352.763916 54679.871094 1.043314
661900 299.694275 -75.288918 -20789.357422 3352.763428 54679.871094 1.043314
662000 299.694305 -75.289856 -20789.359375 3352.763916 54679.871094 1.043314
662100 299.694305 -75.288437 -20789.361328 3352.763916 54679.871094 1.043314
662200 299.694305 -75.288948 -20789.361328 3352.763916 54679.859375 1.043314
662300 299.694275 -75.289093 -20789.363281 3352.763428 54679.859375 1.043314
662400 299.694275 -75.289986 -20789.363281 3352.763428 54679.855469 1.043315
662500 299.694275 -75.290108 -20789.365234 3352.763428 54679.855469 1.043315
662600 299.694275 -75.289536 -20789.367188 3352.763428 54679.851562 1.043315
662700 299.694275 -75.289108 -20789.365234 3352.763428 54679.851562 1.043315
662800 299.694275 -75.290443 -20789.365234 3352.763428 54679.843750 1.043315
662900 299.694275 -75.291138 -20789.367188 3352.763428 54679.839844 1.043315
663000 299.694275 -75.292580 -20789.367188 3352.763428 54679.839844 1.043315
663100 299.694305 -75.293373 -20789.367188 3352.763916 54679.839844 1.043315
663200 299.694305 -75.294289 -20789.369141 3352.763916 54679.828125 1.043315
663300 299.694336 -75.294685 -20789.371094 3352.764160 54679.828125 1.043315
663400 299.694336 -75.295364 -20789.371094 3352.764160 54679.824219 1.043315
663500 299.694336 -75.294998 -20789.373047 3352.764160 54679.824219 1.043315
663600 299.694336 -75.295532 -20789.375000 3352.764160 54679.824219 1.043315
663700 299.694336 -75.295746 -20789.375000 3352.764160 54679.824219 1.043315
663800 299.694336 -75.296539 -20789.376953 3352.764160 54679.820312 1.043315
663900 299.694336 -75.295830 -20789.376953 3352.764160 54679.820312 1.043315
664000 299.694336 -75.295013 -20789.376953 3352.764160 54679.820312 1.043315
664100 299.694336 -75.294434 -20789.376953 3352.764160 54679.820312 1.043315
664200 299.694336 -75.294548 -20789.376953 3352.764160 54679.812500 1.043315
664300 299.694336 -75.295029 -20789.378906 3352.764160 54679.812500 1.043315
664400 299.694336 -75.295609 -20789.378906 3352.764160 54679.812500 1.043315
664500 299.694336 -75.296371 -20789.380859 3352.764160 54679.812500 1.043315
664600 299.694336 -75.295708 -20789.382812 3352.764160 54679.808594 1.043316
664700 299.694336 -75.296837 -20789.384766 3352.764160 54679.808594 1.043316
664800 299.694366 -75.297935 -20789.388672 3352.764404 54679.808594 1.043316
664900 299.694366 -75.299049 -20789.390625 3352.764404 54679.808594 1.043316
665000 299.694366 -75.300232 -20789.390625 3352.764404 54679.796875 1.043316
665100 299.694366 -75.301239 -20789.392578 3352.764404 54679.796875 1.043316
665200 299.694366 -75.301620 -20789.390625 3352.764404 54679.796875 1.043316
665300 299.694366 -75.299629 -20789.392578 3352.764404 54679.789062 1.043316
665400 299.694366 -75.296997 -20789.392578 3352.764404 54679.781250 1.043316
665500 299.694366 -75.297035 -20789.392578 3352.764404 54679.781250 1.043316
665600 299.694366 -75.296494 -20789.390625 3352.764404 54679.781250 1.043316
665700 299.694366 -75.295647 -20789.390625 3352.764404 54679.777344 1.043316
665800 299.694366 -75.297325 -20789.392578 3352.764404 54679.777344 1.043316
665900 299.694397 -75.298386 -20789.396484 3352.764893 54679.765625 1.043316
666000 299.694397 -75.298912 -20789.396484 3352.764893 54679.761719 1.043316
666100 299.694397 -75.298759 -20789.398438 3352.764893 54679.761719 1.043316
666200 299.694427 -75.298546 -20789.400391 3352.765137 54679.761719 1.043316
666300 299.694427 -75.298599 -20789.404297 3352.765137 54679.757812 1.043316
666400 299.694427 -75.300346 -20789.404297 3352.765137 54679.757812 1.043316
666500 299.694427 -75.302261 -20789.408203 3352.765137 54679.757812 1.043316
666600 299.694427 -75.303497 -20789.410156 3352.765137 54679.750000 1.043317
666700 299.694397 -75.304329 -20789.410156 3352.764893 54679.750000 1.043317
666800 299.694427 -75.304863 -20789.408203 3352.765137 54679.750000 1.043317
666900 299.694397 -75.305664 -20789.410156 3352.764893 54679.750000 1.043317
667000 299.694397 -75.306328 -20789.410156 3352.764893 54679.750000 1.043317
667100 299.694397 -75.306244 -20789.412109 3352.764893 54679.750000 1.043317
667200 299.694397 -75.306221 -20789.412109 3352.764893 54679.746094 1.043317
667300 299.694397 -75.306679 -20789.414062 3352.764893 54679.734375 1.043317
667400 299.694397 -75.307137 -20789.416016 3352.764893 54679.734375 1.043317
667500 299.694397 -75.307983 -20789.417969 3352.764893 54679.734375 1.043317
667600 299.694427 -75.308464 -20789.417969 3352.765137 54679.730469 1.043317
667700 299.694427 -75.309303 -20789.417969 3352.765137 54679.730469 1.043317
667800 299.694458 -75.309753 -20789.417969 3352.765381 54679.730469 1.043317
667900 299.694458 -75.310112 -20789.419922 3352.765381 54679.730469 1.043317
668000 299.694458 -75.310486 -20789.421875 3352.765381 54679.726562 1.043317
668100 299.694489 -75.310059 -20789.421875 3352.765869 54679.718750 1.043317
668200 299.694489 -75.309280 -20789.421875 3352.765869 54679.718750 1.043317
668300 299.694519 -75.309784 -20789.421875 3352.766113 54679.714844 1.043317
668400 299.694519 -75.309296 -20789.421875 3352.766113 54679.703125 1.043317
668500 299.694519 -75.309494 -20789.421875 3352.766113 54679.703125 1.043317
668600 299.694519 -75.310432 -20789.423828 3352.766113 54679.699219 1.043318
668700 299.694519 -75.310699 -20789.425781 3352.766113 54679.699219 1.043318
668800 299.694519 -75.310760 -20789.425781 3352.766113 54679.699219 1.043318
668900 299.694519 -75.310997 -20789.425781 3352.766113 54679.699219 1.043318
669000 299.694519 -75.309547 -20789.425781 3352.766113 54679.695312 1.043318
669100 299.694550 -75.308876 -20789.425781 3352.766602 54679.695312 1.043318
669200 299.694550 -75.309273 -20789.427734 3352.766602 54679.695312 1.043318
669300 299.694550 -75.310204 -20789.427734 3352.766602 54679.695312 1.043318
669400 299.694550 -75.311073 -20789.427734 3352.766602 54679.695312 1.043318
669500 299.694550 -75.310844 -20789.427734 3352.766602 54679.695312 1.043318
669600 299.694550 -75.311142 -20789.429688 3352.766602 54679.695312 1.043318
669700 299.694550 -75.311935 -20789.431641 3352.766602 54679.695312 1.043318
669800 299.694519 -75.313980 -20789.431641 3352.766113 54679.687500 1.043318
669900 299.694519 -75.313362 -20789.433594 3352.766113 54679.687500 1.043318
670000 299.694489 -75.313683 -20789.435547 3352.765869 54679.687500 1.043318
670100 299.694489 -75.315224 -20789.435547 3352.765869 54679.687500 1.043318
670200 299.694519 -75.316147 -20789.437500 3352.766113 54679.679688 1.043318
670300 299.694519 -75.317780 -20789.437500 3352.766113 54679.679688 1.043318
670400 299.694519 -75.320801 -20789.439453 3352.766113 54679.671875 1.043318
670500 299.694519 -75.321808 -20789.443359 3352.766113 54679.667969 1.043318
670600 299.694519 -75.323494 -20789.445312 3352.766113 54679.667969 1.043318
670700 299.694550 -75.324661 -20789.447266 3352.766602 54679.667969 1.043318
670800 299.694550 -75.325760 -20789.447266 3352.766602 54679.667969 1.043318
670900 299.694550 -75.324806 -20789.445312 3352.766602 54679.667969 1.043318
671000 299.694550 -75.324837 -20789.447266 3352.766602 54679.664062 1.043318
671100 299.694550 -75.324318 -20789.449219 3352.766602 54679.664062 1.043318
671200 299.694550 -75.323868 -20789.449219 3352.766602 54679.656250 1.043318
671300 299.694550 -75.323746 -20789.449219 3352.766602 54679.656250 1.043318
671400 299.694550 -75.323845 -20789.447266 3352.766602 54679.656250 1.043318
671500 299.694550 -75.324547 -20789.449219 3352.766602 54679.648438 1.043319
671600 299.694550 -75.326843 -20789.451172 3352.766602 54679.648438 1.043319
671700 299.694550 -75.327850 -20789.453125 3352.766602 54679.640625 1.043319
671800 299.694550 -75.328873 -20789.455078 3352.766602 54679.640625 1.043319
671900 299.694550 -75.327950 -20789.455078 3352.766602 54679.640625 1.043319
672000 299.694550 -75.327820 -20789.453125 3352.766602 54679.640625 1.043319
672100 299.694550 -75.327339 -20789.455078 3352.766602 54679.636719 1.043319
672200 299.694580 -75.329079 -20789.455078 3352.766846 54679.632812 1.043319
672300 299.694580 -75.331238 -20789.455078 3352.766846 54679.632812 1.043319
672400 299.694580 -75.332207 -20789.455078 3352.766846 54679.632812 1.043319
672500 299.694580 -75.331528 -20789.455078 3352.766846 54679.625000 1.043319
672600 299.694580 -75.331154 -20789.457031 3352.766846 54679.625000 1.043319
672700 299.694580 -75.331215 -20789.457031 3352.766846 54679.617188 1.043319
672800 299.694580 -75.332230 -20789.458984 3352.766846 54679.617188 1.043319
672900 299.694580 -75.333046 -20789.460938 3352.766846 54679.625000 1.043319
673000 299.694580 -75.330315 -20789.460938 3352.766846 54679.617188 1.043319
673100 299.694580 -75.329201 -20789.460938 3352.766846 54679.625000 1.043319
673200 299.694580 -75.328484 -20789.458984 3352.766846 54679.617188 1.043319
673300 299.694580 -75.329491 -20789.458984 3352.766846 54679.625000 1.043319
673400 299.694580 -75.331253 -20789.458984 3352.766846 54679.617188 1.043319
673500 299.694580 -75.332283 -20789.458984 3352.766846 54679.617188 1.043319
673600 299.694580 -75.332504 -20789.460938 3352.766846 54679.617188 1.043319
673700 299.694580 -75.332680 -20789.462891 3352.766846 54679.617188 1.043319
673800 299.694580 -75.332306 -20789.464844 3352.766846 54679.613281 1.043319
673900 299.694580 -75.334259 -20789.468750 3352.766846 54679.613281 1.043319
674000 299.694611 -75.335968 -20789.470703 3352.767090 54679.613281 1.043319
674100 299.694611 -75.336311 -20789.472656 3352.767090 54679.605469 1.043319
674200 299.694580 -75.336456 -20789.474609 3352.766846 54679.605469 1.043319
674300 299.694580 -75.337608 -20789.474609 3352.766846 54679.605469 1.043319
674400 299.694580 -75.337723 -20789.474609 3352.766846 54679.605469 1.043319
674500 299.694611 -75.338692 -20789.474609 3352.767090 54679.605469 1.043319
674600 299.694611 -75.340240 -20789.474609 3352.767090 54679.605469 1.043319
674700 299.694611 -75.340866 -20789.474609 3352.767090 54679.601562 1.043319
674800 299.694611 -75.340157 -20789.474609 3352.767090 54679.601562 1.043319
674900 299.694611 -75.340019 -20789.474609 3352.767090 54679.601562 1.043319
675000 299.694611 -75.339996 -20789.476562 3352.767090 54679.597656 1.043320
675100 299.694611 -75.339355 -20789.476562 3352.767090 54679.597656 1.043320
675200 299.694611 -75.340012 -20789.478516 3352.767090 54679.585938 1.043320
675300 299.694611 -75.339722 -20789.480469 3352.767090 54679.585938 1.043320
675400 299.694611 -75.339745 -20789.480469 3352.767090 54679.582031 1.043320
675500 299.694611 -75.340317 -20789.482422 3352.767090 54679.582031 1.043320
675600 299.694611 -75.342949 -20789.486328 3352.767090 54679.582031 1.043320
675700 299.694611 -75.344780 -20789.488281 3352.767090 54679.585938 1.043320
675800 299.694611 -75.345612 -20789.490234 3352.767090 54679.585938 1.043320
675900 299.694611 -75.346352 -20789.492188 3352.767090 54679.582031 1.043320
676000 299.694611 -75.347069 -20789.492188 3352.767090 54679.582031 1.043320
676100 299.694611 -75.347374 -20789.494141 3352.767090 54679.582031 1.043320
676200 299.694611 -75.347710 -20789.494141 3352.767090 54679.582031 1.043320
676300 299.694611 -75.347252 -20789.494141 3352.767090 54679.582031 1.043320
676400 299.694611 -75.346733 -20789.494141 3352.767090 54679.574219 1.043320
676500 299.694580 -75.346245 -20789.494141 3352.766846 54679.574219 1.043320
676600 299.694580 -75.347351 -20789.496094 3352.766846 54679.574219 1.043320
676700 299.694580 -75.348724 -20789.496094 3352.766846 54679.570312 1.043320
676800 299.694611 -75.348946 -20789.496094 3352.767090 54679.566406 1.043320
676900 299.694611 -75.348053 -20789.498047 3352.767090 54679.566406 1.043320
677000 299.694611 -75.348022 -20789.498047 3352.767090 54679.554688 1.043320
677100 299.694611 -75.349449 -20789.500000 3352.767090 54679.554688 1.043320
677200 299.694611 -75.350708 -20789.500000 3352.767090 54679.554688 1.043320
677300 299.694611 -75.350929 -20789.500000 3352.767090 54679.554688 1.043320
677400 299.694611 -75.350739 -20789.503906 3352.767090 54679.554688 1.043320
677500 299.694611 -75.350822 -20789.503906 3352.767090 54679.554688 1.043320
677600 299.694641 -75.351791 -20789.503906 3352.767578 54679.566406 1.043320
677700 299.694641 -75.353294 -20789.507812 3352.767578 54679.554688 1.043320
677800 299.694641 -75.354340 -20789.509766 3352.767578 54679.554688 1.043320
677900 299.694641 -75.354996 -20789.509766 3352.767578 54679.554688 1.043320
678000 299.694641 -75.354385 -20789.511719 3352.767578 54679.554688 1.043320
678100 299.694672 -75.353416 -20789.511719 3352.767822 54679.554688 1.043320
678200 299.694672 -75.352570 -20789.511719 3352.767822 54679.554688 1.043320
678300 299.694672 -75.352158 -20789.513672 3352.767822 54679.550781 1.043320
678400 299.694672 -75.352081 -20789.513672 3352.767822 54679.550781 1.043320
678500 299.694641 -75.352768 -20789.515625 3352.767578 54679.542969 1.043321
678600 299.694641 -75.351624 -20789.517578 3352.767578 54679.542969 1.043321
678700 299.694641 -75.351608 -20789.517578 3352.767578 54679.542969 1.043321
678800 299.694672 -75.353706 -20789.515625 3352.767822 54679.542969 1.043321
678900 299.694672 -75.356483 -20789.513672 3352.767822 54679.539062 1.043321
679000 299.694672 -75.356796 -20789.513672 3352.767822 54679.539062 1.043321
679100 299.694672 -75.357780 -20789.513672 3352.767822 54679.539062 1.043321
679200 299.694672 -75.358765 -20789.515625 3352.767822 54679.535156 1.043321
679300 299.694672 -75.360062 -20789.515625 3352.767822 54679.535156 1.043321
679400 299.694672 -75.360931 -20789.517578 3352.767822 54679.523438 1.043321
679500 299.694672 -75.360641 -20789.517578 3352.767822 54679.535156 1.043321
679600 299.694672 -75.362434 -20789.517578 3352.767822 54679.523438 1.043321
679700 299.694641 -75.364349 -20789.517578 3352.767578 54679.523438 1.043321
679800 299.694641 -75.365410 -20789.519531 3352.767578 54679.523438 1.043321
679900 299.694672 -75.366249 -20789.521484 3352.767822 54679.523438 1.043321
680000 299.694672 -75.365799 -20789.523438 3352.767822 54679.523438 1.043321
680100 299.694672 -75.365379 -20789.521484 3352.767822 54679.519531 1.043321
680200 299.694672 -75.365356 -20789.521484 3352.767822 54679.519531 1.043321
680300 299.694672 -75.365082 -20789.521484 3352.767822 54679.519531 1.043321
680400 299.694672 -75.364792 -20789.523438 3352.767822 54679.519531 1.043321
680500 299.694672 -75.364700 -20789.525391 3352.767822 54679.511719 1.043321
680600 299.694672 -75.364746 -20789.529297 3352.767822 54679.511719 1.043321
680700 299.694672 -75.365440 -20789.531250 3352.767822 54679.511719 1.043321
680800 299.694672 -75.366508 -20789.533203 3352.767822 54679.507812 1.043321
680900 299.694672 -75.367508 -20789.533203 3352.767822 54679.507812 1.043321
681000 299.694672 -75.368240 -20789.535156 3352.767822 54679.507812 1.043321
681100 299.694672 -75.368866 -20789.533203 3352.767822 54679.507812 1.043321
681200 299.694672 -75.369751 -20789.533203 3352.767822 54679.507812 1.043321
681300 299.694672 -75.370323 -20789.535156 3352.767822 54679.507812 1.043321
681400 299.694672 -75.370277 -20789.539062 3352.767822 54679.507812 1.043321
681500 299.694702 -75.370735 -20789.541016 3352.768066 54679.507812 1.043321
681600 299.694702 -75.371437 -20789.544922 3352.768066 54679.503906 1.043321
681700 299.694702 -75.372337 -20789.546875 3352.768066 54679.503906 1.043321
681800 299.694702 -75.373528 -20789.550781 3352.768066 54679.503906 1.043321
681900 299.694702 -75.373756 -20789.552734 3352.768066 54679.492188 1.043321
682000 299.694702 -75.374100 -20789.552734 3352.768066 54679.492188 1.043321
682100 299.694702 -75.373756 -20789.552734 3352.768066 54679.488281 1.043322
682200 299.694702 -75.374252 -20789.552734 3352.768066 54679.488281 1.043322
682300 299.694702 -75.373955 -20789.552734 3352.768066 54679.488281 1.043322
682400 299.694672 -75.373505 -20789.552734 3352.767822 54679.488281 1.043322
682500 299.694672 -75.374893 -20789.550781 3352.767822 54679.488281 1.043322
682600 299.694672 -75.375725 -20789.550781 3352.767822 54679.488281 1.043322
682700 299.694672 -75.376320 -20789.550781 3352.767822 54679.488281 1.043322
682800 299.694672 -75.376808 -20789.552734 3352.767822 54679.480469 1.043322
682900 299.694672 -75.376663 -20789.552734 3352.767822 54679.480469 1.043322
683000 299.694672 -75.376793 -20789.554688 3352.767822 54679.480469 1.043322
683100 299.694672 -75.377838 -20789.558594 3352.767822 54679.476562 1.043322
683200 299.694702 -75.378792 -20789.558594 3352.768066 54679.480469 1.043322
683300 299.694702 -75.379189 -20789.558594 3352.768066 54679.476562 1.043322
683400 299.694702 -75.379791 -20789.558594 3352.768066 54679.476562 1.043322
683500 299.694733 -75.381294 -20789.558594 3352.768555 54679.476562 1.043322
683600 299.694733 -75.380096 -20789.558594 3352.768555 54679.476562 1.043322
683700 299.694702 -75.379639 -20789.558594 3352.768066 54679.476562 1.043322
683800 299.694702 -75.380676 -20789.560547 3352.768066 54679.476562 1.043322
683900 299.694702 -75.381195 -20789.560547 3352.768066 54679.472656 1.043322
684000 299.694702 -75.381630 -20789.564453 3352.768066 54679.460938 1.043322
684100 299.694702 -75.381294 -20789.564453 3352.768066 54679.460938 1.043322
684200 299.694672 -75.381638 -20789.564453 3352.767822 54679.460938 1.043322
684300 299.694672 -75.382202 -20789.566406 3352.767822 54679.460938 1.043322
684400 299.694641 -75.383415 -20789.566406 3352.767578 54679.460938 1.043322
684500 299.694641 -75.383766 -20789.566406 3352.767578 54679.460938 1.043322
684600 299.694641 -75.384827 -20789.564453 3352.767578 54679.460938 1.043322
684700 299.694672 -75.386368 -20789.564453 3352.767822 54679.472656 1.043322
684800 299.694672 -75.387016 -20789.566406 3352.767822 54679.460938 1.043322
684900 299.694672 -75.387314 -20789.566406 3352.767822 54679.460938 1.043322
685000 299.694672 -75.387032 -20789.568359 3352.767822 54679.460938 1.043322
685100 299.694641 -75.387466 -20789.570312 3352.767578 54679.460938 1.043322
685200 299.694641 -75.387939 -20789.572266 3352.767578 54679.460938 1.043322
685300 299.694641 -75.389412 -20789.572266 3352.767578 54679.457031 1.043322
685400 299.694641 -75.390182 -20789.570312 3352.767578 54679.457031 1.043322
685500 299.694641 -75.390503 -20789.572266 3352.767578 54679.457031 1.043322
685600 299.694672 -75.391243 -20789.574219 3352.767822 54679.449219 1.043322
685700 299.694672 -75.391647 -20789.576172 3352.767822 54679.449219 1.043322
685800 299.694672 -75.393730 -20789.578125 3352.767822 54679.449219 1.043322
685900 299.694672 -75.394150 -20789.580078 3352.767822 54679.449219 1.043322
686000 299.694672 -75.394981 -20789.582031 3352.767822 54679.449219 1.043322
686100 299.694672 -75.395752 -20789.582031 3352.767822 54679.449219 1.043322
686200 299.694702 -75.396561 -20789.582031 3352.768066 54679.449219 1.043322
686300 299.694702 -75.396233 -20789.582031 3352.768066 54679.449219 1.043322
686400 299.694702 -75.394745 -20789.580078 3352.768066 54679.449219 1.043322
686500 299.694702 -75.394226 -20789.580078 3352.768066 54679.445312 1.043322
686600 299.694702 -75.393883 -20789.580078 3352.768066 54679.445312 1.043322
686700 299.694702 -75.393936 -20789.582031 3352.768066 54679.449219 1.043322
686800 299.694702 -75.394531 -20789.582031 3352.768066 54679.449219 1.043322
686900 299.694702 -75.394539 -20789.583984 3352.768066 54679.445312 1.043322
687000 299.694702 -75.394424 -20789.585938 3352.768066 54679.445312 1.043322
687100 299.694702 -75.394745 -20789.585938 3352.768066 54679.445312 1.043322
687200 299.694702 -75.395279 -20789.585938 3352.768066 54679.445312 1.043322
687300 299.694702 -75.396599 -20789.585938 3352.768066 54679.445312 1.043322
687400 299.694702 -75.397377 -20789.585938 3352.768066 54679.441406 1.043323
687500 299.694702 -75.397491 -20789.585938 3352.768066 54679.441406 1.043323
687600 299.694702 -75.398323 -20789.587891 3352.768066 54679.441406 1.043323
687700 299.694702 -75.399010 -20789.593750 3352.768066 54679.441406 1.043323
687800 299.694702 -75.400597 -20789.595703 3352.768066 54679.441406 1.043323
687900 299.694702 -75.401260 -20789.597656 3352.768066 54679.441406 1.043323
688000 299.694702 -75.400436 -20789.597656 3352.768066 54679.429688 1.043323
688100 299.694702 -75.400513 -20789.593750 3352.768066 54679.441406 1.043323
688200 299.694702 -75.400818 -20789.591797 3352.768066 54679.441406 1.043323
688300 299.694702 -75.402100 -20789.593750 3352.768066 54679.441406 1.043323
688400 299.694702 -75.402908 -20789.593750 3352.768066 54679.429688 1.043323
688500 299.694702 -75.403725 -20789.595703 3352.768066 54679.429688 1.043323
688600 299.694733 -75.403465 -20789.593750 3352.768555 54679.425781 1.043323
688700 299.694702 -75.404579 -20789.593750 3352.768066 54679.425781 1.043323
688800 299.694702 -75.405235 -20789.593750 3352.768066 54679.429688 1.043323
688900 299.694702 -75.404945 -20789.595703 3352.768066 54679.429688 1.043323
689000 299.694702 -75.404900 -20789.597656 3352.768066 54679.429688 1.043323
689100 299.694702 -75.407120 -20789.599609 3352.768066 54679.425781 1.043323
689200 299.694702 -75.408379 -20789.603516 3352.768066 54679.425781 1.043323
689300 299.694733 -75.407524 -20789.605469 3352.768555 54679.417969 1.043323
689400 299.694733 -75.408722 -20789.603516 3352.768555 54679.417969 1.043323
689500 299.694733 -75.409637 -20789.603516 3352.768555 54679.417969 1.043323
689600 299.694702 -75.410263 -20789.603516 3352.768066 54679.414062 1.043323
689700 299.694702 -75.410889 -20789.603516 3352.768066 54679.414062 1.043323
689800 299.694702 -75.411415 -20789.605469 3352.768066 54679.414062 1.043323
689900 299.694733 -75.411629 -20789.605469 3352.768555 54679.414062 1.043323
690000 299.694733 -75.412613 -20789.607422 3352.768555 54679.414062 1.043323
690100 299.694763 -75.413742 -20789.609375 3352.768799 54679.414062 1.043323
690200 299.694763 -75.414505 -20789.611328 3352.768799 54679.417969 1.043323
690300 299.694763 -75.415169 -20789.615234 3352.768799 54679.417969 1.043323
690400 299.694733 -75.416649 -20789.617188 3352.768555 54679.414062 1.043323
690500 299.694763 -75.417786 -20789.619141 3352.768799 54679.417969 1.043323
690600 299.694763 -75.418495 -20789.619141 3352.768799 54679.414062 1.043323
690700 299.694763 -75.417755 -20789.619141 3352.768799 54679.414062 1.043323
690800 299.694733 -75.417824 -20789.619141 3352.768555 54679.414062 1.043323
690900 299.694733 -75.415184 -20789.619141 3352.768555 54679.414062 1.043323
691000 299.694733 -75.414963 -20789.619141 3352.768555 54679.414062 1.043323
691100 299.694733 -75.414673 -20789.619141 3352.768555 54679.414062 1.043323
691200 299.694733 -75.414482 -20789.617188 3352.768555 54679.414062 1.043323
691300 299.694733 -75.415260 -20789.617188 3352.768555 54679.410156 1.043323
691400 299.694733 -75.416840 -20789.619141 3352.768555 54679.410156 1.043323
691500 299.694733 -75.419090 -20789.617188 3352.768555 54679.410156 1.043323
691600 299.694702 -75.419029 -20789.617188 3352.768066 54679.410156 1.043323
691700 299.694702 -75.419228 -20789.617188 3352.768066 54679.410156 1.043323
691800 299.694702 -75.417534 -20789.617188 3352.768066 54679.410156 1.043323
691900 299.694702 -75.418106 -20789.617188 3352.768066 54679.410156 1.043323
692000 299.694702 -75.418549 -20789.619141 3352.768066 54679.398438 1.043323
692100 299.694702 -75.419296 -20789.619141 3352.768066 54679.398438 1.043323
692200 299.694702 -75.419685 -20789.617188 3352.768066 54679.398438 1.043323
692300 299.694702 -75.419243 -20789.619141 3352.768066 54679.398438 1.043323
692400 299.694702 -75.419106 -20789.619141 3352.768066 54679.410156 1.043323
692500 299.694702 -75.419952 -20789.621094 3352.768066 54679.410156 1.043323
692600 299.694702 -75.420914 -20789.625000 3352.768066 54679.410156 1.043323
692700 299.694733 -75.420990 -20789.625000 3352.768555 54679.398438 1.043323
692800 299.694733 -75.421265 -20789.625000 3352.768555 54679.398438 1.043323
692900 299.694733 -75.422844 -20789.625000 3352.768555 54679.398438 1.043323
693000 299.694733 -75.422470 -20789.625000 3352.768555 54679.394531 1.043323
693100 299.694733 -75.423111 -20789.626953 3352.768555 54679.394531 1.043323
693200 299.694733 -75.425804 -20789.626953 3352.768555 54679.394531 1.043323
693300 299.694733 -75.426796 -20789.626953 3352.768555 54679.386719 1.043324
693400 299.694733 -75.428764 -20789.628906 3352.768555 54679.386719 1.043324
693500 299.694733 -75.429840 -20789.628906 3352.768555 54679.386719 1.043324
693600 299.694733 -75.430466 -20789.626953 3352.768555 54679.386719 1.043324
693700 299.694733 -75.430534 -20789.626953 3352.768555 54679.386719 1.043324
693800 299.694733 -75.430870 -20789.628906 3352.768555 54679.386719 1.043324
693900 299.694733 -75.429871 -20789.628906 3352.768555 54679.382812 1.043324
694000 299.694733 -75.429863 -20789.626953 3352.768555 54679.382812 1.043324
694100 299.694733 -75.430161 -20789.628906 3352.768555 54679.386719 1.043324
694200 299.694733 -75.430275 -20789.628906 3352.768555 54679.386719 1.043324
694300 299.694733 -75.430183 -20789.630859 3352.768555 54679.382812 1.043324
694400 299.694733 -75.432457 -20789.630859 3352.768555 54679.386719 1.043324
694500 299.694733 -75.433754 -20789.632812 3352.768555 54679.394531 1.043323
694600 299.694733 -75.435066 -20789.636719 3352.768555 54679.394531 1.043323
694700 299.694763 -75.436256 -20789.638672 3352.768799 54679.394531 1.043323
694800 299.694763 -75.437744 -20789.640625 3352.768799 54679.394531 1.043323
694900 299.694763 -75.438187 -20789.638672 3352.768799 54679.394531 1.043323
695000 299.694763 -75.438652 -20789.638672 3352.768799 54679.394531 1.043323
695100 299.694763 -75.439178 -20789.640625 3352.768799 54679.394531 1.043323
695200 299.694733 -75.439827 -20789.642578 3352.768555 54679.386719 1.043324
695300 299.694733 -75.439522 -20789.644531 3352.768555 54679.386719 1.043324
695400 299.694733 -75.439819 -20789.644531 3352.768555 54679.386719 1.043324
695500 299.694763 -75.439575 -20789.644531 3352.768799 54679.386719 1.043324
695600 299.694763 -75.438637 -20789.644531 3352.768799 54679.382812 1.043324
695700 299.694733 -75.438797 -20789.644531 3352.768555 54679.382812 1.043324
695800 299.694733 -75.438431 -20789.642578 3352.768555 54679.382812 1.043324
695900 299.694733 -75.437950 -20789.642578 3352.768555 54679.382812 1.043324
696000 299.694733 -75.437790 -20789.642578 3352.768555 54679.382812 1.043324
696100 299.694763 -75.438957 -20789.642578 3352.768799 54679.382812 1.043324
696200 299.694733 -75.440689 -20789.644531 3352.768555 54679.386719 1.043324
696300 299.694733 -75.441452 -20789.644531 3352.768555 54679.386719 1.043324
696400 299.694733 -75.441551 -20789.644531 3352.768555 54679.382812 1.043324
696500 299.694733 -75.440598 -20789.644531 3352.768555 54679.382812 1.043324
696600 299.694733 -75.439537 -20789.646484 3352.768555 54679.382812 1.043324
696700 299.694733 -75.439346 -20789.646484 3352.768555 54679.382812 1.043324
696800 299.694733 -75.439438 -20789.646484 3352.768555 54679.382812 1.043324
696900 299.694733 -75.440514 -20789.646484 3352.768555 54679.386719 1.043324
697000 299.694733 -75.440857 -20789.646484 3352.768555 54679.386719 1.043324
697100 299.694733 -75.441360 -20789.646484 3352.768555 54679.386719 1.043324
697200 299.694733 -75.442253 -20789.646484 3352.768555 54679.386719 1.043324
697300 299.694733 -75.442780 -20789.644531 3352.768555 54679.386719 1.043324
697400 299.694733 -75.443962 -20789.646484 3352.768555 54679.386719 1.043324
697500 299.694733 -75.444992 -20789.646484 3352.768555 54679.386719 1.043324
697600 299.694733 -75.445686 -20789.648438 3352.768555 54679.394531 1.043323
697700 299.694733 -75.446259 -20789.648438 3352.768555 54679.394531 1.043323
697800 299.694733 -75.447884 -20789.652344 3352.768555 54679.382812 1.043324
697900 299.694763 -75.449348 -20789.654297 3352.768799 54679.382812 1.043324
698000 299.694763 -75.450211 -20789.656250 3352.768799 54679.382812 1.043324
698100 299.694733 -75.452438 -20789.658203 3352.768555 54679.371094 1.043324
698200 299.694763 -75.454117 -20789.658203 3352.768799 54679.371094 1.043324
698300 299.694763 -75.455070 -20789.658203 3352.768799 54679.371094 1.043324
698400 299.694763 -75.454857 -20789.660156 3352.768799 54679.367188 1.043324
698500 299.694763 -75.454437 -20789.660156 3352.768799 54679.367188 1.043324
698600 299.694763 -75.455055 -20789.660156 3352.768799 54679.367188 1.043324
698700 299.694763 -75.455658 -20789.660156 3352.768799 54679.367188 1.043324
698800 299.694763 -75.456520 -20789.662109 3352.768799 54679.367188 1.043324
698900 299.694763 -75.457153 -20789.662109 3352.768799 54679.363281 1.043324
699000 299.694763 -75.457047 -20789.664062 3352.768799 54679.363281 1.043324
699100 299.694763 -75.457314 -20789.666016 3352.768799 54679.363281 1.043324
699200 299.694763 -75.458206 -20789.666016 3352.768799 54679.355469 1.043324
699300 299.694763 -75.458572 -20789.666016 3352.768799 54679.355469 1.043324
699400 299.694763 -75.459946 -20789.667969 3352.768799 54679.355469 1.043324
699500 299.694763 -75.460655 -20789.667969 3352.768799 54679.355469 1.043324
699600 299.694733 -75.461655 -20789.669922 3352.768555 54679.355469 1.043324
699700 299.694733 -75.461555 -20789.669922 3352.768555 54679.355469 1.043324
699800 299.694733 -75.461121 -20789.669922 3352.768555 54679.363281 1.043324
699900 299.694733 -75.460236 -20789.667969 3352.768555 54679.363281 1.043324
700000 299.694733 -75.459831 -20789.669922 3352.768555 54679.363281 1.043324
