# Time-averaged data for fix thermo_detailed
# TimeStep v_temp v_press v_pe v_ke v_vol v_dens
600100 299.943939 -15.330688 -20331.328125 3355.556641 54660.746094 1.043679
600200 299.266815 158.191208 -20329.113281 3347.981201 54343.589844 1.049770
600300 299.126770 153.306305 -20368.259766 3346.414795 54341.230469 1.049816
600400 299.064331 146.189484 -20391.595703 3345.716309 54367.105469 1.049316
600500 299.021545 139.104736 -20406.781250 3345.237305 54404.027344 1.048604
600600 298.986176 133.116470 -20416.482422 3344.841797 54440.496094 1.047902
600700 298.954407 128.347321 -20422.451172 3344.486328 54472.726562 1.047282
600800 298.925232 124.645363 -20425.929688 3344.159912 54500.023438 1.046757
600900 298.898407 121.784416 -20427.816406 3343.859863 54522.839844 1.046319
601000 298.874054 119.561897 -20428.712891 3343.587402 54541.878906 1.045954
601100 298.852081 117.811249 -20429.027344 3343.341553 54557.847656 1.045648
601200 298.832489 116.410576 -20429.007812 3343.122314 54571.304688 1.045390
601300 298.815186 115.275818 -20428.814453 3342.928711 54582.687500 1.045172
601400 298.800018 114.334267 -20428.537109 3342.759277 54592.390625 1.044986
601500 298.786835 113.552673 -20428.230469 3342.611816 54600.652344 1.044828
601600 298.775391 112.893829 -20427.917969 3342.483643 54607.718750 1.044693
601700 298.765594 112.332947 -20427.630859 3342.374268 54613.750000 1.044577
601800 298.757202 111.857208 -20427.365234 3342.280029 54618.910156 1.044479
601900 298.749969 111.448387 -20427.121094 3342.199219 54623.332031 1.044394
602000 298.743774 111.097977 -20426.906250 3342.129883 54627.125000 1.044322
602100 298.738434 110.793976 -20426.714844 3342.070068 54630.386719 1.044259
602200 298.733917 110.533249 -20426.546875 3342.019531 54633.167969 1.044206
602300 298.729980 110.301582 -20426.398438 3341.975586 54635.597656 1.044160
602400 298.726593 110.103149 -20426.267578 3341.937500 54637.695312 1.044120
602500 298.723724 109.925079 -20426.156250 3341.905518 54639.500000 1.044085
602600 298.721191 109.767387 -20426.060547 3341.877197 54641.101562 1.044055
602700 298.718964 109.627235 -20425.974609 3341.852295 54642.484375 1.044028
602800 298.717041 109.500977 -20425.900391 3341.831055 54643.714844 1.044005
602900 298.715363 109.382965 -20425.839844 3341.812012 54644.804688 1.043984
603000 298.713898 109.281792 -20425.781250 3341.795654 54645.734375 1.043966
603100 298.712585 109.192108 -20425.734375 3341.781006 54646.558594 1.043950
603200 298.711426 109.108498 -20425.689453 3341.768311 54647.296875 1.043936
603300 298.710327 109.029549 -20425.650391 3341.755615 54647.992188 1.043923
603400 298.709412 108.957375 -20425.619141 3341.745361 54648.605469 1.043911
603500 298.708588 108.896057 -20425.582031 3341.736084 54649.132812 1.043901
603600 298.707794 108.840347 -20425.550781 3341.727539 54649.621094 1.043892
603700 298.707092 108.779694 -20425.523438 3341.719727 54650.085938 1.043883
603800 298.706482 108.733307 -20425.498047 3341.712646 54650.472656 1.043875
603900 298.705902 108.682976 -20425.476562 3341.706543 54650.863281 1.043868
604000 298.705383 108.635239 -20425.457031 3341.700439 54651.218750 1.043861
604100 298.704895 108.593704 -20425.439453 3341.694824 54651.531250 1.043855
604200 298.704468 108.555649 -20425.423828 3341.690186 54651.832031 1.043850
604300 298.704071 108.518364 -20425.410156 3341.686035 54652.105469 1.043844
604400 298.703705 108.481285 -20425.394531 3341.681641 54652.355469 1.043840
604500 298.703369 108.450241 -20425.384766 3341.677979 54652.578125 1.043835
604600 298.703064 108.421326 -20425.371094 3341.674316 54652.804688 1.043831
604700 298.702789 108.395027 -20425.359375 3341.671387 54652.992188 1.043827
604800 298.702545 108.365990 -20425.345703 3341.668701 54653.175781 1.043824
604900 298.702301 108.343002 -20425.335938 3341.666260 54653.343750 1.043821
605000 298.702087 108.316902 -20425.330078 3341.663574 54653.511719 1.043818
605100 298.701874 108.296738 -20425.320312 3341.661133 54653.660156 1.043815
605200 298.701660 108.275703 -20425.316406 3341.658936 54653.812500 1.043812
605300 298.701538 108.257355 -20425.310547 3341.657471 54653.914062 1.043810
605400 298.701355 108.235703 -20425.302734 3341.655518 54654.039062 1.043807
605500 298.701233 108.218170 -20425.296875 3341.653809 54654.160156 1.043805
605600 298.701080 108.207497 -20425.291016 3341.652344 54654.261719 1.043803
605700 298.700989 108.196838 -20425.283203 3341.651367 54654.351562 1.043801
605800 298.700867 108.177879 -20425.279297 3341.649902 54654.460938 1.043799
605900 298.700714 108.162514 -20425.277344 3341.648193 54654.562500 1.043797
606000 298.700623 108.150093 -20425.277344 3341.647217 54654.652344 1.043796
606100 298.700562 108.136902 -20425.275391 3341.646729 54654.738281 1.043794
606200 298.700470 108.127289 -20425.273438 3341.645752 54654.824219 1.043792
606300 298.700439 108.116356 -20425.277344 3341.645020 54654.890625 1.043791
606400 298.700378 108.104538 -20425.273438 3341.644287 54654.960938 1.043790
606500 298.700317 108.093445 -20425.271484 3341.643799 54655.023438 1.043789
606600 298.700256 108.087166 -20425.269531 3341.643066 54655.082031 1.043787
606700 298.700226 108.080528 -20425.269531 3341.642578 54655.136719 1.043786
606800 298.700165 108.073189 -20425.263672 3341.642090 54655.199219 1.043785
606900 298.700104 108.063980 -20425.263672 3341.641357 54655.269531 1.043784
607000 298.700073 108.058487 -20425.269531 3341.641113 54655.316406 1.043783
607100 298.700043 108.052132 -20425.267578 3341.640625 54655.355469 1.043782
607200 298.700012 108.046211 -20425.271484 3341.640381 54655.402344 1.043781
607300 298.700012 108.037674 -20425.271484 3341.640381 54655.445312 1.043781
607400 298.700012 108.028984 -20425.273438 3341.640381 54655.496094 1.043780
607500 298.699951 108.023285 -20425.271484 3341.639648 54655.531250 1.043779
607600 298.699921 108.017265 -20425.269531 3341.639404 54655.574219 1.043778
607700 298.699921 108.010117 -20425.271484 3341.639404 54655.621094 1.043777
607800 298.699860 108.005821 -20425.275391 3341.638672 54655.667969 1.043776
607900 298.699890 108.000275 -20425.279297 3341.639160 54655.691406 1.043776
608000 298.699890 107.998062 -20425.281250 3341.639160 54655.722656 1.043775
608100 298.699860 107.995682 -20425.279297 3341.638672 54655.750000 1.043775
608200 298.699829 107.988647 -20425.281250 3341.638428 54655.781250 1.043774
608300 298.699860 107.986755 -20425.279297 3341.638672 54655.800781 1.043774
608400 298.699799 107.981873 -20425.277344 3341.638184 54655.847656 1.043773
608500 298.699799 107.980141 -20425.277344 3341.638184 54655.875000 1.043772
608600 298.699799 107.975975 -20425.279297 3341.638184 54655.898438 1.043772
608700 298.699829 107.972839 -20425.285156 3341.638428 54655.910156 1.043772
608800 298.699829 107.967690 -20425.287109 3341.638428 54655.941406 1.043771
608900 298.699829 107.963318 -20425.289062 3341.638428 54655.972656 1.043770
609000 298.699799 107.958649 -20425.292969 3341.638184 54656.000000 1.043770
609100 298.699860 107.956245 -20425.296875 3341.638672 54656.019531 1.043770
609200 298.699829 107.953217 -20425.296875 3341.638428 54656.054688 1.043769
609300 298.699799 107.949951 -20425.296875 3341.638184 54656.078125 1.043769
609400 298.699799 107.947548 -20425.298828 3341.638184 54656.093750 1.043768
609500 298.699860 107.946152 -20425.304688 3341.638672 54656.109375 1.043768
609600 298.699890 107.945755 -20425.304688 3341.639160 54656.101562 1.043768
609700 298.699890 107.945168 -20425.302734 3341.639160 54656.101562 1.043768
609800 298.699921 107.943359 -20425.300781 3341.639404 54656.117188 1.043768
609900 298.699921 107.943382 -20425.300781 3341.639404 54656.125000 1.043768
610000 298.699921 107.942139 -20425.300781 3341.639404 54656.140625 1.043767
610100 298.699921 107.941116 -20425.300781 3341.639404 54656.144531 1.043767
610200 298.699951 107.939667 -20425.302734 3341.639648 54656.148438 1.043767
610300 298.699951 107.932663 -20425.302734 3341.639648 54656.179688 1.043766
610400 298.699951 107.929619 -20425.304688 3341.639648 54656.207031 1.043766
610500 298.699982 107.927925 -20425.308594 3341.640137 54656.210938 1.043766
610600 298.700012 107.925797 -20425.312500 3341.640381 54656.226562 1.043766
610700 298.700012 107.923332 -20425.322266 3341.640381 54656.230469 1.043766
610800 298.700043 107.920128 -20425.324219 3341.640625 54656.238281 1.043765
610900 298.700043 107.919754 -20425.326172 3341.640625 54656.246094 1.043765
611000 298.700043 107.921173 -20425.326172 3341.640625 54656.261719 1.043765
611100 298.700043 107.919899 -20425.330078 3341.640625 54656.289062 1.043764
611200 298.700043 107.919052 -20425.332031 3341.640625 54656.304688 1.043764
611300 298.700043 107.917603 -20425.332031 3341.640625 54656.316406 1.043764
611400 298.700043 107.917976 -20425.333984 3341.640625 54656.320312 1.043764
611500 298.700043 107.918549 -20425.335938 3341.640625 54656.332031 1.043764
611600 298.700043 107.917763 -20425.335938 3341.640625 54656.347656 1.043763
611700 298.700073 107.915596 -20425.335938 3341.641113 54656.355469 1.043763
611800 298.700073 107.914612 -20425.337891 3341.641113 54656.355469 1.043763
611900 298.700073 107.914131 -20425.339844 3341.641113 54656.367188 1.043763
612000 298.700104 107.911110 -20425.343750 3341.641357 54656.382812 1.043763
612100 298.700104 107.907806 -20425.343750 3341.641357 54656.394531 1.043762
612200 298.700104 107.906593 -20425.345703 3341.641357 54656.410156 1.043762
612300 298.700134 107.907478 -20425.349609 3341.641602 54656.410156 1.043762
612400 298.700165 107.909439 -20425.351562 3341.642090 54656.414062 1.043762
612500 298.700165 107.906563 -20425.351562 3341.642090 54656.417969 1.043762
612600 298.700165 107.907318 -20425.351562 3341.642090 54656.417969 1.043762
612700 298.700195 107.909531 -20425.351562 3341.642334 54656.417969 1.043762
612800 298.700226 107.909615 -20425.351562 3341.642578 54656.417969 1.043762
612900 298.700226 107.911293 -20425.349609 3341.642578 54656.417969 1.043762
613000 298.700256 107.911613 -20425.351562 3341.643066 54656.417969 1.043762
613100 298.700287 107.913010 -20425.353516 3341.643311 54656.417969 1.043762
613200 298.700287 107.912735 -20425.357422 3341.643311 54656.437500 1.043762
613300 298.700287 107.911034 -20425.355469 3341.643311 54656.449219 1.043761
613400 298.700317 107.911957 -20425.357422 3341.643799 54656.449219 1.043761
613500 298.700317 107.909981 -20425.359375 3341.643799 54656.453125 1.043761
613600 298.700317 107.907372 -20425.359375 3341.643799 54656.453125 1.043761
613700 298.700317 107.906586 -20425.363281 3341.643799 54656.453125 1.043761
613800 298.700348 107.905998 -20425.365234 3341.644043 54656.460938 1.043761
613900 298.700348 107.904938 -20425.365234 3341.644043 54656.468750 1.043761
614000 298.700378 107.905006 -20425.367188 3341.644287 54656.476562 1.043761
614100 298.700348 107.903519 -20425.365234 3341.644043 54656.476562 1.043761
614200 298.700348 107.902817 -20425.363281 3341.644043 54656.480469 1.043761
614300 298.700378 107.901894 -20425.363281 3341.644287 54656.476562 1.043761
614400 298.700378 107.902283 -20425.363281 3341.644287 54656.476562 1.043761
614500 298.700348 107.903000 -20425.361328 3341.644043 54656.476562 1.043761
614600 298.700378 107.905464 -20425.363281 3341.644287 54656.476562 1.043761
614700 298.700409 107.905426 -20425.363281 3341.644775 54656.476562 1.043761
614800 298.700409 107.904526 -20425.363281 3341.644775 54656.480469 1.043761
614900 298.700409 107.903931 -20425.363281 3341.644775 54656.480469 1.043761
615000 298.700439 107.903679 -20425.363281 3341.645020 54656.480469 1.043761
615100 298.700439 107.901627 -20425.363281 3341.645020 54656.492188 1.043761
615200 298.700439 107.902901 -20425.363281 3341.645020 54656.500000 1.043760
615300 298.700439 107.903702 -20425.363281 3341.645020 54656.500000 1.043760
615400 298.700470 107.903748 -20425.365234 3341.645752 54656.500000 1.043760
615500 298.700470 107.903061 -20425.367188 3341.645752 54656.500000 1.043760
615600 298.700500 107.904114 -20425.367188 3341.645996 54656.500000 1.043760
615700 298.700500 107.903885 -20425.371094 3341.645996 54656.507812 1.043760
615800 298.700500 107.902611 -20425.375000 3341.645996 54656.511719 1.043760
615900 298.700531 107.902626 -20425.378906 3341.646240 54656.511719 1.043760
616000 298.700531 107.904503 -20425.382812 3341.646240 54656.511719 1.043760
616100 298.700531 107.905670 -20425.384766 3341.646240 54656.511719 1.043760
616200 298.700562 107.905037 -20425.388672 3341.646729 54656.511719 1.043760
616300 298.700562 107.903816 -20425.390625 3341.646729 54656.507812 1.043760
616400 298.700562 107.903038 -20425.392578 3341.646729 54656.507812 1.043760
616500 298.700592 107.903061 -20425.390625 3341.646973 54656.507812 1.043760
616600 298.700592 107.902748 -20425.390625 3341.646973 54656.507812 1.043760
616700 298.700592 107.901253 -20425.394531 3341.646973 54656.511719 1.043760
616800 298.700592 107.900543 -20425.396484 3341.646973 54656.515625 1.043760
616900 298.700592 107.900505 -20425.396484 3341.646973 54656.523438 1.043760
617000 298.700623 107.901855 -20425.396484 3341.647217 54656.523438 1.043760
617100 298.700623 107.901901 -20425.398438 3341.647217 54656.523438 1.043760
617200 298.700623 107.900291 -20425.396484 3341.647217 54656.539062 1.043760
617300 298.700623 107.897850 -20425.394531 3341.647217 54656.542969 1.043760
617400 298.700592 107.897186 -20425.394531 3341.646973 54656.546875 1.043759
617500 298.700592 107.896492 -20425.394531 3341.646973 54656.554688 1.043759
617600 298.700592 107.895401 -20425.394531 3341.646973 54656.562500 1.043759
617700 298.700592 107.895126 -20425.392578 3341.646973 54656.570312 1.043759
617800 298.700592 107.896568 -20425.392578 3341.646973 54656.570312 1.043759
617900 298.700592 107.897614 -20425.394531 3341.646973 54656.574219 1.043759
618000 298.700592 107.897522 -20425.394531 3341.646973 54656.570312 1.043759
618100 298.700592 107.896080 -20425.394531 3341.646973 54656.574219 1.043759
618200 298.700592 107.896561 -20425.398438 3341.646973 54656.574219 1.043759
618300 298.700623 107.897118 -20425.396484 3341.647217 54656.574219 1.043759
618400 298.700623 107.898186 -20425.396484 3341.647217 54656.574219 1.043759
618500 298.700592 107.898895 -20425.396484 3341.646973 54656.574219 1.043759
618600 298.700623 107.899307 -20425.398438 3341.647217 54656.574219 1.043759
618700 298.700623 107.898392 -20425.396484 3341.647217 54656.578125 1.043759
618800 298.700623 107.898232 -20425.398438 3341.647217 54656.578125 1.043759
618900 298.700653 107.898460 -20425.400391 3341.647705 54656.574219 1.043759
619000 298.700653 107.899010 -20425.400391 3341.647705 54656.574219 1.043759
619100 298.700653 107.898735 -20425.400391 3341.647705 54656.574219 1.043759
619200 298.700684 107.897499 -20425.402344 3341.647949 54656.574219 1.043759
619300 298.700653 107.896515 -20425.402344 3341.647705 54656.574219 1.043759
619400 298.700653 107.896011 -20425.402344 3341.647705 54656.578125 1.043759
619500 298.700653 107.896721 -20425.400391 3341.647705 54656.578125 1.043759
619600 298.700653 107.897408 -20425.402344 3341.647705 54656.578125 1.043759
619700 298.700684 107.897911 -20425.406250 3341.647949 54656.578125 1.043759
619800 298.700684 107.897133 -20425.406250 3341.647949 54656.578125 1.043759
619900 298.700684 107.896400 -20425.406250 3341.647949 54656.578125 1.043759
620000 298.700684 107.896408 -20425.406250 3341.647949 54656.578125 1.043759
620100 298.700714 107.896034 -20425.404297 3341.648193 54656.578125 1.043759
620200 298.700684 107.894066 -20425.402344 3341.647949 54656.589844 1.043759
620300 298.700684 107.894020 -20425.400391 3341.647949 54656.593750 1.043759
620400 298.700684 107.894897 -20425.398438 3341.647949 54656.593750 1.043759
620500 298.700684 107.895378 -20425.398438 3341.647949 54656.589844 1.043759
620600 298.700653 107.894958 -20425.396484 3341.647705 54656.593750 1.043759
620700 298.700653 107.894409 -20425.394531 3341.647705 54656.593750 1.043759
620800 298.700653 107.894157 -20425.394531 3341.647705 54656.593750 1.043759
620900 298.700684 107.894249 -20425.398438 3341.647949 54656.589844 1.043759
621000 298.700684 107.893654 -20425.398438 3341.647949 54656.593750 1.043759
621100 298.700684 107.893768 -20425.400391 3341.647949 54656.593750 1.043759
621200 298.700684 107.893677 -20425.400391 3341.647949 54656.593750 1.043759
621300 298.700714 107.892769 -20425.400391 3341.648193 54656.593750 1.043759
621400 298.700714 107.892349 -20425.398438 3341.648193 54656.601562 1.043759
621500 298.700684 107.892303 -20425.398438 3341.647949 54656.601562 1.043759
621600 298.700684 107.892334 -20425.398438 3341.647949 54656.601562 1.043759
621700 298.700684 107.892532 -20425.398438 3341.647949 54656.601562 1.043759
621800 298.700684 107.890450 -20425.398438 3341.647949 54656.605469 1.043758
621900 298.700684 107.891800 -20425.398438 3341.647949 54656.605469 1.043758
622000 298.700684 107.891899 -20425.398438 3341.647949 54656.605469 1.043758
622100 298.700714 107.890984 -20425.398438 3341.648193 54656.609375 1.043758
622200 298.700714 107.890747 -20425.398438 3341.648193 54656.609375 1.043758
622300 298.700714 107.890335 -20425.398438 3341.648193 54656.609375 1.043758
622400 298.700714 107.889969 -20425.398438 3341.648193 54656.621094 1.043758
622500 298.700714 107.889465 -20425.398438 3341.648193 54656.625000 1.043758
622600 298.700714 107.889244 -20425.398438 3341.648193 54656.625000 1.043758
622700 298.700714 107.888115 -20425.398438 3341.648193 54656.625000 1.043758
622800 298.700714 107.887436 -20425.400391 3341.648193 54656.625000 1.043758
622900 298.700745 107.887253 -20425.402344 3341.648682 54656.625000 1.043758
623000 298.700745 107.887482 -20425.404297 3341.648682 54656.621094 1.043758
623100 298.700745 107.887894 -20425.402344 3341.648682 54656.621094 1.043758
623200 298.700745 107.887794 -20425.404297 3341.648682 54656.609375 1.043758
623300 298.700775 107.887360 -20425.404297 3341.648926 54656.609375 1.043758
623400 298.700775 107.887085 -20425.406250 3341.648926 54656.609375 1.043758
623500 298.700775 107.886520 -20425.406250 3341.648926 54656.605469 1.043758
623600 298.700806 107.886192 -20425.406250 3341.649414 54656.605469 1.043758
623700 298.700806 107.886284 -20425.406250 3341.649414 54656.605469 1.043758
623800 298.700806 107.886353 -20425.406250 3341.649414 54656.605469 1.043758
623900 298.700806 107.886452 -20425.404297 3341.649414 54656.605469 1.043758
624000 298.700806 107.886284 -20425.404297 3341.649414 54656.605469 1.043758
624100 298.700806 107.886215 -20425.404297 3341.649414 54656.605469 1.043758
624200 298.700806 107.886261 -20425.404297 3341.649414 54656.605469 1.043758
624300 298.700806 107.886269 -20425.402344 3341.649414 54656.609375 1.043758
624400 298.700775 107.886330 -20425.402344 3341.648926 54656.609375 1.043758
624500 298.700775 107.886261 -20425.400391 3341.648926 54656.609375 1.043758
624600 298.700775 107.886246 -20425.402344 3341.648926 54656.609375 1.043758
624700 298.700775 107.886497 -20425.402344 3341.648926 54656.609375 1.043758
624800 298.700806 107.886589 -20425.402344 3341.649414 54656.609375 1.043758
624900 298.700775 107.886719 -20425.402344 3341.648926 54656.609375 1.043758
625000 298.700806 107.886749 -20425.404297 3341.649414 54656.609375 1.043758
625100 298.700806 107.887230 -20425.404297 3341.649414 54656.609375 1.043758
625200 298.700775 107.887268 -20425.404297 3341.648926 54656.609375 1.043758
625300 298.700775 107.887230 -20425.406250 3341.648926 54656.609375 1.043758
625400 298.700775 107.887199 -20425.406250 3341.648926 54656.609375 1.043758
625500 298.700775 107.887253 -20425.406250 3341.648926 54656.609375 1.043758
625600 298.700775 107.886902 -20425.406250 3341.648926 54656.609375 1.043758
625700 298.700775 107.886467 -20425.406250 3341.648926 54656.621094 1.043758
625800 298.700775 107.886269 -20425.404297 3341.648926 54656.621094 1.043758
625900 298.700775 107.886673 -20425.404297 3341.648926 54656.621094 1.043758
626000 298.700775 107.886902 -20425.404297 3341.648926 54656.621094 1.043758
626100 298.700775 107.887016 -20425.404297 3341.648926 54656.621094 1.043758
626200 298.700775 107.886627 -20425.404297 3341.648926 54656.625000 1.043758
626300 298.700775 107.886612 -20425.404297 3341.648926 54656.625000 1.043758
626400 298.700775 107.886635 -20425.404297 3341.648926 54656.621094 1.043758
626500 298.700775 107.887314 -20425.406250 3341.648926 54656.625000 1.043758
626600 298.700775 107.887566 -20425.404297 3341.648926 54656.625000 1.043758
626700 298.700775 107.887154 -20425.406250 3341.648926 54656.625000 1.043758
626800 298.700775 107.887047 -20425.406250 3341.648926 54656.625000 1.043758
626900 298.700775 107.887245 -20425.406250 3341.648926 54656.625000 1.043758
627000 298.700775 107.887360 -20425.406250 3341.648926 54656.625000 1.043758
627100 298.700775 107.887367 -20425.406250 3341.648926 54656.625000 1.043758
627200 298.700775 107.887428 -20425.406250 3341.648926 54656.625000 1.043758
627300 298.700775 107.887642 -20425.406250 3341.648926 54656.625000 1.043758
627400 298.700806 107.887733 -20425.406250 3341.649414 54656.625000 1.043758
627500 298.700806 107.888069 -20425.406250 3341.649414 54656.625000 1.043758
627600 298.700775 107.887360 -20425.406250 3341.648926 54656.625000 1.043758
627700 298.700775 107.887085 -20425.406250 3341.648926 54656.625000 1.043758
627800 298.700775 107.886971 -20425.406250 3341.648926 54656.625000 1.043758
627900 298.700775 107.886520 -20425.404297 3341.648926 54656.625000 1.043758
628000 298.700775 107.886513 -20425.404297 3341.648926 54656.625000 1.043758
628100 298.700775 107.886513 -20425.404297 3341.648926 54656.625000 1.043758
628200 298.700775 107.886559 -20425.404297 3341.648926 54656.625000 1.043758
628300 298.700775 107.887703 -20425.404297 3341.648926 54656.625000 1.043758
628400 298.700775 107.888374 -20425.404297 3341.648926 54656.625000 1.043758
628500 298.700775 107.888580 -20425.404297 3341.648926 54656.625000 1.043758
628600 298.700775 107.888718 -20425.404297 3341.648926 54656.625000 1.043758
628700 298.700775 107.888779 -20425.404297 3341.648926 54656.625000 1.043758
628800 298.700775 107.888756 -20425.404297 3341.648926 54656.625000 1.043758
628900 298.700775 107.888756 -20425.406250 3341.648926 54656.625000 1.043758
629000 298.700775 107.889565 -20425.404297 3341.648926 54656.625000 1.043758
629100 298.700775 107.888878 -20425.406250 3341.648926 54656.625000 1.043758
629200 298.700806 107.888504 -20425.406250 3341.649414 54656.621094 1.043758
629300 298.700806 107.888145 -20425.406250 3341.649414 54656.621094 1.043758
629400 298.700806 107.887817 -20425.406250 3341.649414 54656.621094 1.043758
629500 298.700806 107.887665 -20425.408203 3341.649414 54656.621094 1.043758
629600 298.700806 107.887611 -20425.408203 3341.649414 54656.621094 1.043758
629700 298.700806 107.887573 -20425.408203 3341.649414 54656.621094 1.043758
629800 298.700806 107.887611 -20425.408203 3341.649414 54656.621094 1.043758
629900 298.700806 107.887520 -20425.406250 3341.649414 54656.625000 1.043758
630000 298.700775 107.887451 -20425.406250 3341.648926 54656.625000 1.043758
630100 298.700775 107.887619 -20425.406250 3341.648926 54656.625000 1.043758
630200 298.700775 107.887108 -20425.404297 3341.648926 54656.625000 1.043758
630300 298.700775 107.886742 -20425.404297 3341.648926 54656.632812 1.043758
630400 298.700775 107.886604 -20425.404297 3341.648926 54656.632812 1.043758
630500 298.700775 107.885574 -20425.404297 3341.648926 54656.636719 1.043758
630600 298.700775 107.885048 -20425.404297 3341.648926 54656.636719 1.043758
630700 298.700775 107.884796 -20425.404297 3341.648926 54656.636719 1.043758
630800 298.700775 107.884392 -20425.404297 3341.648926 54656.640625 1.043758
630900 298.700775 107.884178 -20425.406250 3341.648926 54656.640625 1.043758
631000 298.700775 107.884163 -20425.406250 3341.648926 54656.640625 1.043758
631100 298.700775 107.884087 -20425.406250 3341.648926 54656.640625 1.043758
631200 298.700775 107.884071 -20425.406250 3341.648926 54656.640625 1.043758
631300 298.700775 107.884041 -20425.406250 3341.648926 54656.640625 1.043758
631400 298.700775 107.884041 -20425.406250 3341.648926 54656.640625 1.043758
631500 298.700775 107.884018 -20425.406250 3341.648926 54656.640625 1.043758
631600 298.700775 107.884026 -20425.406250 3341.648926 54656.640625 1.043758
631700 298.700775 107.883652 -20425.406250 3341.648926 54656.640625 1.043758
631800 298.700775 107.884232 -20425.406250 3341.648926 54656.640625 1.043758
631900 298.700775 107.885490 -20425.406250 3341.648926 54656.636719 1.043758
632000 298.700775 107.886040 -20425.406250 3341.648926 54656.636719 1.043758
632100 298.700775 107.886360 -20425.406250 3341.648926 54656.636719 1.043758
632200 298.700775 107.886650 -20425.404297 3341.648926 54656.636719 1.043758
632300 298.700745 107.886559 -20425.404297 3341.648682 54656.636719 1.043758
632400 298.700745 107.886269 -20425.404297 3341.648682 54656.640625 1.043758
632500 298.700745 107.886375 -20425.402344 3341.648682 54656.640625 1.043758
632600 298.700745 107.886108 -20425.404297 3341.648682 54656.640625 1.043758
632700 298.700745 107.886108 -20425.404297 3341.648682 54656.640625 1.043758
632800 298.700745 107.886009 -20425.404297 3341.648682 54656.640625 1.043758
632900 298.700745 107.885986 -20425.404297 3341.648682 54656.640625 1.043758
633000 298.700745 107.886009 -20425.404297 3341.648682 54656.640625 1.043758
633100 298.700745 107.886032 -20425.404297 3341.648682 54656.640625 1.043758
633200 298.700745 107.886032 -20425.404297 3341.648682 54656.640625 1.043758
633300 298.700745 107.886055 -20425.404297 3341.648682 54656.640625 1.043758
633400 298.700745 107.886040 -20425.404297 3341.648682 54656.640625 1.043758
633500 298.700745 107.886055 -20425.404297 3341.648682 54656.640625 1.043758
633600 298.700745 107.886055 -20425.404297 3341.648682 54656.640625 1.043758
633700 298.700745 107.886055 -20425.404297 3341.648682 54656.640625 1.043758
633800 298.700745 107.886055 -20425.404297 3341.648682 54656.640625 1.043758
633900 298.700745 107.885689 -20425.404297 3341.648682 54656.640625 1.043758
634000 298.700745 107.885376 -20425.404297 3341.648682 54656.652344 1.043758
634100 298.700745 107.885689 -20425.404297 3341.648682 54656.640625 1.043758
634200 298.700745 107.885857 -20425.406250 3341.648682 54656.640625 1.043758
634300 298.700745 107.885963 -20425.406250 3341.648682 54656.640625 1.043758
634400 298.700775 107.886009 -20425.406250 3341.648926 54656.640625 1.043758
634500 298.700775 107.886032 -20425.406250 3341.648926 54656.640625 1.043758
634600 298.700775 107.886490 -20425.406250 3341.648926 54656.640625 1.043758
634700 298.700775 107.886658 -20425.406250 3341.648926 54656.636719 1.043758
634800 298.700775 107.886719 -20425.406250 3341.648926 54656.636719 1.043758
634900 298.700775 107.886719 -20425.406250 3341.648926 54656.636719 1.043758
635000 298.700775 107.886856 -20425.406250 3341.648926 54656.636719 1.043758
635100 298.700775 107.886856 -20425.406250 3341.648926 54656.636719 1.043758
635200 298.700775 107.886787 -20425.408203 3341.648926 54656.636719 1.043758
635300 298.700775 107.886765 -20425.408203 3341.648926 54656.636719 1.043758
635400 298.700775 107.886429 -20425.408203 3341.648926 54656.636719 1.043758
635500 298.700775 107.886215 -20425.408203 3341.648926 54656.636719 1.043758
635600 298.700775 107.886055 -20425.408203 3341.648926 54656.636719 1.043758
635700 298.700775 107.885986 -20425.408203 3341.648926 54656.636719 1.043758
635800 298.700775 107.885948 -20425.408203 3341.648926 54656.636719 1.043758
635900 298.700775 107.885918 -20425.408203 3341.648926 54656.636719 1.043758
636000 298.700775 107.885895 -20425.408203 3341.648926 54656.636719 1.043758
636100 298.700775 107.885880 -20425.408203 3341.648926 54656.636719 1.043758
636200 298.700775 107.885872 -20425.408203 3341.648926 54656.636719 1.043758
636300 298.700775 107.885895 -20425.408203 3341.648926 54656.636719 1.043758
636400 298.700775 107.885895 -20425.408203 3341.648926 54656.636719 1.043758
636500 298.700775 107.885895 -20425.408203 3341.648926 54656.636719 1.043758
636600 298.700775 107.885941 -20425.408203 3341.648926 54656.636719 1.043758
636700 298.700775 107.885941 -20425.408203 3341.648926 54656.636719 1.043758
636800 298.700775 107.885925 -20425.408203 3341.648926 54656.636719 1.043758
636900 298.700775 107.885925 -20425.408203 3341.648926 54656.636719 1.043758
637000 298.700775 107.885941 -20425.408203 3341.648926 54656.636719 1.043758
637100 298.700775 107.886032 -20425.408203 3341.648926 54656.636719 1.043758
637200 298.700775 107.885742 -20425.408203 3341.648926 54656.636719 1.043758
637300 298.700806 107.885895 -20425.408203 3341.649414 54656.636719 1.043758
637400 298.700806 107.885559 -20425.408203 3341.649414 54656.636719 1.043758
637500 298.700806 107.885353 -20425.408203 3341.649414 54656.632812 1.043758
637600 298.700806 107.885254 -20425.408203 3341.649414 54656.632812 1.043758
637700 298.700806 107.885185 -20425.408203 3341.649414 54656.632812 1.043758
637800 298.700806 107.885170 -20425.408203 3341.649414 54656.632812 1.043758
637900 298.700806 107.885170 -20425.408203 3341.649414 54656.632812 1.043758
638000 298.700806 107.885193 -20425.408203 3341.649414 54656.632812 1.043758
638100 298.700806 107.885208 -20425.408203 3341.649414 54656.632812 1.043758
638200 298.700806 107.885216 -20425.408203 3341.649414 54656.632812 1.043758
638300 298.700806 107.885231 -20425.408203 3341.649414 54656.632812 1.043758
638400 298.700806 107.885231 -20425.408203 3341.649414 54656.632812 1.043758
638500 298.700806 107.885239 -20425.408203 3341.649414 54656.632812 1.043758
638600 298.700806 107.885239 -20425.408203 3341.649414 54656.632812 1.043758
638700 298.700806 107.885231 -20425.408203 3341.649414 54656.632812 1.043758
638800 298.700806 107.885239 -20425.408203 3341.649414 54656.632812 1.043758
638900 298.700806 107.885239 -20425.408203 3341.649414 54656.632812 1.043758
639000 298.700806 107.885231 -20425.408203 3341.649414 54656.632812 1.043758
639100 298.700806 107.885239 -20425.408203 3341.649414 54656.632812 1.043758
639200 298.700806 107.885239 -20425.408203 3341.649414 54656.632812 1.043758
639300 298.700806 107.885231 -20425.408203 3341.649414 54656.632812 1.043758
639400 298.700806 107.885239 -20425.408203 3341.649414 54656.632812 1.043758
639500 298.700806 107.885239 -20425.408203 3341.649414 54656.632812 1.043758
639600 298.700806 107.885254 -20425.408203 3341.649414 54656.632812 1.043758
639700 298.700806 107.885254 -20425.408203 3341.649414 54656.632812 1.043758
639800 298.700806 107.885239 -20425.408203 3341.649414 54656.632812 1.043758
639900 298.700806 107.885254 -20425.408203 3341.649414 54656.632812 1.043758
640000 298.700806 107.885300 -20425.408203 3341.649414 54656.632812 1.043758
640100 298.700806 107.885834 -20425.408203 3341.649414 54656.632812 1.043758
640200 298.700806 107.886444 -20425.408203 3341.649414 54656.632812 1.043758
640300 298.700806 107.886681 -20425.410156 3341.649414 54656.632812 1.043758
640400 298.700806 107.886566 -20425.410156 3341.649414 54656.632812 1.043758
640500 298.700806 107.886475 -20425.410156 3341.649414 54656.625000 1.043758
640600 298.700806 107.886421 -20425.412109 3341.649414 54656.625000 1.043758
640700 298.700806 107.886398 -20425.412109 3341.649414 54656.625000 1.043758
640800 298.700806 107.886383 -20425.412109 3341.649414 54656.625000 1.043758
640900 298.700806 107.886520 -20425.412109 3341.649414 54656.625000 1.043758
641000 298.700806 107.886909 -20425.410156 3341.649414 54656.625000 1.043758
641100 298.700806 107.887070 -20425.410156 3341.649414 54656.625000 1.043758
641200 298.700806 107.886650 -20425.410156 3341.649414 54656.632812 1.043758
641300 298.700806 107.886475 -20425.408203 3341.649414 54656.632812 1.043758
641400 298.700806 107.886337 -20425.408203 3341.649414 54656.632812 1.043758
641500 298.700806 107.886169 -20425.408203 3341.649414 54656.632812 1.043758
641600 298.700806 107.886017 -20425.408203 3341.649414 54656.632812 1.043758
641700 298.700806 107.885941 -20425.408203 3341.649414 54656.632812 1.043758
641800 298.700806 107.885536 -20425.410156 3341.649414 54656.632812 1.043758
641900 298.700806 107.885300 -20425.410156 3341.649414 54656.632812 1.043758
642000 298.700806 107.885124 -20425.410156 3341.649414 54656.636719 1.043758
642100 298.700806 107.885033 -20425.410156 3341.649414 54656.636719 1.043758
642200 298.700806 107.884987 -20425.410156 3341.649414 54656.636719 1.043758
642300 298.700806 107.884956 -20425.410156 3341.649414 54656.636719 1.043758
642400 298.700806 107.884933 -20425.410156 3341.649414 54656.636719 1.043758
642500 298.700806 107.884918 -20425.410156 3341.649414 54656.636719 1.043758
642600 298.700806 107.884895 -20425.410156 3341.649414 54656.636719 1.043758
642700 298.700806 107.884895 -20425.410156 3341.649414 54656.636719 1.043758
642800 298.700806 107.884888 -20425.408203 3341.649414 54656.636719 1.043758
642900 298.700806 107.884888 -20425.408203 3341.649414 54656.636719 1.043758
643000 298.700806 107.884888 -20425.408203 3341.649414 54656.636719 1.043758
643100 298.700806 107.884888 -20425.408203 3341.649414 54656.636719 1.043758
643200 298.700806 107.884872 -20425.408203 3341.649414 54656.636719 1.043758
643300 298.700806 107.884872 -20425.408203 3341.649414 54656.636719 1.043758
643400 298.700806 107.884872 -20425.408203 3341.649414 54656.636719 1.043758
643500 298.700806 107.884872 -20425.408203 3341.649414 54656.636719 1.043758
643600 298.700806 107.884872 -20425.408203 3341.649414 54656.636719 1.043758
643700 298.700806 107.884872 -20425.408203 3341.649414 54656.636719 1.043758
643800 298.700806 107.884872 -20425.408203 3341.649414 54656.636719 1.043758
643900 298.700806 107.884872 -20425.408203 3341.649414 54656.636719 1.043758
644000 298.700806 107.884872 -20425.408203 3341.649414 54656.636719 1.043758
644100 298.700806 107.884872 -20425.408203 3341.649414 54656.636719 1.043758
644200 298.700806 107.884872 -20425.408203 3341.649414 54656.636719 1.043758
644300 298.700806 107.884872 -20425.408203 3341.649414 54656.636719 1.043758
644400 298.700806 107.884872 -20425.408203 3341.649414 54656.636719 1.043758
644500 298.700806 107.884888 -20425.408203 3341.649414 54656.636719 1.043758
644600 298.700806 107.884872 -20425.408203 3341.649414 54656.636719 1.043758
644700 298.700806 107.884872 -20425.408203 3341.649414 54656.636719 1.043758
644800 298.700806 107.884872 -20425.408203 3341.649414 54656.636719 1.043758
644900 298.700806 107.884872 -20425.408203 3341.649414 54656.636719 1.043758
645000 298.700806 107.884872 -20425.408203 3341.649414 54656.636719 1.043758
645100 298.700806 107.884872 -20425.408203 3341.649414 54656.636719 1.043758
645200 298.700806 107.884872 -20425.408203 3341.649414 54656.636719 1.043758
645300 298.700806 107.884872 -20425.408203 3341.649414 54656.636719 1.043758
645400 298.700806 107.884872 -20425.408203 3341.649414 54656.636719 1.043758
645500 298.700806 107.884872 -20425.408203 3341.649414 54656.636719 1.043758
645600 298.700806 107.884872 -20425.408203 3341.649414 54656.636719 1.043758
645700 298.700806 107.884872 -20425.408203 3341.649414 54656.636719 1.043758
645800 298.700806 107.885071 -20425.410156 3341.649414 54656.636719 1.043758
645900 298.700775 107.885971 -20425.412109 3341.648926 54656.636719 1.043758
646000 298.700775 107.886467 -20425.412109 3341.648926 54656.640625 1.043758
646100 298.700775 107.886818 -20425.412109 3341.648926 54656.640625 1.043758
646200 298.700806 107.888779 -20425.412109 3341.649414 54656.640625 1.043758
646300 298.700806 107.889809 -20425.412109 3341.649414 54656.636719 1.043758
646400 298.700806 107.890404 -20425.410156 3341.649414 54656.636719 1.043758
646500 298.700775 107.890839 -20425.410156 3341.648926 54656.636719 1.043758
646600 298.700775 107.891098 -20425.410156 3341.648926 54656.636719 1.043758
646700 298.700775 107.891258 -20425.410156 3341.648926 54656.636719 1.043758
646800 298.700806 107.892097 -20425.412109 3341.649414 54656.636719 1.043758
646900 298.700806 107.892303 -20425.412109 3341.649414 54656.636719 1.043758
647000 298.700806 107.892326 -20425.412109 3341.649414 54656.636719 1.043758
647100 298.700806 107.892372 -20425.412109 3341.649414 54656.636719 1.043758
647200 298.700806 107.892395 -20425.412109 3341.649414 54656.632812 1.043758
647300 298.700806 107.892426 -20425.412109 3341.649414 54656.632812 1.043758
647400 298.700806 107.892448 -20425.412109 3341.649414 54656.632812 1.043758
647500 298.700806 107.892464 -20425.412109 3341.649414 54656.632812 1.043758
647600 298.700806 107.892509 -20425.412109 3341.649414 54656.632812 1.043758
647700 298.700806 107.892509 -20425.412109 3341.649414 54656.632812 1.043758
647800 298.700806 107.892509 -20425.412109 3341.649414 54656.632812 1.043758
647900 298.700806 107.892509 -20425.412109 3341.649414 54656.632812 1.043758
648000 298.700806 107.892509 -20425.412109 3341.649414 54656.632812 1.043758
648100 298.700806 107.892517 -20425.412109 3341.649414 54656.632812 1.043758
648200 298.700806 107.892532 -20425.412109 3341.649414 54656.632812 1.043758
648300 298.700806 107.892517 -20425.412109 3341.649414 54656.632812 1.043758
648400 298.700806 107.892532 -20425.412109 3341.649414 54656.632812 1.043758
648500 298.700806 107.892532 -20425.412109 3341.649414 54656.632812 1.043758
648600 298.700806 107.892532 -20425.412109 3341.649414 54656.632812 1.043758
648700 298.700806 107.892532 -20425.412109 3341.649414 54656.632812 1.043758
648800 298.700806 107.892532 -20425.412109 3341.649414 54656.632812 1.043758
648900 298.700806 107.892532 -20425.412109 3341.649414 54656.632812 1.043758
649000 298.700806 107.892532 -20425.412109 3341.649414 54656.632812 1.043758
649100 298.700806 107.892532 -20425.412109 3341.649414 54656.632812 1.043758
649200 298.700806 107.892532 -20425.412109 3341.649414 54656.632812 1.043758
649300 298.700806 107.892532 -20425.412109 3341.649414 54656.632812 1.043758
649400 298.700806 107.892532 -20425.412109 3341.649414 54656.632812 1.043758
649500 298.700806 107.892532 -20425.412109 3341.649414 54656.632812 1.043758
649600 298.700806 107.892532 -20425.412109 3341.649414 54656.632812 1.043758
649700 298.700806 107.892517 -20425.412109 3341.649414 54656.632812 1.043758
649800 298.700806 107.892517 -20425.412109 3341.649414 54656.632812 1.043758
649900 298.700806 107.892532 -20425.412109 3341.649414 54656.632812 1.043758
650000 298.700806 107.892532 -20425.412109 3341.649414 54656.632812 1.043758
650100 298.700806 107.892532 -20425.412109 3341.649414 54656.632812 1.043758
650200 298.700806 107.892532 -20425.412109 3341.649414 54656.632812 1.043758
650300 298.700806 107.892532 -20425.412109 3341.649414 54656.632812 1.043758
650400 298.700806 107.892517 -20425.412109 3341.649414 54656.632812 1.043758
650500 298.700806 107.892532 -20425.412109 3341.649414 54656.632812 1.043758
650600 298.700806 107.892532 -20425.412109 3341.649414 54656.632812 1.043758
650700 298.700806 107.892532 -20425.412109 3341.649414 54656.632812 1.043758
650800 298.700806 107.892532 -20425.412109 3341.649414 54656.632812 1.043758
650900 298.700806 107.892532 -20425.412109 3341.649414 54656.632812 1.043758
651000 298.700806 107.892532 -20425.412109 3341.649414 54656.632812 1.043758
651100 298.700806 107.892532 -20425.412109 3341.649414 54656.632812 1.043758
651200 298.700806 107.892532 -20425.412109 3341.649414 54656.632812 1.043758
651300 298.700806 107.892532 -20425.412109 3341.649414 54656.632812 1.043758
651400 298.700806 107.892532 -20425.412109 3341.649414 54656.632812 1.043758
651500 298.700806 107.892532 -20425.412109 3341.649414 54656.632812 1.043758
651600 298.700806 107.892532 -20425.412109 3341.649414 54656.632812 1.043758
651700 298.700806 107.892532 -20425.412109 3341.649414 54656.632812 1.043758
651800 298.700806 107.892532 -20425.412109 3341.649414 54656.632812 1.043758
651900 298.700806 107.892532 -20425.412109 3341.649414 54656.632812 1.043758
652000 298.700806 107.892532 -20425.412109 3341.649414 54656.632812 1.043758
652100 298.700806 107.892532 -20425.412109 3341.649414 54656.632812 1.043758
652200 298.700806 107.892532 -20425.412109 3341.649414 54656.632812 1.043758
652300 298.700806 107.892532 -20425.412109 3341.649414 54656.632812 1.043758
652400 298.700806 107.892532 -20425.412109 3341.649414 54656.632812 1.043758
652500 298.700806 107.892532 -20425.412109 3341.649414 54656.632812 1.043758
652600 298.700806 107.892532 -20425.412109 3341.649414 54656.632812 1.043758
652700 298.700806 107.892532 -20425.412109 3341.649414 54656.632812 1.043758
652800 298.700806 107.892532 -20425.412109 3341.649414 54656.632812 1.043758
652900 298.700806 107.892532 -20425.412109 3341.649414 54656.632812 1.043758
653000 298.700806 107.892532 -20425.412109 3341.649414 54656.632812 1.043758
653100 298.700806 107.892532 -20425.412109 3341.649414 54656.632812 1.043758
653200 298.700806 107.892532 -20425.412109 3341.649414 54656.632812 1.043758
653300 298.700806 107.892532 -20425.412109 3341.649414 54656.632812 1.043758
653400 298.700806 107.892532 -20425.412109 3341.649414 54656.632812 1.043758
653500 298.700806 107.892532 -20425.412109 3341.649414 54656.632812 1.043758
653600 298.700806 107.892532 -20425.412109 3341.649414 54656.632812 1.043758
653700 298.700806 107.892532 -20425.412109 3341.649414 54656.632812 1.043758
653800 298.700806 107.892532 -20425.412109 3341.649414 54656.632812 1.043758
653900 298.700806 107.892532 -20425.412109 3341.649414 54656.632812 1.043758
654000 298.700806 107.892532 -20425.412109 3341.649414 54656.632812 1.043758
654100 298.700806 107.892532 -20425.412109 3341.649414 54656.632812 1.043758
654200 298.700806 107.892532 -20425.412109 3341.649414 54656.632812 1.043758
654300 298.700806 107.892532 -20425.412109 3341.649414 54656.632812 1.043758
654400 298.700806 107.892532 -20425.412109 3341.649414 54656.632812 1.043758
654500 298.700806 107.892532 -20425.412109 3341.649414 54656.632812 1.043758
654600 298.700806 107.892532 -20425.412109 3341.649414 54656.632812 1.043758
654700 298.700806 107.892532 -20425.412109 3341.649414 54656.632812 1.043758
654800 298.700806 107.892532 -20425.412109 3341.649414 54656.632812 1.043758
654900 298.700806 107.892532 -20425.412109 3341.649414 54656.632812 1.043758
655000 298.700806 107.892532 -20425.412109 3341.649414 54656.632812 1.043758
655100 298.700806 107.892532 -20425.412109 3341.649414 54656.632812 1.043758
655200 298.700806 107.892532 -20425.412109 3341.649414 54656.632812 1.043758
655300 298.700806 107.892532 -20425.412109 3341.649414 54656.632812 1.043758
655400 298.700806 107.892532 -20425.412109 3341.649414 54656.632812 1.043758
655500 298.700806 107.892532 -20425.412109 3341.649414 54656.632812 1.043758
655600 298.700806 107.892532 -20425.412109 3341.649414 54656.632812 1.043758
655700 298.700806 107.892532 -20425.412109 3341.649414 54656.632812 1.043758
655800 298.700806 107.892532 -20425.412109 3341.649414 54656.632812 1.043758
655900 298.700806 107.892532 -20425.412109 3341.649414 54656.632812 1.043758
656000 298.700806 107.892532 -20425.412109 3341.649414 54656.632812 1.043758
656100 298.700806 107.892532 -20425.412109 3341.649414 54656.632812 1.043758
656200 298.700806 107.892532 -20425.412109 3341.649414 54656.632812 1.043758
656300 298.700806 107.892532 -20425.412109 3341.649414 54656.632812 1.043758
656400 298.700806 107.892532 -20425.412109 3341.649414 54656.632812 1.043758
656500 298.700806 107.892532 -20425.412109 3341.649414 54656.632812 1.043758
656600 298.700806 107.892532 -20425.412109 3341.649414 54656.632812 1.043758
656700 298.700806 107.892532 -20425.412109 3341.649414 54656.632812 1.043758
656800 298.700806 107.892532 -20425.412109 3341.649414 54656.632812 1.043758
656900 298.700806 107.892532 -20425.412109 3341.649414 54656.632812 1.043758
657000 298.700806 107.892532 -20425.412109 3341.649414 54656.632812 1.043758
657100 298.700806 107.892532 -20425.412109 3341.649414 54656.632812 1.043758
657200 298.700806 107.892532 -20425.412109 3341.649414 54656.632812 1.043758
657300 298.700806 107.892532 -20425.412109 3341.649414 54656.632812 1.043758
657400 298.700806 107.892532 -20425.412109 3341.649414 54656.632812 1.043758
657500 298.700806 107.892532 -20425.412109 3341.649414 54656.632812 1.043758
657600 298.700806 107.892532 -20425.412109 3341.649414 54656.632812 1.043758
657700 298.700806 107.892532 -20425.412109 3341.649414 54656.632812 1.043758
657800 298.700806 107.892532 -20425.412109 3341.649414 54656.632812 1.043758
657900 298.700806 107.892532 -20425.412109 3341.649414 54656.632812 1.043758
658000 298.700806 107.892532 -20425.412109 3341.649414 54656.632812 1.043758
658100 298.700806 107.892532 -20425.412109 3341.649414 54656.632812 1.043758
658200 298.700806 107.892532 -20425.412109 3341.649414 54656.632812 1.043758
658300 298.700806 107.892532 -20425.412109 3341.649414 54656.632812 1.043758
658400 298.700806 107.892532 -20425.412109 3341.649414 54656.632812 1.043758
658500 298.700806 107.892532 -20425.412109 3341.649414 54656.632812 1.043758
658600 298.700806 107.892532 -20425.412109 3341.649414 54656.632812 1.043758
658700 298.700806 107.892532 -20425.412109 3341.649414 54656.632812 1.043758
658800 298.700806 107.892532 -20425.412109 3341.649414 54656.632812 1.043758
658900 298.700806 107.892532 -20425.412109 3341.649414 54656.632812 1.043758
659000 298.700806 107.892532 -20425.412109 3341.649414 54656.632812 1.043758
659100 298.700806 107.892532 -20425.412109 3341.649414 54656.632812 1.043758
659200 298.700806 107.892532 -20425.412109 3341.649414 54656.632812 1.043758
659300 298.700806 107.892532 -20425.412109 3341.649414 54656.632812 1.043758
659400 298.700806 107.892532 -20425.412109 3341.649414 54656.632812 1.043758
659500 298.700806 107.892532 -20425.412109 3341.649414 54656.632812 1.043758
659600 298.700806 107.892532 -20425.412109 3341.649414 54656.632812 1.043758
659700 298.700806 107.892532 -20425.412109 3341.649414 54656.632812 1.043758
659800 298.700806 107.892532 -20425.412109 3341.649414 54656.632812 1.043758
659900 298.700806 107.892532 -20425.412109 3341.649414 54656.632812 1.043758
660000 298.700806 107.892532 -20425.412109 3341.649414 54656.632812 1.043758
660100 298.700806 107.892532 -20425.412109 3341.649414 54656.632812 1.043758
660200 298.700806 107.892532 -20425.412109 3341.649414 54656.632812 1.043758
660300 298.700806 107.892532 -20425.412109 3341.649414 54656.632812 1.043758
660400 298.700806 107.892532 -20425.412109 3341.649414 54656.632812 1.043758
660500 298.700806 107.892532 -20425.412109 3341.649414 54656.632812 1.043758
660600 298.700806 107.892532 -20425.412109 3341.649414 54656.632812 1.043758
660700 298.700806 107.892532 -20425.412109 3341.649414 54656.632812 1.043758
660800 298.700806 107.892532 -20425.412109 3341.649414 54656.632812 1.043758
660900 298.700806 107.892532 -20425.412109 3341.649414 54656.632812 1.043758
661000 298.700806 107.892532 -20425.412109 3341.649414 54656.632812 1.043758
661100 298.700806 107.892532 -20425.412109 3341.649414 54656.632812 1.043758
661200 298.700806 107.892532 -20425.412109 3341.649414 54656.632812 1.043758
661300 298.700806 107.892532 -20425.412109 3341.649414 54656.632812 1.043758
661400 298.700806 107.892532 -20425.412109 3341.649414 54656.632812 1.043758
661500 298.700806 107.892532 -20425.412109 3341.649414 54656.632812 1.043758
661600 298.700806 107.892532 -20425.412109 3341.649414 54656.632812 1.043758
661700 298.700806 107.892532 -20425.412109 3341.649414 54656.632812 1.043758
661800 298.700806 107.892532 -20425.412109 3341.649414 54656.632812 1.043758
661900 298.700806 107.892532 -20425.412109 3341.649414 54656.632812 1.043758
662000 298.700806 107.892532 -20425.412109 3341.649414 54656.632812 1.043758
662100 298.700806 107.892532 -20425.412109 3341.649414 54656.632812 1.043758
662200 298.700806 107.892532 -20425.412109 3341.649414 54656.632812 1.043758
662300 298.700806 107.892532 -20425.412109 3341.649414 54656.632812 1.043758
662400 298.700806 107.892532 -20425.412109 3341.649414 54656.632812 1.043758
662500 298.700806 107.892532 -20425.412109 3341.649414 54656.632812 1.043758
662600 298.700806 107.892532 -20425.412109 3341.649414 54656.632812 1.043758
662700 298.700806 107.892532 -20425.412109 3341.649414 54656.632812 1.043758
662800 298.700806 107.892532 -20425.412109 3341.649414 54656.632812 1.043758
662900 298.700806 107.892532 -20425.412109 3341.649414 54656.632812 1.043758
663000 298.700806 107.892532 -20425.412109 3341.649414 54656.632812 1.043758
663100 298.700806 107.892532 -20425.412109 3341.649414 54656.632812 1.043758
663200 298.700806 107.892532 -20425.412109 3341.649414 54656.632812 1.043758
663300 298.700806 107.892532 -20425.412109 3341.649414 54656.632812 1.043758
663400 298.700806 107.892532 -20425.412109 3341.649414 54656.632812 1.043758
663500 298.700806 107.892532 -20425.412109 3341.649414 54656.632812 1.043758
663600 298.700806 107.892532 -20425.412109 3341.649414 54656.632812 1.043758
663700 298.700806 107.892532 -20425.412109 3341.649414 54656.632812 1.043758
663800 298.700806 107.892532 -20425.412109 3341.649414 54656.632812 1.043758
663900 298.700806 107.892532 -20425.412109 3341.649414 54656.632812 1.043758
664000 298.700806 107.892532 -20425.412109 3341.649414 54656.632812 1.043758
664100 298.700806 107.892532 -20425.412109 3341.649414 54656.632812 1.043758
664200 298.700806 107.892532 -20425.412109 3341.649414 54656.632812 1.043758
664300 298.700806 107.892532 -20425.412109 3341.649414 54656.632812 1.043758
664400 298.700806 107.892532 -20425.412109 3341.649414 54656.632812 1.043758
664500 298.700806 107.892532 -20425.412109 3341.649414 54656.632812 1.043758
664600 298.700806 107.892532 -20425.412109 3341.649414 54656.632812 1.043758
664700 298.700806 107.892532 -20425.412109 3341.649414 54656.632812 1.043758
664800 298.700806 107.892532 -20425.412109 3341.649414 54656.632812 1.043758
664900 298.700806 107.892532 -20425.412109 3341.649414 54656.632812 1.043758
665000 298.700806 107.892532 -20425.412109 3341.649414 54656.632812 1.043758
665100 298.700806 107.892532 -20425.412109 3341.649414 54656.632812 1.043758
665200 298.700806 107.892532 -20425.412109 3341.649414 54656.632812 1.043758
665300 298.700806 107.892532 -20425.412109 3341.649414 54656.632812 1.043758
665400 298.700806 107.892532 -20425.412109 3341.649414 54656.632812 1.043758
665500 298.700806 107.892532 -20425.412109 3341.649414 54656.632812 1.043758
665600 298.700806 107.892532 -20425.412109 3341.649414 54656.632812 1.043758
665700 298.700806 107.892532 -20425.412109 3341.649414 54656.632812 1.043758
665800 298.700806 107.892532 -20425.412109 3341.649414 54656.632812 1.043758
665900 298.700806 107.892532 -20425.412109 3341.649414 54656.632812 1.043758
666000 298.700806 107.892532 -20425.412109 3341.649414 54656.632812 1.043758
666100 298.700806 107.892532 -20425.412109 3341.649414 54656.632812 1.043758
666200 298.700806 107.892532 -20425.412109 3341.649414 54656.632812 1.043758
666300 298.700806 107.892532 -20425.412109 3341.649414 54656.632812 1.043758
666400 298.700806 107.892532 -20425.412109 3341.649414 54656.632812 1.043758
666500 298.700806 107.892532 -20425.412109 3341.649414 54656.632812 1.043758
666600 298.700806 107.892532 -20425.412109 3341.649414 54656.632812 1.043758
666700 298.700806 107.892532 -20425.412109 3341.649414 54656.632812 1.043758
666800 298.700806 107.892532 -20425.412109 3341.649414 54656.632812 1.043758
666900 298.700806 107.892532 -20425.412109 3341.649414 54656.632812 1.043758
667000 298.700806 107.892532 -20425.412109 3341.649414 54656.632812 1.043758
667100 298.700806 107.892532 -20425.412109 3341.649414 54656.632812 1.043758
667200 298.700806 107.892532 -20425.412109 3341.649414 54656.632812 1.043758
667300 298.700806 107.892532 -20425.412109 3341.649414 54656.632812 1.043758
667400 298.700806 107.892532 -20425.412109 3341.649414 54656.632812 1.043758
667500 298.700806 107.892532 -20425.412109 3341.649414 54656.632812 1.043758
667600 298.700806 107.892532 -20425.412109 3341.649414 54656.632812 1.043758
667700 298.700806 107.892532 -20425.412109 3341.649414 54656.632812 1.043758
667800 298.700806 107.892532 -20425.412109 3341.649414 54656.632812 1.043758
667900 298.700806 107.892532 -20425.412109 3341.649414 54656.632812 1.043758
668000 298.700806 107.892532 -20425.412109 3341.649414 54656.632812 1.043758
668100 298.700806 107.892532 -20425.412109 3341.649414 54656.632812 1.043758
668200 298.700806 107.892532 -20425.412109 3341.649414 54656.632812 1.043758
668300 298.700806 107.892532 -20425.412109 3341.649414 54656.632812 1.043758
668400 298.700806 107.892532 -20425.412109 3341.649414 54656.632812 1.043758
668500 298.700806 107.892532 -20425.412109 3341.649414 54656.632812 1.043758
668600 298.700806 107.892532 -20425.412109 3341.649414 54656.632812 1.043758
668700 298.700806 107.892532 -20425.412109 3341.649414 54656.632812 1.043758
668800 298.700806 107.892532 -20425.412109 3341.649414 54656.632812 1.043758
668900 298.700806 107.892532 -20425.412109 3341.649414 54656.632812 1.043758
669000 298.700806 107.892532 -20425.412109 3341.649414 54656.632812 1.043758
669100 298.700806 107.892532 -20425.412109 3341.649414 54656.632812 1.043758
669200 298.700806 107.892532 -20425.412109 3341.649414 54656.632812 1.043758
669300 298.700806 107.892532 -20425.412109 3341.649414 54656.632812 1.043758
669400 298.700806 107.892532 -20425.412109 3341.649414 54656.632812 1.043758
669500 298.700806 107.892532 -20425.412109 3341.649414 54656.632812 1.043758
669600 298.700806 107.892532 -20425.412109 3341.649414 54656.632812 1.043758
669700 298.700806 107.892532 -20425.412109 3341.649414 54656.632812 1.043758
669800 298.700806 107.892532 -20425.412109 3341.649414 54656.632812 1.043758
669900 298.700806 107.892532 -20425.412109 3341.649414 54656.632812 1.043758
670000 298.700806 107.892532 -20425.412109 3341.649414 54656.632812 1.043758
670100 298.700806 107.892532 -20425.412109 3341.649414 54656.632812 1.043758
670200 298.700806 107.892532 -20425.412109 3341.649414 54656.632812 1.043758
670300 298.700806 107.892532 -20425.412109 3341.649414 54656.632812 1.043758
670400 298.700806 107.892532 -20425.412109 3341.649414 54656.632812 1.043758
670500 298.700806 107.892532 -20425.412109 3341.649414 54656.632812 1.043758
670600 298.700806 107.892532 -20425.412109 3341.649414 54656.632812 1.043758
670700 298.700806 107.892532 -20425.412109 3341.649414 54656.632812 1.043758
670800 298.700806 107.892532 -20425.412109 3341.649414 54656.632812 1.043758
670900 298.700806 107.892532 -20425.412109 3341.649414 54656.632812 1.043758
671000 298.700806 107.892532 -20425.412109 3341.649414 54656.632812 1.043758
671100 298.700806 107.892532 -20425.412109 3341.649414 54656.632812 1.043758
671200 298.700806 107.892532 -20425.412109 3341.649414 54656.632812 1.043758
671300 298.700806 107.892532 -20425.412109 3341.649414 54656.632812 1.043758
671400 298.700806 107.892532 -20425.412109 3341.649414 54656.632812 1.043758
671500 298.700806 107.892532 -20425.412109 3341.649414 54656.632812 1.043758
671600 298.700806 107.892532 -20425.412109 3341.649414 54656.632812 1.043758
671700 298.700806 107.892532 -20425.412109 3341.649414 54656.632812 1.043758
671800 298.700806 107.892532 -20425.412109 3341.649414 54656.632812 1.043758
671900 298.700806 107.892532 -20425.412109 3341.649414 54656.632812 1.043758
672000 298.700806 107.892532 -20425.412109 3341.649414 54656.632812 1.043758
672100 298.700806 107.892532 -20425.412109 3341.649414 54656.632812 1.043758
672200 298.700806 107.892532 -20425.412109 3341.649414 54656.632812 1.043758
672300 298.700806 107.892532 -20425.412109 3341.649414 54656.632812 1.043758
672400 298.700806 107.892532 -20425.412109 3341.649414 54656.632812 1.043758
672500 298.700806 107.892532 -20425.412109 3341.649414 54656.632812 1.043758
672600 298.700806 107.892532 -20425.412109 3341.649414 54656.632812 1.043758
672700 298.700806 107.892532 -20425.412109 3341.649414 54656.632812 1.043758
672800 298.700806 107.892532 -20425.412109 3341.649414 54656.632812 1.043758
672900 298.700806 107.892532 -20425.412109 3341.649414 54656.632812 1.043758
673000 298.700806 107.892532 -20425.412109 3341.649414 54656.632812 1.043758
673100 298.700806 107.892532 -20425.412109 3341.649414 54656.632812 1.043758
673200 298.700806 107.892532 -20425.412109 3341.649414 54656.632812 1.043758
673300 298.700806 107.892532 -20425.412109 3341.649414 54656.632812 1.043758
673400 298.700806 107.892532 -20425.412109 3341.649414 54656.632812 1.043758
673500 298.700806 107.892532 -20425.412109 3341.649414 54656.632812 1.043758
673600 298.700806 107.892532 -20425.412109 3341.649414 54656.632812 1.043758
673700 298.700806 107.892532 -20425.412109 3341.649414 54656.632812 1.043758
673800 298.700806 107.892532 -20425.412109 3341.649414 54656.632812 1.043758
673900 298.700806 107.892532 -20425.412109 3341.649414 54656.632812 1.043758
674000 298.700806 107.892532 -20425.412109 3341.649414 54656.632812 1.043758
674100 298.700806 107.892532 -20425.412109 3341.649414 54656.632812 1.043758
674200 298.700806 107.892532 -20425.412109 3341.649414 54656.632812 1.043758
674300 298.700806 107.892532 -20425.412109 3341.649414 54656.632812 1.043758
674400 298.700806 107.892532 -20425.412109 3341.649414 54656.632812 1.043758
674500 298.700806 107.892532 -20425.412109 3341.649414 54656.632812 1.043758
674600 298.700806 107.892532 -20425.412109 3341.649414 54656.632812 1.043758
674700 298.700806 107.892532 -20425.412109 3341.649414 54656.632812 1.043758
674800 298.700806 107.892532 -20425.412109 3341.649414 54656.632812 1.043758
674900 298.700806 107.892532 -20425.412109 3341.649414 54656.632812 1.043758
675000 298.700806 107.892532 -20425.412109 3341.649414 54656.632812 1.043758
675100 298.700806 107.892532 -20425.412109 3341.649414 54656.632812 1.043758
675200 298.700806 107.892532 -20425.412109 3341.649414 54656.632812 1.043758
675300 298.700806 107.892532 -20425.412109 3341.649414 54656.632812 1.043758
675400 298.700806 107.892532 -20425.412109 3341.649414 54656.632812 1.043758
675500 298.700806 107.892532 -20425.412109 3341.649414 54656.632812 1.043758
675600 298.700806 107.892532 -20425.412109 3341.649414 54656.632812 1.043758
675700 298.700806 107.892532 -20425.412109 3341.649414 54656.632812 1.043758
675800 298.700806 107.892532 -20425.412109 3341.649414 54656.632812 1.043758
675900 298.700806 107.892532 -20425.412109 3341.649414 54656.632812 1.043758
676000 298.700806 107.892532 -20425.412109 3341.649414 54656.632812 1.043758
676100 298.700806 107.892532 -20425.412109 3341.649414 54656.632812 1.043758
676200 298.700806 107.892532 -20425.412109 3341.649414 54656.632812 1.043758
676300 298.700806 107.892532 -20425.412109 3341.649414 54656.632812 1.043758
676400 298.700806 107.892532 -20425.412109 3341.649414 54656.632812 1.043758
676500 298.700806 107.892532 -20425.412109 3341.649414 54656.632812 1.043758
676600 298.700806 107.892532 -20425.412109 3341.649414 54656.632812 1.043758
676700 298.700806 107.892532 -20425.412109 3341.649414 54656.632812 1.043758
676800 298.700806 107.892532 -20425.412109 3341.649414 54656.632812 1.043758
676900 298.700806 107.892532 -20425.412109 3341.649414 54656.632812 1.043758
677000 298.700806 107.892532 -20425.412109 3341.649414 54656.632812 1.043758
677100 298.700806 107.892532 -20425.412109 3341.649414 54656.632812 1.043758
677200 298.700806 107.892532 -20425.412109 3341.649414 54656.632812 1.043758
677300 298.700806 107.892532 -20425.412109 3341.649414 54656.632812 1.043758
677400 298.700806 107.892532 -20425.412109 3341.649414 54656.632812 1.043758
677500 298.700806 107.892532 -20425.412109 3341.649414 54656.632812 1.043758
677600 298.700806 107.892532 -20425.412109 3341.649414 54656.632812 1.043758
677700 298.700806 107.892532 -20425.412109 3341.649414 54656.632812 1.043758
677800 298.700806 107.892532 -20425.412109 3341.649414 54656.632812 1.043758
677900 298.700806 107.892532 -20425.412109 3341.649414 54656.632812 1.043758
678000 298.700806 107.892532 -20425.412109 3341.649414 54656.632812 1.043758
678100 298.700806 107.892532 -20425.412109 3341.649414 54656.632812 1.043758
678200 298.700806 107.892532 -20425.412109 3341.649414 54656.632812 1.043758
678300 298.700806 107.892532 -20425.412109 3341.649414 54656.632812 1.043758
678400 298.700806 107.892532 -20425.412109 3341.649414 54656.632812 1.043758
678500 298.700806 107.892532 -20425.412109 3341.649414 54656.632812 1.043758
678600 298.700806 107.892532 -20425.412109 3341.649414 54656.632812 1.043758
678700 298.700806 107.892532 -20425.412109 3341.649414 54656.632812 1.043758
678800 298.700806 107.892532 -20425.412109 3341.649414 54656.632812 1.043758
678900 298.700806 107.892532 -20425.412109 3341.649414 54656.632812 1.043758
679000 298.700806 107.892532 -20425.412109 3341.649414 54656.632812 1.043758
679100 298.700806 107.892532 -20425.412109 3341.649414 54656.632812 1.043758
679200 298.700806 107.892532 -20425.412109 3341.649414 54656.632812 1.043758
679300 298.700806 107.892532 -20425.412109 3341.649414 54656.632812 1.043758
679400 298.700806 107.892532 -20425.412109 3341.649414 54656.632812 1.043758
679500 298.700806 107.892532 -20425.412109 3341.649414 54656.632812 1.043758
679600 298.700806 107.892532 -20425.412109 3341.649414 54656.632812 1.043758
679700 298.700806 107.892532 -20425.412109 3341.649414 54656.632812 1.043758
679800 298.700806 107.892532 -20425.412109 3341.649414 54656.632812 1.043758
679900 298.700806 107.892532 -20425.412109 3341.649414 54656.632812 1.043758
680000 298.700806 107.892532 -20425.412109 3341.649414 54656.632812 1.043758
680100 298.700806 107.892532 -20425.412109 3341.649414 54656.632812 1.043758
680200 298.700806 107.892532 -20425.412109 3341.649414 54656.632812 1.043758
680300 298.700806 107.892532 -20425.412109 3341.649414 54656.632812 1.043758
680400 298.700806 107.892532 -20425.412109 3341.649414 54656.632812 1.043758
680500 298.700806 107.892532 -20425.412109 3341.649414 54656.632812 1.043758
680600 298.700806 107.892532 -20425.412109 3341.649414 54656.632812 1.043758
680700 298.700806 107.892532 -20425.412109 3341.649414 54656.632812 1.043758
680800 298.700806 107.892532 -20425.412109 3341.649414 54656.632812 1.043758
680900 298.700806 107.892532 -20425.412109 3341.649414 54656.632812 1.043758
681000 298.700806 107.892532 -20425.412109 3341.649414 54656.632812 1.043758
681100 298.700806 107.892532 -20425.412109 3341.649414 54656.632812 1.043758
681200 298.700806 107.892532 -20425.412109 3341.649414 54656.632812 1.043758
681300 298.700806 107.892532 -20425.412109 3341.649414 54656.632812 1.043758
681400 298.700806 107.892532 -20425.412109 3341.649414 54656.632812 1.043758
681500 298.700806 107.892532 -20425.412109 3341.649414 54656.632812 1.043758
681600 298.700806 107.892532 -20425.412109 3341.649414 54656.632812 1.043758
681700 298.700806 107.892532 -20425.412109 3341.649414 54656.632812 1.043758
681800 298.700806 107.892532 -20425.412109 3341.649414 54656.632812 1.043758
681900 298.700806 107.892532 -20425.412109 3341.649414 54656.632812 1.043758
682000 298.700806 107.892532 -20425.412109 3341.649414 54656.632812 1.043758
682100 298.700806 107.892532 -20425.412109 3341.649414 54656.632812 1.043758
682200 298.700806 107.892532 -20425.412109 3341.649414 54656.632812 1.043758
682300 298.700806 107.892532 -20425.412109 3341.649414 54656.632812 1.043758
682400 298.700806 107.892532 -20425.412109 3341.649414 54656.632812 1.043758
682500 298.700806 107.892532 -20425.412109 3341.649414 54656.632812 1.043758
682600 298.700806 107.892532 -20425.412109 3341.649414 54656.632812 1.043758
682700 298.700806 107.892532 -20425.412109 3341.649414 54656.632812 1.043758
682800 298.700806 107.892532 -20425.412109 3341.649414 54656.632812 1.043758
682900 298.700806 107.892532 -20425.412109 3341.649414 54656.632812 1.043758
683000 298.700806 107.892532 -20425.412109 3341.649414 54656.632812 1.043758
683100 298.700806 107.892532 -20425.412109 3341.649414 54656.632812 1.043758
683200 298.700806 107.892532 -20425.412109 3341.649414 54656.632812 1.043758
683300 298.700806 107.892532 -20425.412109 3341.649414 54656.632812 1.043758
683400 298.700806 107.892532 -20425.412109 3341.649414 54656.632812 1.043758
683500 298.700806 107.892532 -20425.412109 3341.649414 54656.632812 1.043758
683600 298.700806 107.892532 -20425.412109 3341.649414 54656.632812 1.043758
683700 298.700806 107.892532 -20425.412109 3341.649414 54656.632812 1.043758
683800 298.700806 107.892532 -20425.412109 3341.649414 54656.632812 1.043758
683900 298.700806 107.892532 -20425.412109 3341.649414 54656.632812 1.043758
684000 298.700806 107.892532 -20425.412109 3341.649414 54656.632812 1.043758
684100 298.700806 107.892532 -20425.412109 3341.649414 54656.632812 1.043758
684200 298.700806 107.892532 -20425.412109 3341.649414 54656.632812 1.043758
684300 298.700806 107.892532 -20425.412109 3341.649414 54656.632812 1.043758
684400 298.700806 107.892532 -20425.412109 3341.649414 54656.632812 1.043758
684500 298.700806 107.892532 -20425.412109 3341.649414 54656.632812 1.043758
684600 298.700806 107.892532 -20425.412109 3341.649414 54656.632812 1.043758
684700 298.700806 107.892532 -20425.412109 3341.649414 54656.632812 1.043758
684800 298.700806 107.892532 -20425.412109 3341.649414 54656.632812 1.043758
684900 298.700806 107.892532 -20425.412109 3341.649414 54656.632812 1.043758
685000 298.700806 107.892532 -20425.412109 3341.649414 54656.632812 1.043758
685100 298.700806 107.892532 -20425.412109 3341.649414 54656.632812 1.043758
685200 298.700806 107.892532 -20425.412109 3341.649414 54656.632812 1.043758
685300 298.700806 107.892532 -20425.412109 3341.649414 54656.632812 1.043758
685400 298.700806 107.892532 -20425.412109 3341.649414 54656.632812 1.043758
685500 298.700806 107.892532 -20425.412109 3341.649414 54656.632812 1.043758
685600 298.700806 107.892532 -20425.412109 3341.649414 54656.632812 1.043758
685700 298.700806 107.892532 -20425.412109 3341.649414 54656.632812 1.043758
685800 298.700806 107.892532 -20425.412109 3341.649414 54656.632812 1.043758
685900 298.700806 107.892532 -20425.412109 3341.649414 54656.632812 1.043758
686000 298.700806 107.892532 -20425.412109 3341.649414 54656.632812 1.043758
686100 298.700806 107.892532 -20425.412109 3341.649414 54656.632812 1.043758
686200 298.700806 107.892532 -20425.412109 3341.649414 54656.632812 1.043758
686300 298.700806 107.892532 -20425.412109 3341.649414 54656.632812 1.043758
686400 298.700806 107.892532 -20425.412109 3341.649414 54656.632812 1.043758
686500 298.700806 107.892532 -20425.412109 3341.649414 54656.632812 1.043758
686600 298.700806 107.892532 -20425.412109 3341.649414 54656.632812 1.043758
686700 298.700806 107.892532 -20425.412109 3341.649414 54656.632812 1.043758
686800 298.700806 107.892532 -20425.412109 3341.649414 54656.632812 1.043758
686900 298.700806 107.892532 -20425.412109 3341.649414 54656.632812 1.043758
687000 298.700806 107.892532 -20425.412109 3341.649414 54656.632812 1.043758
687100 298.700806 107.892532 -20425.412109 3341.649414 54656.632812 1.043758
687200 298.700806 107.892532 -20425.412109 3341.649414 54656.632812 1.043758
687300 298.700806 107.892532 -20425.412109 3341.649414 54656.632812 1.043758
687400 298.700806 107.892532 -20425.412109 3341.649414 54656.632812 1.043758
687500 298.700806 107.892532 -20425.412109 3341.649414 54656.632812 1.043758
687600 298.700806 107.892532 -20425.412109 3341.649414 54656.632812 1.043758
687700 298.700806 107.892532 -20425.412109 3341.649414 54656.632812 1.043758
687800 298.700806 107.892532 -20425.412109 3341.649414 54656.632812 1.043758
687900 298.700806 107.892532 -20425.412109 3341.649414 54656.632812 1.043758
688000 298.700806 107.892532 -20425.412109 3341.649414 54656.632812 1.043758
688100 298.700806 107.892532 -20425.412109 3341.649414 54656.632812 1.043758
688200 298.700806 107.892532 -20425.412109 3341.649414 54656.632812 1.043758
688300 298.700806 107.892532 -20425.412109 3341.649414 54656.632812 1.043758
688400 298.700806 107.892532 -20425.412109 3341.649414 54656.632812 1.043758
688500 298.700806 107.892532 -20425.412109 3341.649414 54656.632812 1.043758
688600 298.700806 107.892532 -20425.412109 3341.649414 54656.632812 1.043758
688700 298.700806 107.892532 -20425.412109 3341.649414 54656.632812 1.043758
688800 298.700806 107.892532 -20425.412109 3341.649414 54656.632812 1.043758
688900 298.700806 107.892532 -20425.412109 3341.649414 54656.632812 1.043758
689000 298.700806 107.892532 -20425.412109 3341.649414 54656.632812 1.043758
689100 298.700806 107.892532 -20425.412109 3341.649414 54656.632812 1.043758
689200 298.700806 107.892532 -20425.412109 3341.649414 54656.632812 1.043758
689300 298.700806 107.892532 -20425.412109 3341.649414 54656.632812 1.043758
689400 298.700806 107.892532 -20425.412109 3341.649414 54656.632812 1.043758
689500 298.700806 107.892532 -20425.412109 3341.649414 54656.632812 1.043758
689600 298.700806 107.892532 -20425.412109 3341.649414 54656.632812 1.043758
689700 298.700806 107.892532 -20425.412109 3341.649414 54656.632812 1.043758
689800 298.700806 107.892532 -20425.412109 3341.649414 54656.632812 1.043758
689900 298.700806 107.892532 -20425.412109 3341.649414 54656.632812 1.043758
690000 298.700806 107.892532 -20425.412109 3341.649414 54656.632812 1.043758
690100 298.700806 107.892532 -20425.412109 3341.649414 54656.632812 1.043758
690200 298.700806 107.892532 -20425.412109 3341.649414 54656.632812 1.043758
690300 298.700806 107.892532 -20425.412109 3341.649414 54656.632812 1.043758
690400 298.700806 107.892532 -20425.412109 3341.649414 54656.632812 1.043758
690500 298.700806 107.892532 -20425.412109 3341.649414 54656.632812 1.043758
690600 298.700806 107.892532 -20425.412109 3341.649414 54656.632812 1.043758
690700 298.700806 107.892532 -20425.412109 3341.649414 54656.632812 1.043758
690800 298.700806 107.892532 -20425.412109 3341.649414 54656.632812 1.043758
690900 298.700806 107.892532 -20425.412109 3341.649414 54656.632812 1.043758
691000 298.700806 107.892532 -20425.412109 3341.649414 54656.632812 1.043758
691100 298.700806 107.892532 -20425.412109 3341.649414 54656.632812 1.043758
691200 298.700806 107.892532 -20425.412109 3341.649414 54656.632812 1.043758
691300 298.700806 107.892532 -20425.412109 3341.649414 54656.632812 1.043758
691400 298.700806 107.892532 -20425.412109 3341.649414 54656.632812 1.043758
691500 298.700806 107.892532 -20425.412109 3341.649414 54656.632812 1.043758
691600 298.700806 107.892532 -20425.412109 3341.649414 54656.632812 1.043758
691700 298.700806 107.892532 -20425.412109 3341.649414 54656.632812 1.043758
691800 298.700806 107.892532 -20425.412109 3341.649414 54656.632812 1.043758
691900 298.700806 107.892532 -20425.412109 3341.649414 54656.632812 1.043758
692000 298.700806 107.892517 -20425.412109 3341.649414 54656.632812 1.043758
692100 298.700806 107.892517 -20425.412109 3341.649414 54656.632812 1.043758
692200 298.700806 107.892532 -20425.412109 3341.649414 54656.632812 1.043758
692300 298.700806 107.892532 -20425.412109 3341.649414 54656.632812 1.043758
692400 298.700806 107.892532 -20425.412109 3341.649414 54656.632812 1.043758
692500 298.700806 107.892532 -20425.412109 3341.649414 54656.632812 1.043758
692600 298.700806 107.892532 -20425.412109 3341.649414 54656.632812 1.043758
692700 298.700806 107.892532 -20425.412109 3341.649414 54656.632812 1.043758
692800 298.700806 107.892517 -20425.412109 3341.649414 54656.632812 1.043758
692900 298.700806 107.892532 -20425.412109 3341.649414 54656.632812 1.043758
693000 298.700806 107.892532 -20425.412109 3341.649414 54656.632812 1.043758
693100 298.700806 107.892532 -20425.412109 3341.649414 54656.632812 1.043758
693200 298.700806 107.892532 -20425.412109 3341.649414 54656.632812 1.043758
693300 298.700806 107.892532 -20425.412109 3341.649414 54656.632812 1.043758
693400 298.700806 107.892532 -20425.412109 3341.649414 54656.632812 1.043758
693500 298.700806 107.892532 -20425.412109 3341.649414 54656.632812 1.043758
693600 298.700806 107.892532 -20425.412109 3341.649414 54656.632812 1.043758
693700 298.700806 107.892532 -20425.412109 3341.649414 54656.632812 1.043758
693800 298.700806 107.892532 -20425.412109 3341.649414 54656.632812 1.043758
693900 298.700806 107.892532 -20425.412109 3341.649414 54656.632812 1.043758
694000 298.700806 107.892532 -20425.412109 3341.649414 54656.632812 1.043758
694100 298.700806 107.892532 -20425.412109 3341.649414 54656.632812 1.043758
694200 298.700806 107.892532 -20425.412109 3341.649414 54656.632812 1.043758
694300 298.700806 107.892532 -20425.412109 3341.649414 54656.632812 1.043758
694400 298.700806 107.892532 -20425.412109 3341.649414 54656.632812 1.043758
694500 298.700806 107.892532 -20425.412109 3341.649414 54656.632812 1.043758
694600 298.700806 107.892517 -20425.412109 3341.649414 54656.632812 1.043758
694700 298.700806 107.892517 -20425.412109 3341.649414 54656.632812 1.043758
694800 298.700806 107.892532 -20425.412109 3341.649414 54656.632812 1.043758
694900 298.700806 107.892532 -20425.412109 3341.649414 54656.632812 1.043758
695000 298.700806 107.892532 -20425.412109 3341.649414 54656.632812 1.043758
695100 298.700806 107.892517 -20425.412109 3341.649414 54656.632812 1.043758
695200 298.700806 107.892532 -20425.412109 3341.649414 54656.632812 1.043758
695300 298.700806 107.892532 -20425.412109 3341.649414 54656.632812 1.043758
695400 298.700806 107.892532 -20425.412109 3341.649414 54656.632812 1.043758
695500 298.700806 107.892532 -20425.412109 3341.649414 54656.632812 1.043758
695600 298.700806 107.892532 -20425.412109 3341.649414 54656.632812 1.043758
695700 298.700806 107.892532 -20425.412109 3341.649414 54656.632812 1.043758
695800 298.700806 107.892532 -20425.412109 3341.649414 54656.632812 1.043758
695900 298.700806 107.892532 -20425.412109 3341.649414 54656.632812 1.043758
696000 298.700806 107.892532 -20425.412109 3341.649414 54656.632812 1.043758
696100 298.700806 107.892532 -20425.412109 3341.649414 54656.632812 1.043758
696200 298.700806 107.892532 -20425.412109 3341.649414 54656.632812 1.043758
696300 298.700806 107.892532 -20425.412109 3341.649414 54656.632812 1.043758
696400 298.700806 107.892532 -20425.412109 3341.649414 54656.632812 1.043758
696500 298.700806 107.892532 -20425.412109 3341.649414 54656.632812 1.043758
696600 298.700806 107.892532 -20425.412109 3341.649414 54656.632812 1.043758
696700 298.700806 107.892532 -20425.412109 3341.649414 54656.632812 1.043758
696800 298.700806 107.892532 -20425.412109 3341.649414 54656.632812 1.043758
696900 298.700806 107.892532 -20425.412109 3341.649414 54656.632812 1.043758
697000 298.700806 107.892532 -20425.412109 3341.649414 54656.632812 1.043758
697100 298.700806 107.892532 -20425.412109 3341.649414 54656.632812 1.043758
697200 298.700806 107.892532 -20425.412109 3341.649414 54656.632812 1.043758
697300 298.700806 107.892532 -20425.412109 3341.649414 54656.632812 1.043758
697400 298.700806 107.892532 -20425.412109 3341.649414 54656.632812 1.043758
697500 298.700806 107.892532 -20425.412109 3341.649414 54656.632812 1.043758
697600 298.700806 107.892532 -20425.412109 3341.649414 54656.632812 1.043758
697700 298.700806 107.892532 -20425.412109 3341.649414 54656.632812 1.043758
697800 298.700806 107.892532 -20425.412109 3341.649414 54656.632812 1.043758
697900 298.700806 107.892532 -20425.412109 3341.649414 54656.632812 1.043758
698000 298.700806 107.892532 -20425.412109 3341.649414 54656.632812 1.043758
698100 298.700806 107.892532 -20425.412109 3341.649414 54656.632812 1.043758
698200 298.700806 107.892532 -20425.412109 3341.649414 54656.632812 1.043758
698300 298.700806 107.892532 -20425.412109 3341.649414 54656.632812 1.043758
698400 298.700806 107.892532 -20425.412109 3341.649414 54656.632812 1.043758
698500 298.700806 107.892517 -20425.412109 3341.649414 54656.632812 1.043758
698600 298.700806 107.892517 -20425.412109 3341.649414 54656.632812 1.043758
698700 298.700806 107.892517 -20425.412109 3341.649414 54656.632812 1.043758
698800 298.700806 107.892532 -20425.412109 3341.649414 54656.632812 1.043758
698900 298.700806 107.892532 -20425.412109 3341.649414 54656.632812 1.043758
699000 298.700806 107.892517 -20425.412109 3341.649414 54656.632812 1.043758
699100 298.700806 107.892517 -20425.412109 3341.649414 54656.632812 1.043758
699200 298.700806 107.892532 -20425.412109 3341.649414 54656.632812 1.043758
699300 298.700806 107.892532 -20425.412109 3341.649414 54656.632812 1.043758
699400 298.700806 107.892532 -20425.412109 3341.649414 54656.632812 1.043758
699500 298.700806 107.892532 -20425.412109 3341.649414 54656.632812 1.043758
699600 298.700806 107.892532 -20425.412109 3341.649414 54656.632812 1.043758
699700 298.700806 107.892532 -20425.412109 3341.649414 54656.632812 1.043758
699800 298.700806 107.892532 -20425.412109 3341.649414 54656.632812 1.043758
699900 298.700806 107.892532 -20425.412109 3341.649414 54656.632812 1.043758
700000 298.700806 107.892532 -20425.412109 3341.649414 54656.632812 1.043758
