# Time-averaged data for fix thermo_detailed
# TimeStep v_temp v_press v_pe v_ke v_vol v_dens
600100 298.427460 -35.773479 -20998.236328 3338.591309 54478.304688 1.047174
600200 298.747345 -41.847389 -20923.511719 3342.169922 54486.273438 1.047021
600300 298.995361 -53.632439 -20883.808594 3344.944336 54539.046875 1.046008
600400 299.169434 -59.593605 -20847.455078 3346.892090 54579.964844 1.045224
600500 299.295715 -60.503296 -20816.787109 3348.304443 54614.796875 1.044557
600600 299.381683 -59.062607 -20793.136719 3349.266357 54641.585938 1.044045
600700 299.437286 -56.893837 -20775.791016 3349.888428 54661.113281 1.043672
600800 299.471893 -54.771919 -20763.421875 3350.275635 54674.906250 1.043409
600900 299.492767 -52.992172 -20754.767578 3350.509033 54684.457031 1.043227
601000 299.505127 -51.606831 -20748.798828 3350.647461 54690.972656 1.043103
601100 299.512329 -50.579632 -20744.728516 3350.728027 54695.390625 1.043018
601200 299.516479 -49.841259 -20741.984375 3350.774414 54698.363281 1.042962
601300 299.518860 -49.325386 -20740.166016 3350.801025 54700.343750 1.042924
601400 299.520264 -48.966469 -20738.964844 3350.816895 54701.660156 1.042899
601500 299.521088 -48.728886 -20738.197266 3350.825928 54702.527344 1.042882
601600 299.521606 -48.574444 -20737.716797 3350.831787 54703.097656 1.042871
601700 299.521973 -48.472939 -20737.425781 3350.835693 54703.460938 1.042864
601800 299.522278 -48.410843 -20737.259766 3350.839355 54703.695312 1.042860
601900 299.522583 -48.375954 -20737.179688 3350.842773 54703.839844 1.042857
602000 299.522827 -48.358711 -20737.152344 3350.845215 54703.917969 1.042856
602100 299.523071 -48.353947 -20737.160156 3350.848389 54703.964844 1.042855
602200 299.523315 -48.356773 -20737.191406 3350.850830 54703.976562 1.042855
602300 299.523590 -48.364784 -20737.226562 3350.854004 54703.976562 1.042855
602400 299.523865 -48.374386 -20737.275391 3350.857178 54703.964844 1.042855
602500 299.524109 -48.387867 -20737.330078 3350.859863 54703.945312 1.042855
602600 299.524353 -48.399837 -20737.382812 3350.862549 54703.910156 1.042856
602700 299.524597 -48.415718 -20737.435547 3350.865234 54703.882812 1.042856
602800 299.524841 -48.433559 -20737.490234 3350.868164 54703.847656 1.042857
602900 299.525116 -48.444534 -20737.541016 3350.871094 54703.816406 1.042858
603000 299.525330 -48.460270 -20737.597656 3350.873291 54703.769531 1.042858
603100 299.525574 -48.472740 -20737.648438 3350.875977 54703.730469 1.042859
603200 299.525818 -48.486500 -20737.695312 3350.878906 54703.695312 1.042860
603300 299.526031 -48.498276 -20737.740234 3350.881348 54703.664062 1.042861
603400 299.526245 -48.510693 -20737.783203 3350.883545 54703.632812 1.042861
603500 299.526459 -48.522686 -20737.826172 3350.885986 54703.597656 1.042862
603600 299.526642 -48.536442 -20737.865234 3350.888184 54703.566406 1.042862
603700 299.526825 -48.543480 -20737.900391 3350.890137 54703.523438 1.042863
603800 299.527008 -48.556820 -20737.939453 3350.892334 54703.492188 1.042864
603900 299.527191 -48.565254 -20737.974609 3350.894287 54703.472656 1.042864
604000 299.527374 -48.577381 -20738.007812 3350.896240 54703.441406 1.042865
604100 299.527527 -48.587807 -20738.037109 3350.898193 54703.414062 1.042865
604200 299.527649 -48.597488 -20738.070312 3350.899414 54703.382812 1.042866
604300 299.527832 -48.606529 -20738.097656 3350.901367 54703.351562 1.042866
604400 299.527954 -48.613949 -20738.126953 3350.902832 54703.328125 1.042867
604500 299.528076 -48.623390 -20738.156250 3350.904053 54703.300781 1.042867
604600 299.528229 -48.629936 -20738.179688 3350.905762 54703.277344 1.042868
604700 299.528351 -48.638885 -20738.203125 3350.906982 54703.250000 1.042868
604800 299.528473 -48.647243 -20738.226562 3350.908691 54703.234375 1.042869
604900 299.528564 -48.652481 -20738.248047 3350.909668 54703.207031 1.042869
605000 299.528687 -48.659679 -20738.267578 3350.911133 54703.187500 1.042870
605100 299.528778 -48.666935 -20738.283203 3350.912109 54703.171875 1.042870
605200 299.528870 -48.672718 -20738.298828 3350.913086 54703.152344 1.042870
605300 299.528992 -48.676846 -20738.314453 3350.914307 54703.136719 1.042871
605400 299.529053 -48.683277 -20738.332031 3350.915039 54703.109375 1.042871
605500 299.529144 -48.690029 -20738.347656 3350.916016 54703.089844 1.042871
605600 299.529236 -48.695263 -20738.361328 3350.916992 54703.066406 1.042872
605700 299.529327 -48.703205 -20738.375000 3350.918213 54703.050781 1.042872
605800 299.529388 -48.706467 -20738.390625 3350.918945 54703.031250 1.042873
605900 299.529449 -48.709549 -20738.402344 3350.919678 54703.003906 1.042873
606000 299.529541 -48.712124 -20738.412109 3350.920654 54703.000000 1.042873
606100 299.529602 -48.716129 -20738.425781 3350.921387 54702.984375 1.042874
606200 299.529663 -48.720375 -20738.433594 3350.921875 54702.968750 1.042874
606300 299.529724 -48.723476 -20738.443359 3350.922607 54702.953125 1.042874
606400 299.529785 -48.728477 -20738.455078 3350.923340 54702.937500 1.042874
606500 299.529816 -48.734818 -20738.464844 3350.923584 54702.921875 1.042875
606600 299.529877 -48.740116 -20738.472656 3350.924316 54702.902344 1.042875
606700 299.529938 -48.744671 -20738.480469 3350.924805 54702.894531 1.042875
606800 299.529999 -48.748585 -20738.488281 3350.925537 54702.882812 1.042875
606900 299.530029 -48.751331 -20738.498047 3350.925781 54702.867188 1.042876
607000 299.530090 -48.754955 -20738.503906 3350.926514 54702.851562 1.042876
607100 299.530121 -48.757351 -20738.511719 3350.927002 54702.839844 1.042876
607200 299.530182 -48.761105 -20738.519531 3350.927979 54702.824219 1.042876
607300 299.530212 -48.764587 -20738.527344 3350.928223 54702.808594 1.042877
607400 299.530243 -48.764542 -20738.531250 3350.928467 54702.804688 1.042877
607500 299.530304 -48.769207 -20738.539062 3350.929199 54702.789062 1.042877
607600 299.530334 -48.774315 -20738.544922 3350.929443 54702.781250 1.042877
607700 299.530365 -48.777367 -20738.552734 3350.929932 54702.761719 1.042878
607800 299.530396 -48.780502 -20738.556641 3350.930176 54702.757812 1.042878
607900 299.530457 -48.784313 -20738.562500 3350.930908 54702.746094 1.042878
608000 299.530487 -48.787407 -20738.566406 3350.931152 54702.730469 1.042878
608100 299.530518 -48.789783 -20738.572266 3350.931396 54702.718750 1.042879
608200 299.530579 -48.792667 -20738.576172 3350.932129 54702.710938 1.042879
608300 299.530609 -48.794304 -20738.580078 3350.932617 54702.695312 1.042879
608400 299.530670 -48.794910 -20738.582031 3350.933105 54702.683594 1.042879
608500 299.530701 -48.797485 -20738.585938 3350.933594 54702.664062 1.042880
608600 299.530701 -48.801353 -20738.589844 3350.933594 54702.664062 1.042880
608700 299.530731 -48.802914 -20738.595703 3350.933838 54702.652344 1.042880
608800 299.530762 -48.805496 -20738.597656 3350.934082 54702.636719 1.042880
608900 299.530792 -48.808037 -20738.601562 3350.934570 54702.632812 1.042880
609000 299.530823 -48.812660 -20738.605469 3350.934814 54702.625000 1.042880
609100 299.530823 -48.813843 -20738.607422 3350.934814 54702.617188 1.042881
609200 299.530853 -48.815399 -20738.613281 3350.935059 54702.601562 1.042881
609300 299.530884 -48.821014 -20738.619141 3350.935547 54702.593750 1.042881
609400 299.530914 -48.824265 -20738.621094 3350.935791 54702.574219 1.042881
609500 299.530945 -48.825558 -20738.621094 3350.936035 54702.562500 1.042881
609600 299.530975 -48.826935 -20738.623047 3350.936523 54702.546875 1.042882
609700 299.530975 -48.827679 -20738.625000 3350.936523 54702.542969 1.042882
609800 299.531006 -48.829624 -20738.626953 3350.936768 54702.539062 1.042882
609900 299.531036 -48.832256 -20738.630859 3350.937012 54702.527344 1.042882
610000 299.531067 -48.836273 -20738.632812 3350.937744 54702.511719 1.042882
610100 299.531097 -48.840179 -20738.636719 3350.938232 54702.507812 1.042883
610200 299.531128 -48.842068 -20738.640625 3350.938477 54702.500000 1.042883
610300 299.531128 -48.844036 -20738.642578 3350.938477 54702.484375 1.042883
610400 299.531158 -48.846325 -20738.646484 3350.938721 54702.476562 1.042883
610500 299.531158 -48.848969 -20738.648438 3350.938721 54702.472656 1.042883
610600 299.531189 -48.849884 -20738.652344 3350.939209 54702.457031 1.042884
610700 299.531219 -48.853271 -20738.654297 3350.939453 54702.445312 1.042884
610800 299.531250 -48.855354 -20738.656250 3350.939697 54702.441406 1.042884
610900 299.531281 -48.858143 -20738.656250 3350.940186 54702.433594 1.042884
611000 299.531311 -48.861553 -20738.658203 3350.940430 54702.425781 1.042884
611100 299.531342 -48.861706 -20738.658203 3350.940674 54702.410156 1.042884
611200 299.531372 -48.862194 -20738.662109 3350.941162 54702.394531 1.042885
611300 299.531372 -48.864143 -20738.666016 3350.941162 54702.386719 1.042885
611400 299.531403 -48.865471 -20738.666016 3350.941406 54702.378906 1.042885
611500 299.531433 -48.866638 -20738.664062 3350.941650 54702.378906 1.042885
611600 299.531464 -48.867256 -20738.664062 3350.942139 54702.363281 1.042885
611700 299.531494 -48.868504 -20738.667969 3350.942383 54702.355469 1.042885
611800 299.531525 -48.869373 -20738.671875 3350.942627 54702.347656 1.042886
611900 299.531555 -48.869392 -20738.671875 3350.943115 54702.332031 1.042886
612000 299.531555 -48.874329 -20738.671875 3350.943115 54702.332031 1.042886
612100 299.531586 -48.878300 -20738.677734 3350.943359 54702.320312 1.042886
612200 299.531616 -48.882797 -20738.681641 3350.943848 54702.316406 1.042886
612300 299.531616 -48.883507 -20738.683594 3350.943848 54702.308594 1.042886
612400 299.531647 -48.884853 -20738.685547 3350.944092 54702.292969 1.042887
612500 299.531647 -48.887821 -20738.685547 3350.944092 54702.289062 1.042887
612600 299.531677 -48.887913 -20738.687500 3350.944336 54702.269531 1.042887
612700 299.531708 -48.890545 -20738.689453 3350.944824 54702.261719 1.042887
612800 299.531708 -48.893692 -20738.691406 3350.944824 54702.257812 1.042887
612900 299.531738 -48.896908 -20738.693359 3350.945068 54702.242188 1.042888
613000 299.531769 -48.897263 -20738.695312 3350.945312 54702.230469 1.042888
613100 299.531799 -48.898556 -20738.695312 3350.945801 54702.222656 1.042888
613200 299.531830 -48.899105 -20738.697266 3350.946045 54702.210938 1.042888
613300 299.531830 -48.900661 -20738.697266 3350.946045 54702.207031 1.042888
613400 299.531860 -48.901760 -20738.697266 3350.946289 54702.195312 1.042889
613500 299.531860 -48.904060 -20738.699219 3350.946289 54702.191406 1.042889
613600 299.531891 -48.905521 -20738.701172 3350.946777 54702.175781 1.042889
613700 299.531891 -48.908764 -20738.703125 3350.946777 54702.167969 1.042889
613800 299.531921 -48.910641 -20738.705078 3350.947021 54702.164062 1.042889
613900 299.531921 -48.914692 -20738.707031 3350.947021 54702.160156 1.042889
614000 299.531952 -48.918262 -20738.710938 3350.947266 54702.144531 1.042889
614100 299.531952 -48.919670 -20738.714844 3350.947266 54702.132812 1.042890
614200 299.531982 -48.920540 -20738.714844 3350.947998 54702.117188 1.042890
614300 299.532013 -48.922867 -20738.714844 3350.948242 54702.113281 1.042890
614400 299.532043 -48.927067 -20738.716797 3350.948730 54702.113281 1.042890
614500 299.532043 -48.927132 -20738.718750 3350.948730 54702.101562 1.042890
614600 299.532074 -48.928780 -20738.720703 3350.948975 54702.085938 1.042891
614700 299.532104 -48.931149 -20738.724609 3350.949463 54702.082031 1.042891
614800 299.532104 -48.933220 -20738.728516 3350.949463 54702.070312 1.042891
614900 299.532135 -48.932579 -20738.726562 3350.949707 54702.066406 1.042891
615000 299.532166 -48.933300 -20738.726562 3350.949951 54702.050781 1.042891
615100 299.532196 -48.934952 -20738.728516 3350.950439 54702.046875 1.042891
615200 299.532196 -48.939171 -20738.730469 3350.950439 54702.039062 1.042892
615300 299.532227 -48.940613 -20738.730469 3350.950684 54702.023438 1.042892
615400 299.532227 -48.944859 -20738.734375 3350.950684 54702.019531 1.042892
615500 299.532257 -48.944675 -20738.732422 3350.950928 54702.015625 1.042892
615600 299.532257 -48.946373 -20738.734375 3350.950928 54702.003906 1.042892
615700 299.532288 -48.946667 -20738.734375 3350.951416 54701.988281 1.042892
615800 299.532288 -48.948421 -20738.736328 3350.951416 54701.984375 1.042893
615900 299.532318 -48.952274 -20738.740234 3350.951660 54701.976562 1.042893
616000 299.532318 -48.954746 -20738.742188 3350.951660 54701.968750 1.042893
616100 299.532379 -48.952286 -20738.740234 3350.952393 54701.960938 1.042893
616200 299.532410 -48.954483 -20738.742188 3350.952637 54701.957031 1.042893
616300 299.532410 -48.957382 -20738.746094 3350.952637 54701.945312 1.042893
616400 299.532440 -48.958912 -20738.748047 3350.952881 54701.937500 1.042893
616500 299.532440 -48.961018 -20738.748047 3350.952881 54701.929688 1.042894
616600 299.532471 -48.963596 -20738.750000 3350.953369 54701.921875 1.042894
616700 299.532501 -48.965149 -20738.751953 3350.953613 54701.914062 1.042894
616800 299.532532 -48.965508 -20738.751953 3350.953857 54701.898438 1.042894
616900 299.532532 -48.968811 -20738.755859 3350.953857 54701.894531 1.042894
617000 299.532562 -48.969692 -20738.755859 3350.954346 54701.882812 1.042894
617100 299.532562 -48.971848 -20738.759766 3350.954346 54701.867188 1.042895
617200 299.532593 -48.972431 -20738.759766 3350.954590 54701.863281 1.042895
617300 299.532593 -48.976593 -20738.761719 3350.954590 54701.859375 1.042895
617400 299.532623 -48.978809 -20738.761719 3350.955078 54701.843750 1.042895
617500 299.532654 -48.979439 -20738.761719 3350.955322 54701.835938 1.042895
617600 299.532684 -48.981140 -20738.767578 3350.955566 54701.828125 1.042896
617700 299.532684 -48.981945 -20738.767578 3350.955566 54701.820312 1.042896
617800 299.532715 -48.984200 -20738.769531 3350.956055 54701.804688 1.042896
617900 299.532745 -48.986107 -20738.771484 3350.956299 54701.796875 1.042896
618000 299.532745 -48.989063 -20738.771484 3350.956299 54701.796875 1.042896
618100 299.532776 -48.990780 -20738.771484 3350.956543 54701.789062 1.042896
618200 299.532776 -48.991062 -20738.773438 3350.956543 54701.773438 1.042897
618300 299.532806 -48.991783 -20738.771484 3350.957031 54701.765625 1.042897
618400 299.532837 -48.993786 -20738.771484 3350.957275 54701.757812 1.042897
618500 299.532837 -48.994820 -20738.773438 3350.957275 54701.750000 1.042897
618600 299.532837 -48.997990 -20738.775391 3350.957275 54701.750000 1.042897
618700 299.532867 -49.001614 -20738.777344 3350.957520 54701.742188 1.042897
618800 299.532898 -49.000988 -20738.779297 3350.958252 54701.734375 1.042897
618900 299.532898 -49.003689 -20738.781250 3350.958252 54701.726562 1.042897
619000 299.532928 -49.005585 -20738.781250 3350.958496 54701.710938 1.042898
619100 299.532928 -49.008324 -20738.783203 3350.958496 54701.707031 1.042898
619200 299.532959 -49.009579 -20738.785156 3350.958984 54701.691406 1.042898
619300 299.532990 -49.011021 -20738.785156 3350.959229 54701.687500 1.042898
619400 299.533020 -49.011837 -20738.785156 3350.959473 54701.675781 1.042898
619500 299.533020 -49.014847 -20738.785156 3350.959473 54701.671875 1.042899
619600 299.533020 -49.016209 -20738.787109 3350.959473 54701.671875 1.042899
619700 299.533051 -49.016914 -20738.789062 3350.959961 54701.656250 1.042899
619800 299.533081 -49.017967 -20738.791016 3350.960205 54701.652344 1.042899
619900 299.533112 -49.022079 -20738.792969 3350.960693 54701.640625 1.042899
620000 299.533142 -49.023201 -20738.792969 3350.960938 54701.640625 1.042899
620100 299.533142 -49.023956 -20738.792969 3350.960938 54701.628906 1.042899
620200 299.533173 -49.024723 -20738.796875 3350.961182 54701.625000 1.042899
620300 299.533203 -49.026966 -20738.798828 3350.961670 54701.613281 1.042900
620400 299.533203 -49.027023 -20738.800781 3350.961670 54701.609375 1.042900
620500 299.533203 -49.025581 -20738.800781 3350.961670 54701.593750 1.042900
620600 299.533234 -49.028191 -20738.802734 3350.961914 54701.589844 1.042900
620700 299.533264 -49.029930 -20738.802734 3350.962158 54701.578125 1.042900
620800 299.533264 -49.031231 -20738.804688 3350.962158 54701.566406 1.042900
620900 299.533295 -49.033283 -20738.806641 3350.962646 54701.558594 1.042901
621000 299.533295 -49.033787 -20738.806641 3350.962646 54701.550781 1.042901
621100 299.533325 -49.035870 -20738.804688 3350.962891 54701.546875 1.042901
621200 299.533325 -49.037640 -20738.804688 3350.962891 54701.535156 1.042901
621300 299.533356 -49.040833 -20738.806641 3350.963135 54701.531250 1.042901
621400 299.533386 -49.040787 -20738.808594 3350.963623 54701.527344 1.042901
621500 299.533417 -49.040363 -20738.808594 3350.963867 54701.515625 1.042902
621600 299.533447 -49.041428 -20738.812500 3350.964111 54701.503906 1.042902
621700 299.533447 -49.044693 -20738.814453 3350.964111 54701.500000 1.042902
621800 299.533478 -49.044693 -20738.814453 3350.964600 54701.496094 1.042902
621900 299.533478 -49.046524 -20738.814453 3350.964600 54701.488281 1.042902
622000 299.533508 -49.048069 -20738.818359 3350.964844 54701.472656 1.042902
622100 299.533508 -49.050896 -20738.820312 3350.964844 54701.472656 1.042902
622200 299.533508 -49.055485 -20738.822266 3350.964844 54701.468750 1.042902
622300 299.533539 -49.056072 -20738.822266 3350.965088 54701.457031 1.042903
622400 299.533569 -49.057205 -20738.822266 3350.965576 54701.453125 1.042903
622500 299.533569 -49.059181 -20738.822266 3350.965576 54701.441406 1.042903
622600 299.533600 -49.061573 -20738.822266 3350.965820 54701.437500 1.042903
622700 299.533630 -49.062000 -20738.824219 3350.966309 54701.425781 1.042903
622800 299.533630 -49.063244 -20738.824219 3350.966309 54701.410156 1.042903
622900 299.533661 -49.064598 -20738.828125 3350.966553 54701.406250 1.042904
623000 299.533661 -49.066483 -20738.828125 3350.966553 54701.402344 1.042904
623100 299.533691 -49.069073 -20738.826172 3350.966797 54701.394531 1.042904
623200 299.533722 -49.069424 -20738.828125 3350.967285 54701.386719 1.042904
623300 299.533722 -49.070351 -20738.828125 3350.967285 54701.375000 1.042904
623400 299.533752 -49.072136 -20738.830078 3350.967529 54701.371094 1.042904
623500 299.533752 -49.073795 -20738.830078 3350.967529 54701.363281 1.042904
623600 299.533752 -49.074883 -20738.830078 3350.967529 54701.355469 1.042904
623700 299.533783 -49.074230 -20738.828125 3350.968262 54701.355469 1.042904
623800 299.533813 -49.074436 -20738.828125 3350.968506 54701.343750 1.042905
623900 299.533844 -49.076038 -20738.830078 3350.968750 54701.339844 1.042905
624000 299.533844 -49.079666 -20738.833984 3350.968750 54701.332031 1.042905
624100 299.533875 -49.079853 -20738.833984 3350.969238 54701.316406 1.042905
624200 299.533875 -49.082241 -20738.835938 3350.969238 54701.312500 1.042905
624300 299.533905 -49.085262 -20738.835938 3350.969482 54701.312500 1.042905
624400 299.533936 -49.088158 -20738.839844 3350.969727 54701.300781 1.042906
624500 299.533936 -49.090611 -20738.841797 3350.969727 54701.292969 1.042906
624600 299.533966 -49.088482 -20738.841797 3350.970215 54701.281250 1.042906
624700 299.533997 -49.088562 -20738.839844 3350.970459 54701.281250 1.042906
624800 299.533997 -49.089256 -20738.837891 3350.970459 54701.277344 1.042906
624900 299.534027 -49.091076 -20738.837891 3350.970703 54701.273438 1.042906
625000 299.534027 -49.094513 -20738.837891 3350.970703 54701.261719 1.042906
625100 299.534058 -49.095886 -20738.841797 3350.971191 54701.257812 1.042906
625200 299.534058 -49.095631 -20738.843750 3350.971191 54701.246094 1.042907
625300 299.534088 -49.097992 -20738.841797 3350.971436 54701.242188 1.042907
625400 299.534088 -49.100620 -20738.843750 3350.971436 54701.230469 1.042907
625500 299.534119 -49.099915 -20738.843750 3350.971924 54701.226562 1.042907
625600 299.534119 -49.098995 -20738.845703 3350.971924 54701.214844 1.042907
625700 299.534119 -49.100269 -20738.845703 3350.971924 54701.199219 1.042907
625800 299.534149 -49.101753 -20738.847656 3350.972168 54701.195312 1.042908
625900 299.534149 -49.102947 -20738.845703 3350.972168 54701.187500 1.042908
626000 299.534180 -49.104156 -20738.847656 3350.972412 54701.183594 1.042908
626100 299.534210 -49.105953 -20738.849609 3350.972900 54701.179688 1.042908
626200 299.534210 -49.108814 -20738.853516 3350.972900 54701.179688 1.042908
626300 299.534210 -49.110806 -20738.857422 3350.972900 54701.167969 1.042908
626400 299.534210 -49.112606 -20738.859375 3350.972900 54701.156250 1.042908
626500 299.534241 -49.111744 -20738.859375 3350.973145 54701.152344 1.042908
626600 299.534271 -49.111847 -20738.857422 3350.973389 54701.148438 1.042909
626700 299.534302 -49.113132 -20738.859375 3350.973877 54701.136719 1.042909
626800 299.534302 -49.114536 -20738.859375 3350.973877 54701.125000 1.042909
626900 299.534332 -49.115326 -20738.857422 3350.974121 54701.121094 1.042909
627000 299.534332 -49.116528 -20738.855469 3350.974121 54701.109375 1.042909
627100 299.534363 -49.116325 -20738.855469 3350.974365 54701.109375 1.042909
627200 299.534363 -49.118324 -20738.857422 3350.974365 54701.105469 1.042909
627300 299.534393 -49.121590 -20738.861328 3350.974854 54701.101562 1.042909
627400 299.534424 -49.124668 -20738.861328 3350.975098 54701.093750 1.042910
627500 299.534424 -49.127327 -20738.861328 3350.975098 54701.089844 1.042910
627600 299.534424 -49.127899 -20738.859375 3350.975098 54701.089844 1.042910
627700 299.534454 -49.128231 -20738.863281 3350.975342 54701.074219 1.042910
627800 299.534485 -49.129646 -20738.863281 3350.975830 54701.070312 1.042910
627900 299.534485 -49.130497 -20738.865234 3350.975830 54701.062500 1.042910
628000 299.534485 -49.133011 -20738.865234 3350.975830 54701.058594 1.042910
628100 299.534515 -49.135082 -20738.865234 3350.976074 54701.046875 1.042910
628200 299.534515 -49.133583 -20738.865234 3350.976074 54701.042969 1.042910
628300 299.534546 -49.130859 -20738.863281 3350.976318 54701.031250 1.042911
628400 299.534546 -49.131527 -20738.865234 3350.976318 54701.015625 1.042911
628500 299.534576 -49.134914 -20738.867188 3350.976807 54701.011719 1.042911
628600 299.534576 -49.136536 -20738.871094 3350.976807 54701.007812 1.042911
628700 299.534576 -49.137714 -20738.869141 3350.976807 54701.007812 1.042911
628800 299.534607 -49.140133 -20738.873047 3350.977051 54701.000000 1.042911
628900 299.534637 -49.140003 -20738.873047 3350.977539 54700.996094 1.042911
629000 299.534637 -49.142555 -20738.871094 3350.977539 54700.984375 1.042912
629100 299.534668 -49.144882 -20738.873047 3350.977783 54700.980469 1.042912
629200 299.534668 -49.146309 -20738.876953 3350.977783 54700.968750 1.042912
629300 299.534668 -49.147182 -20738.878906 3350.977783 54700.964844 1.042912
629400 299.534698 -49.149036 -20738.880859 3350.978516 54700.953125 1.042912
629500 299.534698 -49.148842 -20738.882812 3350.978516 54700.949219 1.042912
629600 299.534698 -49.151840 -20738.882812 3350.978516 54700.945312 1.042912
629700 299.534729 -49.154209 -20738.880859 3350.978760 54700.937500 1.042912
629800 299.534729 -49.156109 -20738.882812 3350.978760 54700.933594 1.042913
629900 299.534760 -49.156612 -20738.884766 3350.979004 54700.933594 1.042913
630000 299.534760 -49.158100 -20738.886719 3350.979004 54700.921875 1.042913
630100 299.534790 -49.156830 -20738.884766 3350.979492 54700.917969 1.042913
630200 299.534821 -49.158054 -20738.884766 3350.979736 54700.914062 1.042913
630300 299.534851 -49.160938 -20738.884766 3350.979980 54700.914062 1.042913
630400 299.534851 -49.162090 -20738.882812 3350.979980 54700.906250 1.042913
630500 299.534912 -49.161747 -20738.884766 3350.980713 54700.902344 1.042913
630600 299.534912 -49.162209 -20738.884766 3350.980713 54700.890625 1.042913
630700 299.534943 -49.163662 -20738.886719 3350.980957 54700.886719 1.042913
630800 299.534943 -49.164589 -20738.886719 3350.980957 54700.882812 1.042914
630900 299.534973 -49.164108 -20738.886719 3350.981445 54700.878906 1.042914
631000 299.534973 -49.162907 -20738.884766 3350.981445 54700.871094 1.042914
631100 299.535004 -49.161312 -20738.884766 3350.981689 54700.863281 1.042914
631200 299.535004 -49.162643 -20738.884766 3350.981689 54700.855469 1.042914
631300 299.535004 -49.164761 -20738.886719 3350.981689 54700.851562 1.042914
631400 299.535034 -49.168114 -20738.888672 3350.981934 54700.847656 1.042914
631500 299.535034 -49.170403 -20738.890625 3350.981934 54700.835938 1.042914
631600 299.535034 -49.169876 -20738.886719 3350.981934 54700.832031 1.042915
631700 299.535065 -49.170712 -20738.886719 3350.982422 54700.824219 1.042915
631800 299.535065 -49.173836 -20738.886719 3350.982422 54700.824219 1.042915
631900 299.535065 -49.176273 -20738.888672 3350.982422 54700.820312 1.042915
632000 299.535095 -49.176708 -20738.886719 3350.982666 54700.816406 1.042915
632100 299.535095 -49.175770 -20738.886719 3350.982666 54700.800781 1.042915
632200 299.535126 -49.177338 -20738.886719 3350.983154 54700.792969 1.042915
632300 299.535156 -49.177563 -20738.888672 3350.983398 54700.789062 1.042915
632400 299.535156 -49.179958 -20738.888672 3350.983398 54700.789062 1.042915
632500 299.535156 -49.181961 -20738.888672 3350.983398 54700.785156 1.042915
632600 299.535156 -49.183285 -20738.890625 3350.983398 54700.769531 1.042916
632700 299.535156 -49.184639 -20738.892578 3350.983398 54700.761719 1.042916
632800 299.535187 -49.184719 -20738.896484 3350.983643 54700.757812 1.042916
632900 299.535217 -49.184830 -20738.898438 3350.984131 54700.753906 1.042916
633000 299.535217 -49.184696 -20738.898438 3350.984131 54700.742188 1.042916
633100 299.535248 -49.185165 -20738.898438 3350.984375 54700.730469 1.042916
633200 299.535248 -49.185596 -20738.898438 3350.984375 54700.726562 1.042917
633300 299.535278 -49.187897 -20738.898438 3350.984619 54700.722656 1.042917
633400 299.535278 -49.189709 -20738.898438 3350.984619 54700.710938 1.042917
633500 299.535309 -49.190636 -20738.900391 3350.985107 54700.710938 1.042917
633600 299.535309 -49.188976 -20738.900391 3350.985107 54700.707031 1.042917
633700 299.535339 -49.191589 -20738.898438 3350.985352 54700.707031 1.042917
633800 299.535370 -49.193775 -20738.900391 3350.985596 54700.699219 1.042917
633900 299.535370 -49.195133 -20738.902344 3350.985596 54700.695312 1.042917
634000 299.535370 -49.198170 -20738.902344 3350.985596 54700.695312 1.042917
634100 299.535400 -49.199497 -20738.904297 3350.986084 54700.691406 1.042917
634200 299.535400 -49.199757 -20738.904297 3350.986084 54700.679688 1.042917
634300 299.535431 -49.197971 -20738.902344 3350.986328 54700.675781 1.042917
634400 299.535431 -49.199825 -20738.904297 3350.986328 54700.667969 1.042918
634500 299.535431 -49.201988 -20738.904297 3350.986328 54700.664062 1.042918
634600 299.535431 -49.203648 -20738.904297 3350.986328 54700.660156 1.042918
634700 299.535461 -49.202744 -20738.904297 3350.986572 54700.648438 1.042918
634800 299.535461 -49.202206 -20738.902344 3350.986572 54700.644531 1.042918
634900 299.535461 -49.202541 -20738.902344 3350.986572 54700.644531 1.042918
635000 299.535492 -49.204140 -20738.904297 3350.987061 54700.644531 1.042918
635100 299.535492 -49.205563 -20738.906250 3350.987061 54700.636719 1.042918
635200 299.535522 -49.206703 -20738.906250 3350.987305 54700.628906 1.042918
635300 299.535522 -49.208317 -20738.906250 3350.987305 54700.617188 1.042919
635400 299.535522 -49.209396 -20738.906250 3350.987305 54700.613281 1.042919
635500 299.535553 -49.209541 -20738.906250 3350.987549 54700.605469 1.042919
635600 299.535553 -49.210640 -20738.906250 3350.987549 54700.605469 1.042919
635700 299.535553 -49.211033 -20738.906250 3350.987549 54700.601562 1.042919
635800 299.535583 -49.211033 -20738.906250 3350.988037 54700.597656 1.042919
635900 299.535583 -49.211868 -20738.904297 3350.988037 54700.585938 1.042919
636000 299.535614 -49.214668 -20738.902344 3350.988770 54700.582031 1.042919
636100 299.535614 -49.216915 -20738.904297 3350.988770 54700.574219 1.042919
636200 299.535614 -49.218163 -20738.906250 3350.988770 54700.574219 1.042919
636300 299.535614 -49.218975 -20738.908203 3350.988770 54700.558594 1.042920
636400 299.535645 -49.217327 -20738.908203 3350.989014 54700.558594 1.042920
636500 299.535645 -49.217358 -20738.908203 3350.989014 54700.554688 1.042920
636600 299.535675 -49.218056 -20738.910156 3350.989258 54700.554688 1.042920
636700 299.535675 -49.221100 -20738.912109 3350.989258 54700.550781 1.042920
636800 299.535706 -49.221031 -20738.912109 3350.989746 54700.542969 1.042920
636900 299.535736 -49.221237 -20738.912109 3350.989990 54700.539062 1.042920
637000 299.535736 -49.221294 -20738.914062 3350.989990 54700.527344 1.042920
637100 299.535767 -49.220818 -20738.914062 3350.990234 54700.523438 1.042920
637200 299.535767 -49.221951 -20738.914062 3350.990234 54700.523438 1.042920
637300 299.535767 -49.223206 -20738.916016 3350.990234 54700.519531 1.042920
637400 299.535797 -49.224911 -20738.916016 3350.990723 54700.511719 1.042921
637500 299.535797 -49.226593 -20738.914062 3350.990723 54700.507812 1.042921
637600 299.535797 -49.226433 -20738.912109 3350.990723 54700.496094 1.042921
637700 299.535797 -49.227715 -20738.910156 3350.990723 54700.496094 1.042921
637800 299.535797 -49.227200 -20738.910156 3350.990723 54700.492188 1.042921
637900 299.535828 -49.228012 -20738.910156 3350.990967 54700.492188 1.042921
638000 299.535858 -49.228611 -20738.910156 3350.991211 54700.492188 1.042921
638100 299.535858 -49.228474 -20738.910156 3350.991211 54700.492188 1.042921
638200 299.535889 -49.229080 -20738.912109 3350.991699 54700.484375 1.042921
638300 299.535919 -49.230534 -20738.914062 3350.991943 54700.476562 1.042921
638400 299.535950 -49.230865 -20738.914062 3350.992188 54700.468750 1.042921
638500 299.535950 -49.231113 -20738.912109 3350.992188 54700.460938 1.042922
638600 299.535950 -49.232864 -20738.914062 3350.992188 54700.457031 1.042922
638700 299.535980 -49.233482 -20738.916016 3350.992676 54700.453125 1.042922
638800 299.535980 -49.234169 -20738.916016 3350.992676 54700.453125 1.042922
638900 299.535980 -49.234192 -20738.917969 3350.992676 54700.437500 1.042922
639000 299.535980 -49.236645 -20738.917969 3350.992676 54700.437500 1.042922
639100 299.535980 -49.238003 -20738.917969 3350.992676 54700.429688 1.042922
639200 299.536011 -49.239914 -20738.917969 3350.992920 54700.425781 1.042922
639300 299.536041 -49.240326 -20738.917969 3350.993164 54700.425781 1.042922
639400 299.536041 -49.239044 -20738.917969 3350.993164 54700.421875 1.042922
639500 299.536041 -49.240639 -20738.917969 3350.993164 54700.421875 1.042922
639600 299.536041 -49.240925 -20738.917969 3350.993164 54700.414062 1.042922
639700 299.536072 -49.241688 -20738.919922 3350.993652 54700.406250 1.042923
639800 299.536072 -49.244114 -20738.921875 3350.993652 54700.406250 1.042923
639900 299.536102 -49.244251 -20738.923828 3350.993896 54700.398438 1.042923
640000 299.536133 -49.245113 -20738.925781 3350.994385 54700.394531 1.042923
640100 299.536133 -49.247536 -20738.923828 3350.994385 54700.394531 1.042923
640200 299.536163 -49.248577 -20738.925781 3350.994629 54700.394531 1.042923
640300 299.536163 -49.247253 -20738.925781 3350.994629 54700.390625 1.042923
640400 299.536163 -49.247124 -20738.923828 3350.994629 54700.382812 1.042923
640500 299.536194 -49.247284 -20738.925781 3350.994873 54700.375000 1.042923
640600 299.536194 -49.246105 -20738.923828 3350.994873 54700.367188 1.042923
640700 299.536194 -49.247021 -20738.923828 3350.994873 54700.363281 1.042923
640800 299.536194 -49.249413 -20738.923828 3350.994873 54700.359375 1.042924
640900 299.536224 -49.251621 -20738.925781 3350.995361 54700.351562 1.042924
641000 299.536224 -49.253304 -20738.925781 3350.995361 54700.351562 1.042924
641100 299.536255 -49.255230 -20738.925781 3350.995605 54700.343750 1.042924
641200 299.536255 -49.252678 -20738.923828 3350.995605 54700.335938 1.042924
641300 299.536224 -49.252548 -20738.923828 3350.995361 54700.332031 1.042924
641400 299.536255 -49.252563 -20738.923828 3350.995605 54700.328125 1.042924
641500 299.536255 -49.254681 -20738.923828 3350.995605 54700.328125 1.042924
641600 299.536255 -49.256260 -20738.921875 3350.995605 54700.320312 1.042924
641700 299.536255 -49.258305 -20738.923828 3350.995605 54700.320312 1.042924
641800 299.536285 -49.258400 -20738.921875 3350.995850 54700.312500 1.042924
641900 299.536285 -49.258835 -20738.921875 3350.995850 54700.304688 1.042925
642000 299.536285 -49.260834 -20738.923828 3350.995850 54700.300781 1.042925
642100 299.536316 -49.260288 -20738.923828 3350.996338 54700.300781 1.042925
642200 299.536316 -49.260826 -20738.925781 3350.996338 54700.296875 1.042925
642300 299.536316 -49.263882 -20738.927734 3350.996338 54700.296875 1.042925
642400 299.536316 -49.264389 -20738.925781 3350.996338 54700.285156 1.042925
642500 299.536316 -49.265289 -20738.923828 3350.996338 54700.281250 1.042925
642600 299.536346 -49.265820 -20738.927734 3350.996582 54700.273438 1.042925
642700 299.536377 -49.264923 -20738.925781 3350.996826 54700.273438 1.042925
642800 299.536407 -49.265282 -20738.927734 3350.997314 54700.269531 1.042925
642900 299.536407 -49.265759 -20738.927734 3350.997314 54700.269531 1.042925
643000 299.536438 -49.265301 -20738.925781 3350.997559 54700.265625 1.042925
643100 299.536438 -49.264488 -20738.923828 3350.997559 54700.265625 1.042925
643200 299.536438 -49.265953 -20738.923828 3350.997559 54700.265625 1.042925
643300 299.536438 -49.266655 -20738.923828 3350.997559 54700.253906 1.042925
643400 299.536469 -49.266266 -20738.925781 3350.997803 54700.242188 1.042926
643500 299.536469 -49.267067 -20738.927734 3350.997803 54700.242188 1.042926
643600 299.536469 -49.268234 -20738.927734 3350.997803 54700.238281 1.042926
643700 299.536499 -49.269833 -20738.927734 3350.998535 54700.238281 1.042926
643800 299.536499 -49.270477 -20738.929688 3350.998535 54700.234375 1.042926
643900 299.536499 -49.271244 -20738.931641 3350.998535 54700.222656 1.042926
644000 299.536530 -49.272755 -20738.931641 3350.998779 54700.218750 1.042926
644100 299.536530 -49.272652 -20738.933594 3350.998779 54700.210938 1.042926
644200 299.536530 -49.273762 -20738.933594 3350.998779 54700.207031 1.042926
644300 299.536560 -49.274357 -20738.933594 3350.999268 54700.203125 1.042927
644400 299.536560 -49.275375 -20738.933594 3350.999268 54700.191406 1.042927
644500 299.536560 -49.275616 -20738.931641 3350.999268 54700.191406 1.042927
644600 299.536560 -49.277298 -20738.931641 3350.999268 54700.187500 1.042927
644700 299.536591 -49.278885 -20738.929688 3350.999512 54700.187500 1.042927
644800 299.536591 -49.279427 -20738.931641 3350.999512 54700.187500 1.042927
644900 299.536591 -49.279720 -20738.931641 3350.999512 54700.179688 1.042927
645000 299.536621 -49.281013 -20738.931641 3351.000000 54700.175781 1.042927
645100 299.536621 -49.282436 -20738.933594 3351.000000 54700.175781 1.042927
645200 299.536621 -49.279217 -20738.933594 3351.000000 54700.171875 1.042927
645300 299.536621 -49.278725 -20738.931641 3351.000000 54700.160156 1.042927
645400 299.536652 -49.277641 -20738.929688 3351.000244 54700.148438 1.042928
645500 299.536652 -49.279057 -20738.929688 3351.000244 54700.148438 1.042928
645600 299.536652 -49.279781 -20738.931641 3351.000244 54700.144531 1.042928
645700 299.536682 -49.278591 -20738.929688 3351.000488 54700.148438 1.042928
645800 299.536682 -49.278133 -20738.929688 3351.000488 54700.148438 1.042928
645900 299.536713 -49.279747 -20738.927734 3351.000977 54700.148438 1.042928
646000 299.536743 -49.280384 -20738.925781 3351.001221 54700.148438 1.042928
646100 299.536743 -49.282265 -20738.925781 3351.001221 54700.148438 1.042928
646200 299.536743 -49.283306 -20738.925781 3351.001221 54700.148438 1.042928
646300 299.536743 -49.283157 -20738.923828 3351.001221 54700.144531 1.042928
646400 299.536774 -49.283268 -20738.921875 3351.001465 54700.140625 1.042928
646500 299.536774 -49.283775 -20738.923828 3351.001465 54700.140625 1.042928
646600 299.536774 -49.282619 -20738.923828 3351.001465 54700.128906 1.042928
646700 299.536774 -49.283039 -20738.925781 3351.001465 54700.125000 1.042928
646800 299.536774 -49.284405 -20738.927734 3351.001465 54700.117188 1.042928
646900 299.536804 -49.286770 -20738.927734 3351.001953 54700.117188 1.042928
647000 299.536804 -49.288639 -20738.929688 3351.001953 54700.113281 1.042928
647100 299.536835 -49.289402 -20738.927734 3351.002197 54700.113281 1.042928
647200 299.536835 -49.290276 -20738.929688 3351.002197 54700.109375 1.042928
647300 299.536865 -49.289200 -20738.929688 3351.002441 54700.097656 1.042928
647400 299.536865 -49.289001 -20738.929688 3351.002441 54700.093750 1.042929
647500 299.536865 -49.288250 -20738.931641 3351.002441 54700.089844 1.042929
647600 299.536896 -49.289974 -20738.931641 3351.002930 54700.082031 1.042929
647700 299.536896 -49.291519 -20738.933594 3351.002930 54700.082031 1.042929
647800 299.536896 -49.292679 -20738.933594 3351.002930 54700.078125 1.042929
647900 299.536926 -49.293728 -20738.933594 3351.003174 54700.078125 1.042929
648000 299.536926 -49.292645 -20738.931641 3351.003174 54700.066406 1.042929
648100 299.536926 -49.292561 -20738.931641 3351.003174 54700.062500 1.042929
648200 299.536926 -49.293854 -20738.931641 3351.003174 54700.062500 1.042929
648300 299.536926 -49.294842 -20738.931641 3351.003174 54700.058594 1.042929
648400 299.536957 -49.295162 -20738.931641 3351.003418 54700.050781 1.042929
648500 299.536957 -49.295448 -20738.933594 3351.003418 54700.050781 1.042929
648600 299.536957 -49.296421 -20738.933594 3351.003418 54700.046875 1.042930
648700 299.536987 -49.293652 -20738.929688 3351.003906 54700.046875 1.042930
648800 299.536987 -49.294106 -20738.931641 3351.003906 54700.046875 1.042930
648900 299.537018 -49.297405 -20738.931641 3351.004150 54700.046875 1.042930
649000 299.537018 -49.298344 -20738.931641 3351.004150 54700.035156 1.042930
649100 299.537018 -49.299465 -20738.931641 3351.004150 54700.035156 1.042930
649200 299.537018 -49.301033 -20738.933594 3351.004150 54700.031250 1.042930
649300 299.537048 -49.302074 -20738.935547 3351.004395 54700.031250 1.042930
649400 299.537048 -49.302406 -20738.935547 3351.004395 54700.031250 1.042930
649500 299.537048 -49.299416 -20738.933594 3351.004395 54700.027344 1.042930
649600 299.537048 -49.299969 -20738.933594 3351.004395 54700.019531 1.042930
649700 299.537048 -49.300457 -20738.931641 3351.004395 54700.015625 1.042930
649800 299.537079 -49.300873 -20738.931641 3351.004883 54700.003906 1.042930
649900 299.537079 -49.301640 -20738.931641 3351.004883 54700.000000 1.042930
650000 299.537079 -49.302074 -20738.931641 3351.004883 54700.000000 1.042930
650100 299.537079 -49.302830 -20738.933594 3351.004883 54700.000000 1.042930
650200 299.537109 -49.301743 -20738.933594 3351.005127 54700.000000 1.042930
650300 299.537109 -49.301136 -20738.931641 3351.005127 54699.996094 1.042930
650400 299.537109 -49.301579 -20738.929688 3351.005127 54699.996094 1.042930
650500 299.537109 -49.303104 -20738.927734 3351.005127 54699.988281 1.042931
650600 299.537109 -49.304546 -20738.929688 3351.005127 54699.996094 1.042930
650700 299.537109 -49.306000 -20738.931641 3351.005127 54699.988281 1.042931
650800 299.537140 -49.306789 -20738.931641 3351.005615 54699.980469 1.042931
650900 299.537140 -49.308060 -20738.931641 3351.005615 54699.980469 1.042931
651000 299.537140 -49.308323 -20738.931641 3351.005615 54699.972656 1.042931
651100 299.537140 -49.308655 -20738.931641 3351.005615 54699.972656 1.042931
651200 299.537140 -49.309784 -20738.931641 3351.005615 54699.972656 1.042931
651300 299.537140 -49.310509 -20738.931641 3351.005615 54699.972656 1.042931
651400 299.537140 -49.312119 -20738.933594 3351.005615 54699.972656 1.042931
651500 299.537140 -49.311844 -20738.933594 3351.005615 54699.964844 1.042931
651600 299.537170 -49.312691 -20738.935547 3351.005859 54699.957031 1.042931
651700 299.537170 -49.312645 -20738.935547 3351.005859 54699.957031 1.042931
651800 299.537201 -49.310886 -20738.933594 3351.006104 54699.957031 1.042931
651900 299.537201 -49.309719 -20738.931641 3351.006104 54699.949219 1.042931
652000 299.537201 -49.308575 -20738.931641 3351.006104 54699.941406 1.042931
652100 299.537231 -49.307728 -20738.931641 3351.006592 54699.937500 1.042932
652200 299.537231 -49.308243 -20738.933594 3351.006592 54699.933594 1.042932
652300 299.537231 -49.309200 -20738.933594 3351.006592 54699.933594 1.042932
652400 299.537262 -49.310497 -20738.935547 3351.006836 54699.933594 1.042932
652500 299.537262 -49.311169 -20738.933594 3351.006836 54699.933594 1.042932
652600 299.537262 -49.310440 -20738.931641 3351.006836 54699.925781 1.042932
652700 299.537262 -49.310871 -20738.929688 3351.006836 54699.925781 1.042932
652800 299.537262 -49.311481 -20738.929688 3351.006836 54699.925781 1.042932
652900 299.537292 -49.312923 -20738.929688 3351.007080 54699.917969 1.042932
653000 299.537292 -49.314526 -20738.933594 3351.007080 54699.917969 1.042932
653100 299.537323 -49.317566 -20738.935547 3351.007568 54699.910156 1.042932
653200 299.537323 -49.319592 -20738.937500 3351.007568 54699.910156 1.042932
653300 299.537323 -49.319481 -20738.937500 3351.007568 54699.906250 1.042932
653400 299.537323 -49.318871 -20738.933594 3351.007568 54699.906250 1.042932
653500 299.537323 -49.318153 -20738.933594 3351.007568 54699.902344 1.042932
653600 299.537323 -49.317898 -20738.933594 3351.007568 54699.894531 1.042932
653700 299.537354 -49.318733 -20738.935547 3351.007812 54699.894531 1.042932
653800 299.537384 -49.318932 -20738.935547 3351.008057 54699.894531 1.042932
653900 299.537384 -49.319260 -20738.937500 3351.008057 54699.894531 1.042932
654000 299.537415 -49.321297 -20738.939453 3351.008789 54699.894531 1.042932
654100 299.537415 -49.320511 -20738.937500 3351.008789 54699.886719 1.042933
654200 299.537415 -49.321175 -20738.935547 3351.008789 54699.886719 1.042933
654300 299.537445 -49.321152 -20738.935547 3351.009033 54699.878906 1.042933
654400 299.537445 -49.322010 -20738.935547 3351.009033 54699.875000 1.042933
654500 299.537445 -49.320179 -20738.933594 3351.009033 54699.871094 1.042933
654600 299.537445 -49.317535 -20738.933594 3351.009033 54699.871094 1.042933
654700 299.537445 -49.317867 -20738.935547 3351.009033 54699.871094 1.042933
654800 299.537476 -49.318886 -20738.933594 3351.009521 54699.871094 1.042933
654900 299.537476 -49.319225 -20738.931641 3351.009521 54699.871094 1.042933
655000 299.537476 -49.319344 -20738.931641 3351.009521 54699.871094 1.042933
655100 299.537476 -49.317890 -20738.929688 3351.009521 54699.871094 1.042933
655200 299.537476 -49.315784 -20738.927734 3351.009521 54699.863281 1.042933
655300 299.537506 -49.316868 -20738.927734 3351.009766 54699.855469 1.042933
655400 299.537506 -49.318035 -20738.927734 3351.009766 54699.855469 1.042933
655500 299.537506 -49.319515 -20738.927734 3351.009766 54699.847656 1.042933
655600 299.537506 -49.319870 -20738.929688 3351.009766 54699.843750 1.042933
655700 299.537506 -49.322006 -20738.933594 3351.009766 54699.843750 1.042933
655800 299.537506 -49.325634 -20738.935547 3351.009766 54699.839844 1.042933
655900 299.537506 -49.326309 -20738.935547 3351.009766 54699.839844 1.042933
656000 299.537506 -49.325748 -20738.933594 3351.009766 54699.832031 1.042934
656100 299.537506 -49.323978 -20738.933594 3351.009766 54699.824219 1.042934
656200 299.537506 -49.324551 -20738.933594 3351.009766 54699.824219 1.042934
656300 299.537537 -49.324562 -20738.933594 3351.010010 54699.816406 1.042934
656400 299.537537 -49.324963 -20738.935547 3351.010010 54699.816406 1.042934
656500 299.537537 -49.325497 -20738.937500 3351.010010 54699.816406 1.042934
656600 299.537537 -49.326149 -20738.939453 3351.010010 54699.816406 1.042934
656700 299.537567 -49.327114 -20738.939453 3351.010498 54699.816406 1.042934
656800 299.537567 -49.328999 -20738.941406 3351.010498 54699.812500 1.042934
656900 299.537567 -49.329494 -20738.941406 3351.010498 54699.808594 1.042934
657000 299.537567 -49.329948 -20738.939453 3351.010498 54699.808594 1.042934
657100 299.537567 -49.331451 -20738.939453 3351.010498 54699.808594 1.042934
657200 299.537598 -49.330143 -20738.937500 3351.010742 54699.800781 1.042934
657300 299.537598 -49.329803 -20738.935547 3351.010742 54699.792969 1.042934
657400 299.537628 -49.329594 -20738.933594 3351.011230 54699.792969 1.042934
657500 299.537628 -49.330029 -20738.935547 3351.011230 54699.792969 1.042934
657600 299.537628 -49.330418 -20738.937500 3351.011230 54699.792969 1.042934
657700 299.537628 -49.329964 -20738.937500 3351.011230 54699.792969 1.042934
657800 299.537659 -49.330662 -20738.937500 3351.011475 54699.785156 1.042934
657900 299.537659 -49.328976 -20738.935547 3351.011475 54699.792969 1.042934
658000 299.537689 -49.328728 -20738.933594 3351.011719 54699.792969 1.042934
658100 299.537689 -49.330887 -20738.931641 3351.011719 54699.785156 1.042934
658200 299.537689 -49.330933 -20738.933594 3351.011719 54699.785156 1.042934
658300 299.537689 -49.331154 -20738.933594 3351.011719 54699.781250 1.042935
658400 299.537720 -49.330971 -20738.931641 3351.012207 54699.781250 1.042935
658500 299.537720 -49.330971 -20738.931641 3351.012207 54699.777344 1.042935
658600 299.537720 -49.331715 -20738.933594 3351.012207 54699.777344 1.042935
658700 299.537720 -49.331028 -20738.931641 3351.012207 54699.777344 1.042935
658800 299.537720 -49.329941 -20738.929688 3351.012207 54699.769531 1.042935
658900 299.537720 -49.329437 -20738.931641 3351.012207 54699.769531 1.042935
659000 299.537720 -49.329563 -20738.929688 3351.012207 54699.761719 1.042935
659100 299.537720 -49.330238 -20738.931641 3351.012207 54699.761719 1.042935
659200 299.537750 -49.331917 -20738.931641 3351.012451 54699.753906 1.042935
659300 299.537750 -49.332790 -20738.931641 3351.012451 54699.753906 1.042935
659400 299.537750 -49.332664 -20738.933594 3351.012451 54699.753906 1.042935
659500 299.537750 -49.333351 -20738.933594 3351.012451 54699.750000 1.042935
659600 299.537781 -49.334324 -20738.931641 3351.012695 54699.750000 1.042935
659700 299.537781 -49.336121 -20738.933594 3351.012695 54699.750000 1.042935
659800 299.537781 -49.336521 -20738.933594 3351.012695 54699.746094 1.042935
659900 299.537781 -49.336285 -20738.933594 3351.012695 54699.746094 1.042935
660000 299.537781 -49.335526 -20738.933594 3351.012695 54699.738281 1.042935
660100 299.537781 -49.335358 -20738.933594 3351.012695 54699.738281 1.042935
660200 299.537781 -49.334522 -20738.933594 3351.012695 54699.730469 1.042935
660300 299.537781 -49.334209 -20738.933594 3351.012695 54699.730469 1.042935
660400 299.537781 -49.335140 -20738.933594 3351.012695 54699.722656 1.042936
660500 299.537781 -49.335766 -20738.933594 3351.012695 54699.722656 1.042936
660600 299.537811 -49.335686 -20738.933594 3351.013184 54699.722656 1.042936
660700 299.537811 -49.336212 -20738.933594 3351.013184 54699.718750 1.042936
660800 299.537811 -49.337715 -20738.933594 3351.013184 54699.714844 1.042936
660900 299.537811 -49.338375 -20738.933594 3351.013184 54699.714844 1.042936
661000 299.537842 -49.337013 -20738.933594 3351.013428 54699.714844 1.042936
661100 299.537842 -49.336922 -20738.935547 3351.013428 54699.714844 1.042936
661200 299.537842 -49.338432 -20738.937500 3351.013428 54699.714844 1.042936
661300 299.537842 -49.339451 -20738.937500 3351.013428 54699.714844 1.042936
661400 299.537842 -49.340252 -20738.937500 3351.013428 54699.703125 1.042936
661500 299.537872 -49.340183 -20738.937500 3351.013672 54699.703125 1.042936
661600 299.537872 -49.340332 -20738.937500 3351.013672 54699.699219 1.042936
661700 299.537872 -49.341442 -20738.935547 3351.013672 54699.699219 1.042936
661800 299.537872 -49.342735 -20738.937500 3351.013672 54699.699219 1.042936
661900 299.537872 -49.342751 -20738.937500 3351.013672 54699.699219 1.042936
662000 299.537872 -49.342693 -20738.937500 3351.013672 54699.695312 1.042936
662100 299.537903 -49.343071 -20738.935547 3351.014160 54699.695312 1.042936
662200 299.537903 -49.344234 -20738.933594 3351.014160 54699.695312 1.042936
662300 299.537872 -49.346306 -20738.933594 3351.013672 54699.687500 1.042936
662400 299.537872 -49.345577 -20738.931641 3351.013672 54699.687500 1.042936
662500 299.537903 -49.344166 -20738.929688 3351.014160 54699.687500 1.042936
662600 299.537903 -49.343365 -20738.931641 3351.014160 54699.687500 1.042936
662700 299.537933 -49.343616 -20738.931641 3351.014404 54699.687500 1.042936
662800 299.537933 -49.345356 -20738.929688 3351.014404 54699.687500 1.042936
662900 299.537933 -49.345440 -20738.929688 3351.014404 54699.687500 1.042936
663000 299.537933 -49.345768 -20738.927734 3351.014404 54699.687500 1.042936
663100 299.537964 -49.346455 -20738.927734 3351.014648 54699.687500 1.042936
663200 299.537964 -49.345894 -20738.927734 3351.014648 54699.683594 1.042936
663300 299.537964 -49.345219 -20738.927734 3351.014648 54699.683594 1.042936
663400 299.537964 -49.344383 -20738.927734 3351.014648 54699.671875 1.042937
663500 299.537964 -49.343437 -20738.925781 3351.014648 54699.667969 1.042937
663600 299.537994 -49.342850 -20738.927734 3351.015137 54699.667969 1.042937
663700 299.537994 -49.342667 -20738.927734 3351.015137 54699.667969 1.042937
663800 299.537994 -49.341831 -20738.927734 3351.015137 54699.667969 1.042937
663900 299.537994 -49.342293 -20738.927734 3351.015137 54699.664062 1.042937
664000 299.537994 -49.344486 -20738.925781 3351.015137 54699.664062 1.042937
664100 299.538025 -49.345871 -20738.927734 3351.015381 54699.656250 1.042937
664200 299.538025 -49.346066 -20738.925781 3351.015381 54699.664062 1.042937
664300 299.538025 -49.346512 -20738.925781 3351.015381 54699.664062 1.042937
664400 299.538055 -49.346745 -20738.925781 3351.015625 54699.664062 1.042937
664500 299.538055 -49.346546 -20738.925781 3351.015625 54699.656250 1.042937
664600 299.538055 -49.345562 -20738.927734 3351.015625 54699.652344 1.042937
664700 299.538055 -49.345688 -20738.927734 3351.015625 54699.652344 1.042937
664800 299.538055 -49.345390 -20738.929688 3351.015625 54699.640625 1.042937
664900 299.538055 -49.345413 -20738.929688 3351.015625 54699.640625 1.042937
665000 299.538055 -49.345417 -20738.929688 3351.015625 54699.640625 1.042937
665100 299.538086 -49.345985 -20738.929688 3351.016113 54699.640625 1.042937
665200 299.538086 -49.347359 -20738.929688 3351.016113 54699.636719 1.042937
665300 299.538086 -49.347874 -20738.931641 3351.016113 54699.636719 1.042937
665400 299.538086 -49.348618 -20738.931641 3351.016113 54699.636719 1.042937
665500 299.538086 -49.349274 -20738.929688 3351.016113 54699.632812 1.042937
665600 299.538086 -49.349533 -20738.929688 3351.016113 54699.632812 1.042937
665700 299.538086 -49.349361 -20738.929688 3351.016113 54699.625000 1.042938
665800 299.538086 -49.349705 -20738.929688 3351.016113 54699.625000 1.042938
665900 299.538116 -49.350121 -20738.931641 3351.016357 54699.625000 1.042938
666000 299.538116 -49.349983 -20738.933594 3351.016357 54699.621094 1.042938
666100 299.538116 -49.350117 -20738.933594 3351.016357 54699.621094 1.042938
666200 299.538116 -49.350506 -20738.933594 3351.016357 54699.621094 1.042938
666300 299.538116 -49.350689 -20738.933594 3351.016357 54699.609375 1.042938
666400 299.538147 -49.353676 -20738.933594 3351.016846 54699.609375 1.042938
666500 299.538147 -49.354343 -20738.931641 3351.016846 54699.609375 1.042938
666600 299.538147 -49.354950 -20738.935547 3351.016846 54699.609375 1.042938
666700 299.538147 -49.355999 -20738.935547 3351.016846 54699.609375 1.042938
666800 299.538147 -49.356209 -20738.933594 3351.016846 54699.609375 1.042938
666900 299.538147 -49.355118 -20738.933594 3351.016846 54699.605469 1.042938
667000 299.538147 -49.354477 -20738.931641 3351.016846 54699.605469 1.042938
667100 299.538147 -49.355690 -20738.933594 3351.016846 54699.601562 1.042938
667200 299.538147 -49.357533 -20738.933594 3351.016846 54699.601562 1.042938
667300 299.538147 -49.358620 -20738.933594 3351.016846 54699.601562 1.042938
667400 299.538147 -49.358093 -20738.933594 3351.016846 54699.601562 1.042938
667500 299.538177 -49.356525 -20738.931641 3351.017090 54699.601562 1.042938
667600 299.538177 -49.355839 -20738.931641 3351.017090 54699.601562 1.042938
667700 299.538177 -49.356186 -20738.933594 3351.017090 54699.593750 1.042938
667800 299.538177 -49.356342 -20738.933594 3351.017090 54699.593750 1.042938
667900 299.538177 -49.354687 -20738.931641 3351.017090 54699.589844 1.042938
668000 299.538177 -49.354202 -20738.931641 3351.017090 54699.589844 1.042938
668100 299.538208 -49.354721 -20738.929688 3351.017334 54699.589844 1.042938
668200 299.538208 -49.354717 -20738.929688 3351.017334 54699.589844 1.042938
668300 299.538239 -49.354767 -20738.931641 3351.017822 54699.578125 1.042938
668400 299.538239 -49.355740 -20738.933594 3351.017822 54699.578125 1.042938
668500 299.538239 -49.356369 -20738.931641 3351.017822 54699.578125 1.042938
668600 299.538239 -49.356617 -20738.933594 3351.017822 54699.578125 1.042938
668700 299.538269 -49.357365 -20738.933594 3351.018066 54699.578125 1.042938
668800 299.538269 -49.357983 -20738.933594 3351.018066 54699.578125 1.042938
668900 299.538269 -49.358837 -20738.933594 3351.018066 54699.578125 1.042938
669000 299.538269 -49.357819 -20738.931641 3351.018066 54699.574219 1.042938
669100 299.538239 -49.358425 -20738.929688 3351.017822 54699.574219 1.042938
669200 299.538239 -49.359180 -20738.927734 3351.017822 54699.574219 1.042938
669300 299.538269 -49.359192 -20738.929688 3351.018066 54699.574219 1.042938
669400 299.538269 -49.358269 -20738.929688 3351.018066 54699.570312 1.042939
669500 299.538269 -49.358196 -20738.929688 3351.018066 54699.562500 1.042939
669600 299.538269 -49.358448 -20738.929688 3351.018066 54699.558594 1.042939
669700 299.538269 -49.358631 -20738.931641 3351.018066 54699.558594 1.042939
669800 299.538269 -49.359390 -20738.933594 3351.018066 54699.558594 1.042939
669900 299.538269 -49.359947 -20738.933594 3351.018066 54699.558594 1.042939
670000 299.538269 -49.360718 -20738.933594 3351.018066 54699.546875 1.042939
670100 299.538300 -49.361343 -20738.935547 3351.018311 54699.542969 1.042939
670200 299.538300 -49.361103 -20738.935547 3351.018311 54699.542969 1.042939
670300 299.538300 -49.360130 -20738.933594 3351.018311 54699.542969 1.042939
670400 299.538300 -49.360031 -20738.933594 3351.018311 54699.542969 1.042939
670500 299.538300 -49.358906 -20738.931641 3351.018311 54699.546875 1.042939
670600 299.538330 -49.358608 -20738.929688 3351.019043 54699.546875 1.042939
670700 299.538330 -49.358208 -20738.929688 3351.019043 54699.546875 1.042939
670800 299.538330 -49.359146 -20738.927734 3351.019043 54699.542969 1.042939
670900 299.538330 -49.358498 -20738.927734 3351.019043 54699.546875 1.042939
671000 299.538330 -49.357933 -20738.925781 3351.019043 54699.542969 1.042939
671100 299.538330 -49.357372 -20738.925781 3351.019043 54699.542969 1.042939
671200 299.538330 -49.355782 -20738.923828 3351.019043 54699.542969 1.042939
671300 299.538361 -49.358097 -20738.923828 3351.019287 54699.542969 1.042939
671400 299.538361 -49.360291 -20738.923828 3351.019287 54699.542969 1.042939
671500 299.538361 -49.361481 -20738.923828 3351.019287 54699.542969 1.042939
671600 299.538361 -49.362526 -20738.923828 3351.019287 54699.539062 1.042939
671700 299.538361 -49.363316 -20738.925781 3351.019287 54699.539062 1.042939
671800 299.538361 -49.364136 -20738.927734 3351.019287 54699.539062 1.042939
671900 299.538391 -49.364227 -20738.927734 3351.019775 54699.531250 1.042939
672000 299.538361 -49.363621 -20738.927734 3351.019287 54699.531250 1.042939
672100 299.538391 -49.364239 -20738.927734 3351.019775 54699.531250 1.042939
672200 299.538391 -49.365051 -20738.927734 3351.019775 54699.527344 1.042939
672300 299.538391 -49.365753 -20738.929688 3351.019775 54699.527344 1.042939
672400 299.538391 -49.366699 -20738.931641 3351.019775 54699.515625 1.042940
672500 299.538391 -49.366837 -20738.931641 3351.019775 54699.515625 1.042940
672600 299.538422 -49.366894 -20738.931641 3351.020020 54699.515625 1.042940
672700 299.538422 -49.366051 -20738.931641 3351.020020 54699.515625 1.042940
672800 299.538422 -49.364845 -20738.929688 3351.020020 54699.515625 1.042940
672900 299.538422 -49.363335 -20738.929688 3351.020020 54699.515625 1.042940
673000 299.538452 -49.362568 -20738.929688 3351.020264 54699.515625 1.042940
673100 299.538452 -49.363197 -20738.929688 3351.020264 54699.515625 1.042940
673200 299.538483 -49.362766 -20738.927734 3351.020752 54699.515625 1.042940
673300 299.538483 -49.361881 -20738.927734 3351.020752 54699.511719 1.042940
673400 299.538483 -49.361301 -20738.927734 3351.020752 54699.511719 1.042940
673500 299.538483 -49.360989 -20738.925781 3351.020752 54699.507812 1.042940
673600 299.538483 -49.360706 -20738.923828 3351.020752 54699.507812 1.042940
673700 299.538483 -49.361801 -20738.923828 3351.020752 54699.507812 1.042940
673800 299.538483 -49.363098 -20738.925781 3351.020752 54699.507812 1.042940
673900 299.538483 -49.364479 -20738.925781 3351.020752 54699.507812 1.042940
674000 299.538483 -49.367214 -20738.925781 3351.020752 54699.507812 1.042940
674100 299.538483 -49.368153 -20738.927734 3351.020752 54699.500000 1.042940
674200 299.538513 -49.368248 -20738.927734 3351.020996 54699.500000 1.042940
674300 299.538513 -49.368061 -20738.927734 3351.020996 54699.496094 1.042940
674400 299.538513 -49.368305 -20738.929688 3351.020996 54699.496094 1.042940
674500 299.538513 -49.366482 -20738.927734 3351.020996 54699.496094 1.042940
674600 299.538544 -49.364845 -20738.925781 3351.021240 54699.496094 1.042940
674700 299.538544 -49.363670 -20738.923828 3351.021240 54699.496094 1.042940
674800 299.538544 -49.363785 -20738.921875 3351.021240 54699.496094 1.042940
674900 299.538544 -49.363853 -20738.921875 3351.021240 54699.496094 1.042940
675000 299.538513 -49.365009 -20738.923828 3351.020996 54699.496094 1.042940
675100 299.538544 -49.366356 -20738.925781 3351.021240 54699.496094 1.042940
675200 299.538544 -49.366722 -20738.923828 3351.021240 54699.496094 1.042940
675300 299.538544 -49.366413 -20738.925781 3351.021240 54699.496094 1.042940
675400 299.538544 -49.366287 -20738.925781 3351.021240 54699.496094 1.042940
675500 299.538544 -49.366486 -20738.925781 3351.021240 54699.496094 1.042940
675600 299.538544 -49.366863 -20738.925781 3351.021240 54699.496094 1.042940
675700 299.538544 -49.368050 -20738.925781 3351.021240 54699.496094 1.042940
675800 299.538544 -49.368942 -20738.927734 3351.021240 54699.496094 1.042940
675900 299.538544 -49.369354 -20738.929688 3351.021240 54699.496094 1.042940
676000 299.538544 -49.369766 -20738.929688 3351.021240 54699.496094 1.042940
676100 299.538544 -49.369709 -20738.929688 3351.021240 54699.484375 1.042940
676200 299.538544 -49.369663 -20738.927734 3351.021240 54699.484375 1.042940
676300 299.538544 -49.370407 -20738.927734 3351.021240 54699.484375 1.042940
676400 299.538544 -49.370636 -20738.925781 3351.021240 54699.484375 1.042940
676500 299.538544 -49.369164 -20738.923828 3351.021240 54699.480469 1.042940
676600 299.538544 -49.368656 -20738.921875 3351.021240 54699.480469 1.042940
676700 299.538544 -49.368855 -20738.921875 3351.021240 54699.480469 1.042940
676800 299.538544 -49.369576 -20738.923828 3351.021240 54699.480469 1.042940
676900 299.538574 -49.370213 -20738.927734 3351.021729 54699.480469 1.042940
677000 299.538574 -49.371037 -20738.927734 3351.021729 54699.480469 1.042940
677100 299.538574 -49.370968 -20738.927734 3351.021729 54699.476562 1.042940
677200 299.538574 -49.370583 -20738.925781 3351.021729 54699.476562 1.042940
677300 299.538574 -49.371647 -20738.925781 3351.021729 54699.476562 1.042940
677400 299.538574 -49.372742 -20738.923828 3351.021729 54699.476562 1.042940
677500 299.538574 -49.373383 -20738.923828 3351.021729 54699.476562 1.042940
677600 299.538544 -49.373707 -20738.923828 3351.021240 54699.476562 1.042940
677700 299.538574 -49.373901 -20738.921875 3351.021729 54699.476562 1.042940
677800 299.538574 -49.373890 -20738.921875 3351.021729 54699.476562 1.042940
677900 299.538574 -49.373497 -20738.921875 3351.021729 54699.468750 1.042940
678000 299.538574 -49.372971 -20738.921875 3351.021729 54699.468750 1.042940
678100 299.538574 -49.372826 -20738.923828 3351.021729 54699.468750 1.042940
678200 299.538574 -49.371117 -20738.921875 3351.021729 54699.468750 1.042940
678300 299.538605 -49.370716 -20738.921875 3351.021973 54699.468750 1.042940
678400 299.538605 -49.370720 -20738.923828 3351.021973 54699.464844 1.042941
678500 299.538605 -49.370979 -20738.923828 3351.021973 54699.464844 1.042941
678600 299.538635 -49.371391 -20738.925781 3351.022461 54699.453125 1.042941
678700 299.538635 -49.371323 -20738.925781 3351.022461 54699.453125 1.042941
678800 299.538635 -49.371552 -20738.925781 3351.022461 54699.453125 1.042941
678900 299.538635 -49.371349 -20738.927734 3351.022461 54699.453125 1.042941
679000 299.538635 -49.372139 -20738.927734 3351.022461 54699.453125 1.042941
679100 299.538635 -49.373142 -20738.927734 3351.022461 54699.453125 1.042941
679200 299.538635 -49.373650 -20738.927734 3351.022461 54699.453125 1.042941
679300 299.538635 -49.373543 -20738.927734 3351.022461 54699.449219 1.042941
679400 299.538635 -49.373417 -20738.925781 3351.022461 54699.449219 1.042941
679500 299.538635 -49.373737 -20738.925781 3351.022461 54699.449219 1.042941
679600 299.538635 -49.373512 -20738.925781 3351.022461 54699.449219 1.042941
679700 299.538635 -49.373199 -20738.923828 3351.022461 54699.449219 1.042941
679800 299.538635 -49.374447 -20738.923828 3351.022461 54699.449219 1.042941
679900 299.538635 -49.374950 -20738.925781 3351.022461 54699.445312 1.042941
680000 299.538635 -49.375751 -20738.925781 3351.022461 54699.445312 1.042941
680100 299.538635 -49.375774 -20738.925781 3351.022461 54699.437500 1.042941
680200 299.538666 -49.374916 -20738.925781 3351.022705 54699.437500 1.042941
680300 299.538666 -49.374298 -20738.925781 3351.022705 54699.437500 1.042941
680400 299.538666 -49.375340 -20738.925781 3351.022705 54699.437500 1.042941
680500 299.538666 -49.376438 -20738.925781 3351.022705 54699.437500 1.042941
680600 299.538666 -49.377285 -20738.925781 3351.022705 54699.437500 1.042941
680700 299.538666 -49.376404 -20738.925781 3351.022705 54699.437500 1.042941
680800 299.538696 -49.375835 -20738.923828 3351.022949 54699.437500 1.042941
680900 299.538696 -49.375900 -20738.923828 3351.022949 54699.437500 1.042941
681000 299.538696 -49.374321 -20738.921875 3351.022949 54699.437500 1.042941
681100 299.538696 -49.373455 -20738.921875 3351.022949 54699.429688 1.042941
681200 299.538696 -49.373165 -20738.919922 3351.022949 54699.429688 1.042941
681300 299.538696 -49.372734 -20738.919922 3351.022949 54699.429688 1.042941
681400 299.538727 -49.372593 -20738.917969 3351.023438 54699.429688 1.042941
681500 299.538727 -49.372700 -20738.919922 3351.023438 54699.421875 1.042941
681600 299.538727 -49.373005 -20738.921875 3351.023438 54699.421875 1.042941
681700 299.538727 -49.373714 -20738.921875 3351.023438 54699.421875 1.042941
681800 299.538727 -49.374470 -20738.921875 3351.023438 54699.421875 1.042941
681900 299.538727 -49.374481 -20738.921875 3351.023438 54699.417969 1.042941
682000 299.538757 -49.373829 -20738.923828 3351.023682 54699.417969 1.042941
682100 299.538757 -49.372822 -20738.921875 3351.023682 54699.417969 1.042941
682200 299.538788 -49.372135 -20738.921875 3351.023926 54699.417969 1.042941
682300 299.538788 -49.371563 -20738.923828 3351.023926 54699.417969 1.042941
682400 299.538788 -49.371780 -20738.923828 3351.023926 54699.417969 1.042941
682500 299.538788 -49.372536 -20738.923828 3351.023926 54699.417969 1.042941
682600 299.538788 -49.373741 -20738.923828 3351.023926 54699.414062 1.042942
682700 299.538788 -49.373566 -20738.923828 3351.023926 54699.417969 1.042941
682800 299.538788 -49.373306 -20738.921875 3351.023926 54699.414062 1.042942
682900 299.538788 -49.374207 -20738.921875 3351.023926 54699.414062 1.042942
683000 299.538788 -49.373737 -20738.921875 3351.023926 54699.414062 1.042942
683100 299.538788 -49.374161 -20738.921875 3351.023926 54699.414062 1.042942
683200 299.538788 -49.374275 -20738.919922 3351.023926 54699.414062 1.042942
683300 299.538788 -49.375511 -20738.921875 3351.023926 54699.414062 1.042942
683400 299.538788 -49.375980 -20738.923828 3351.023926 54699.406250 1.042942
683500 299.538788 -49.376728 -20738.925781 3351.023926 54699.406250 1.042942
683600 299.538788 -49.376095 -20738.923828 3351.023926 54699.406250 1.042942
683700 299.538757 -49.375309 -20738.923828 3351.023682 54699.406250 1.042942
683800 299.538788 -49.375717 -20738.923828 3351.023926 54699.406250 1.042942
683900 299.538788 -49.376575 -20738.923828 3351.023926 54699.406250 1.042942
684000 299.538788 -49.377205 -20738.923828 3351.023926 54699.406250 1.042942
684100 299.538788 -49.376724 -20738.923828 3351.023926 54699.406250 1.042942
684200 299.538788 -49.377159 -20738.923828 3351.023926 54699.406250 1.042942
684300 299.538788 -49.378681 -20738.923828 3351.023926 54699.406250 1.042942
684400 299.538788 -49.379436 -20738.923828 3351.023926 54699.398438 1.042942
684500 299.538818 -49.379063 -20738.923828 3351.024414 54699.398438 1.042942
684600 299.538818 -49.379265 -20738.925781 3351.024414 54699.398438 1.042942
684700 299.538818 -49.378307 -20738.925781 3351.024414 54699.398438 1.042942
684800 299.538818 -49.378456 -20738.925781 3351.024414 54699.390625 1.042942
684900 299.538818 -49.379070 -20738.925781 3351.024414 54699.390625 1.042942
685000 299.538818 -49.378990 -20738.927734 3351.024414 54699.390625 1.042942
685100 299.538818 -49.378899 -20738.925781 3351.024414 54699.390625 1.042942
685200 299.538818 -49.379486 -20738.927734 3351.024414 54699.386719 1.042942
685300 299.538818 -49.379520 -20738.927734 3351.024414 54699.386719 1.042942
685400 299.538849 -49.379791 -20738.929688 3351.024658 54699.382812 1.042942
685500 299.538818 -49.380558 -20738.927734 3351.024414 54699.382812 1.042942
685600 299.538849 -49.380455 -20738.927734 3351.024658 54699.382812 1.042942
685700 299.538849 -49.381634 -20738.929688 3351.024658 54699.382812 1.042942
685800 299.538849 -49.381004 -20738.929688 3351.024658 54699.382812 1.042942
685900 299.538818 -49.380661 -20738.927734 3351.024414 54699.382812 1.042942
686000 299.538818 -49.381680 -20738.927734 3351.024414 54699.382812 1.042942
686100 299.538849 -49.381760 -20738.925781 3351.024658 54699.386719 1.042942
686200 299.538849 -49.382504 -20738.925781 3351.024658 54699.386719 1.042942
686300 299.538849 -49.382828 -20738.925781 3351.024658 54699.390625 1.042942
686400 299.538879 -49.383808 -20738.927734 3351.024902 54699.386719 1.042942
686500 299.538879 -49.384361 -20738.927734 3351.024902 54699.390625 1.042942
686600 299.538879 -49.383274 -20738.927734 3351.024902 54699.386719 1.042942
686700 299.538879 -49.383373 -20738.927734 3351.024902 54699.386719 1.042942
686800 299.538910 -49.382481 -20738.927734 3351.025391 54699.386719 1.042942
686900 299.538940 -49.382618 -20738.927734 3351.025635 54699.386719 1.042942
687000 299.538940 -49.382347 -20738.927734 3351.025635 54699.386719 1.042942
687100 299.538940 -49.382072 -20738.927734 3351.025635 54699.386719 1.042942
687200 299.538940 -49.382103 -20738.925781 3351.025635 54699.386719 1.042942
687300 299.538940 -49.382687 -20738.925781 3351.025635 54699.382812 1.042942
687400 299.538940 -49.382504 -20738.925781 3351.025635 54699.382812 1.042942
687500 299.538940 -49.382515 -20738.925781 3351.025635 54699.382812 1.042942
687600 299.538940 -49.383018 -20738.925781 3351.025635 54699.386719 1.042942
687700 299.538940 -49.383293 -20738.925781 3351.025635 54699.386719 1.042942
687800 299.538940 -49.383488 -20738.925781 3351.025635 54699.386719 1.042942
687900 299.538940 -49.383045 -20738.923828 3351.025635 54699.386719 1.042942
688000 299.538940 -49.382572 -20738.925781 3351.025635 54699.386719 1.042942
688100 299.538940 -49.382828 -20738.925781 3351.025635 54699.382812 1.042942
688200 299.538940 -49.382698 -20738.923828 3351.025635 54699.382812 1.042942
688300 299.538971 -49.382103 -20738.923828 3351.025879 54699.375000 1.042942
688400 299.538940 -49.382629 -20738.925781 3351.025635 54699.375000 1.042942
688500 299.538940 -49.382755 -20738.925781 3351.025635 54699.375000 1.042942
688600 299.538940 -49.383259 -20738.925781 3351.025635 54699.367188 1.042942
688700 299.538971 -49.382423 -20738.923828 3351.025879 54699.367188 1.042942
688800 299.538971 -49.382107 -20738.923828 3351.025879 54699.367188 1.042942
688900 299.538971 -49.383434 -20738.923828 3351.025879 54699.367188 1.042942
689000 299.538971 -49.384586 -20738.925781 3351.025879 54699.367188 1.042942
689100 299.538971 -49.384735 -20738.927734 3351.025879 54699.359375 1.042943
689200 299.538971 -49.384769 -20738.929688 3351.025879 54699.355469 1.042943
689300 299.538971 -49.384838 -20738.929688 3351.025879 54699.355469 1.042943
689400 299.538971 -49.384773 -20738.929688 3351.025879 54699.355469 1.042943
689500 299.538971 -49.386463 -20738.929688 3351.025879 54699.355469 1.042943
689600 299.538971 -49.387630 -20738.927734 3351.025879 54699.359375 1.042943
689700 299.538971 -49.388237 -20738.927734 3351.025879 54699.359375 1.042943
689800 299.538971 -49.387115 -20738.927734 3351.025879 54699.359375 1.042943
689900 299.538971 -49.387035 -20738.927734 3351.025879 54699.359375 1.042943
690000 299.538971 -49.386913 -20738.927734 3351.025879 54699.359375 1.042943
690100 299.538940 -49.386475 -20738.925781 3351.025635 54699.359375 1.042943
690200 299.538971 -49.386398 -20738.925781 3351.025879 54699.359375 1.042943
690300 299.538971 -49.385376 -20738.925781 3351.025879 54699.359375 1.042943
690400 299.538971 -49.384277 -20738.925781 3351.025879 54699.359375 1.042943
690500 299.539001 -49.384521 -20738.925781 3351.026367 54699.355469 1.042943
690600 299.539001 -49.384853 -20738.925781 3351.026367 54699.355469 1.042943
690700 299.539001 -49.385445 -20738.927734 3351.026367 54699.355469 1.042943
690800 299.539032 -49.384785 -20738.927734 3351.026611 54699.355469 1.042943
690900 299.539032 -49.384041 -20738.927734 3351.026611 54699.355469 1.042943
691000 299.539032 -49.383938 -20738.927734 3351.026611 54699.355469 1.042943
691100 299.539032 -49.383263 -20738.927734 3351.026611 54699.351562 1.042943
691200 299.539032 -49.382870 -20738.925781 3351.026611 54699.351562 1.042943
691300 299.539032 -49.381924 -20738.925781 3351.026611 54699.351562 1.042943
691400 299.539062 -49.381680 -20738.925781 3351.026855 54699.351562 1.042943
691500 299.539062 -49.382004 -20738.927734 3351.026855 54699.351562 1.042943
691600 299.539062 -49.382481 -20738.927734 3351.026855 54699.351562 1.042943
691700 299.539062 -49.382641 -20738.927734 3351.026855 54699.351562 1.042943
691800 299.539062 -49.382668 -20738.927734 3351.026855 54699.351562 1.042943
691900 299.539062 -49.383499 -20738.925781 3351.026855 54699.351562 1.042943
692000 299.539062 -49.384094 -20738.927734 3351.026855 54699.351562 1.042943
692100 299.539062 -49.385571 -20738.927734 3351.026855 54699.351562 1.042943
692200 299.539062 -49.386349 -20738.927734 3351.026855 54699.351562 1.042943
692300 299.539062 -49.386387 -20738.927734 3351.026855 54699.351562 1.042943
692400 299.539062 -49.387413 -20738.927734 3351.026855 54699.343750 1.042943
692500 299.539062 -49.388546 -20738.927734 3351.026855 54699.343750 1.042943
692600 299.539062 -49.388729 -20738.927734 3351.026855 54699.343750 1.042943
692700 299.539062 -49.388866 -20738.929688 3351.026855 54699.343750 1.042943
692800 299.539062 -49.387962 -20738.927734 3351.026855 54699.343750 1.042943
692900 299.539062 -49.385746 -20738.929688 3351.026855 54699.343750 1.042943
693000 299.539032 -49.385021 -20738.929688 3351.026611 54699.335938 1.042943
693100 299.539062 -49.384438 -20738.929688 3351.026855 54699.335938 1.042943
693200 299.539062 -49.383602 -20738.929688 3351.026855 54699.335938 1.042943
693300 299.539062 -49.383739 -20738.929688 3351.026855 54699.335938 1.042943
693400 299.539062 -49.382759 -20738.927734 3351.026855 54699.328125 1.042943
693500 299.539062 -49.384373 -20738.929688 3351.026855 54699.328125 1.042943
693600 299.539062 -49.385731 -20738.931641 3351.026855 54699.328125 1.042943
693700 299.539062 -49.386806 -20738.931641 3351.026855 54699.328125 1.042943
693800 299.539062 -49.387596 -20738.931641 3351.026855 54699.328125 1.042943
693900 299.539062 -49.388069 -20738.933594 3351.026855 54699.328125 1.042943
694000 299.539062 -49.388489 -20738.933594 3351.026855 54699.328125 1.042943
694100 299.539062 -49.389050 -20738.933594 3351.026855 54699.328125 1.042943
694200 299.539062 -49.388607 -20738.933594 3351.026855 54699.328125 1.042943
694300 299.539062 -49.388832 -20738.933594 3351.026855 54699.328125 1.042943
694400 299.539062 -49.389233 -20738.933594 3351.026855 54699.335938 1.042943
694500 299.539062 -49.389519 -20738.933594 3351.026855 54699.335938 1.042943
694600 299.539062 -49.389465 -20738.933594 3351.026855 54699.335938 1.042943
694700 299.539062 -49.389851 -20738.933594 3351.026855 54699.328125 1.042943
694800 299.539062 -49.390232 -20738.933594 3351.026855 54699.328125 1.042943
694900 299.539062 -49.390621 -20738.933594 3351.026855 54699.328125 1.042943
695000 299.539093 -49.389130 -20738.933594 3351.027344 54699.328125 1.042943
695100 299.539093 -49.387825 -20738.931641 3351.027344 54699.328125 1.042943
695200 299.539093 -49.386246 -20738.931641 3351.027344 54699.328125 1.042943
695300 299.539093 -49.385571 -20738.931641 3351.027344 54699.324219 1.042943
695400 299.539093 -49.385330 -20738.931641 3351.027344 54699.324219 1.042943
695500 299.539093 -49.385857 -20738.931641 3351.027344 54699.328125 1.042943
695600 299.539124 -49.386887 -20738.931641 3351.027588 54699.324219 1.042943
695700 299.539124 -49.387291 -20738.931641 3351.027588 54699.328125 1.042943
695800 299.539124 -49.387253 -20738.931641 3351.027588 54699.328125 1.042943
695900 299.539124 -49.387726 -20738.931641 3351.027588 54699.328125 1.042943
696000 299.539124 -49.387562 -20738.933594 3351.027588 54699.328125 1.042943
696100 299.539124 -49.387333 -20738.933594 3351.027588 54699.324219 1.042943
696200 299.539124 -49.386143 -20738.935547 3351.027588 54699.324219 1.042943
696300 299.539124 -49.385162 -20738.933594 3351.027588 54699.324219 1.042943
696400 299.539124 -49.384735 -20738.933594 3351.027588 54699.324219 1.042943
696500 299.539124 -49.385643 -20738.933594 3351.027588 54699.320312 1.042943
696600 299.539124 -49.385925 -20738.935547 3351.027588 54699.320312 1.042943
696700 299.539124 -49.387516 -20738.935547 3351.027588 54699.320312 1.042943
696800 299.539124 -49.389439 -20738.935547 3351.027588 54699.320312 1.042943
696900 299.539124 -49.390640 -20738.937500 3351.027588 54699.320312 1.042943
697000 299.539124 -49.392097 -20738.935547 3351.027588 54699.320312 1.042943
697100 299.539124 -49.392769 -20738.937500 3351.027588 54699.320312 1.042943
697200 299.539124 -49.392437 -20738.937500 3351.027588 54699.312500 1.042943
697300 299.539124 -49.392143 -20738.937500 3351.027588 54699.312500 1.042943
697400 299.539124 -49.392048 -20738.937500 3351.027588 54699.312500 1.042943
697500 299.539124 -49.392838 -20738.937500 3351.027588 54699.312500 1.042943
697600 299.539124 -49.391842 -20738.937500 3351.027588 54699.312500 1.042943
697700 299.539154 -49.390823 -20738.937500 3351.028076 54699.312500 1.042943
697800 299.539154 -49.390228 -20738.937500 3351.028076 54699.304688 1.042944
697900 299.539154 -49.389587 -20738.937500 3351.028076 54699.304688 1.042944
698000 299.539154 -49.389187 -20738.937500 3351.028076 54699.304688 1.042944
698100 299.539154 -49.388603 -20738.935547 3351.028076 54699.304688 1.042944
698200 299.539124 -49.389019 -20738.935547 3351.027588 54699.304688 1.042944
698300 299.539124 -49.389198 -20738.933594 3351.027588 54699.304688 1.042944
698400 299.539124 -49.388824 -20738.935547 3351.027588 54699.304688 1.042944
698500 299.539124 -49.389305 -20738.935547 3351.027588 54699.304688 1.042944
698600 299.539154 -49.389637 -20738.937500 3351.028076 54699.304688 1.042944
698700 299.539124 -49.389233 -20738.937500 3351.027588 54699.304688 1.042944
698800 299.539124 -49.388809 -20738.937500 3351.027588 54699.300781 1.042944
698900 299.539154 -49.388123 -20738.935547 3351.028076 54699.300781 1.042944
699000 299.539154 -49.388695 -20738.937500 3351.028076 54699.300781 1.042944
699100 299.539154 -49.389324 -20738.939453 3351.028076 54699.300781 1.042944
699200 299.539154 -49.389877 -20738.939453 3351.028076 54699.292969 1.042944
699300 299.539154 -49.389042 -20738.937500 3351.028076 54699.292969 1.042944
699400 299.539154 -49.389118 -20738.935547 3351.028076 54699.300781 1.042944
699500 299.539154 -49.389507 -20738.935547 3351.028076 54699.300781 1.042944
699600 299.539154 -49.390415 -20738.933594 3351.028076 54699.300781 1.042944
699700 299.539154 -49.390675 -20738.933594 3351.028076 54699.300781 1.042944
699800 299.539154 -49.391354 -20738.933594 3351.028076 54699.300781 1.042944
699900 299.539154 -49.391914 -20738.933594 3351.028076 54699.300781 1.042944
700000 299.539185 -49.390587 -20738.931641 3351.028320 54699.300781 1.042944
