# Time-averaged data for fix thermo_detailed
# TimeStep v_temp v_press v_pe v_ke v_vol v_dens
600100 298.460815 -33.367767 -20995.703125 3338.964600 54465.199219 1.047426
600200 298.747040 -40.430470 -20919.398438 3342.166504 54487.500000 1.046998
600300 298.998352 -52.293354 -20879.980469 3344.978027 54538.292969 1.046023
600400 299.173340 -58.174500 -20843.439453 3346.935547 54579.070312 1.045241
600500 299.300751 -59.068573 -20812.792969 3348.361084 54613.976562 1.044573
600600 299.387848 -57.620293 -20789.292969 3349.335205 54640.906250 1.044058
600700 299.444275 -55.442741 -20772.136719 3349.966797 54660.570312 1.043683
600800 299.479431 -53.305214 -20759.941406 3350.359863 54674.492188 1.043417
600900 299.500671 -51.497314 -20751.417969 3350.597656 54684.140625 1.043233
601000 299.513214 -50.078209 -20745.531250 3350.738037 54690.765625 1.043106
601100 299.520386 -49.012409 -20741.507812 3350.818115 54695.265625 1.043021
601200 299.524414 -48.237087 -20738.783203 3350.863037 54698.312500 1.042963
601300 299.526642 -47.679508 -20736.951172 3350.888184 54700.375000 1.042923
601400 299.527802 -47.290321 -20735.734375 3350.901123 54701.765625 1.042897
601500 299.528381 -47.018398 -20734.927734 3350.907715 54702.699219 1.042879
601600 299.528625 -46.828148 -20734.404297 3350.910400 54703.328125 1.042867
601700 299.528748 -46.703053 -20734.070312 3350.911621 54703.753906 1.042859
601800 299.528778 -46.620430 -20733.859375 3350.912109 54704.039062 1.042853
601900 299.528778 -46.561581 -20733.728516 3350.912109 54704.242188 1.042850
602000 299.528778 -46.527897 -20733.652344 3350.912109 54704.371094 1.042847
602100 299.528809 -46.504505 -20733.611328 3350.912354 54704.460938 1.042845
602200 299.528809 -46.492249 -20733.593750 3350.912354 54704.507812 1.042844
602300 299.528870 -46.484707 -20733.593750 3350.913086 54704.550781 1.042844
602400 299.528900 -46.482643 -20733.601562 3350.913330 54704.578125 1.042843
602500 299.528961 -46.485451 -20733.615234 3350.914062 54704.589844 1.042843
602600 299.529022 -46.487545 -20733.630859 3350.914551 54704.589844 1.042843
602700 299.529114 -46.490234 -20733.650391 3350.915771 54704.589844 1.042843
602800 299.529175 -46.495510 -20733.671875 3350.916260 54704.582031 1.042843
602900 299.529236 -46.503475 -20733.695312 3350.916992 54704.582031 1.042843
603000 299.529358 -46.509518 -20733.718750 3350.918701 54704.578125 1.042843
603100 299.529449 -46.515778 -20733.742188 3350.919678 54704.558594 1.042843
603200 299.529510 -46.525517 -20733.769531 3350.920166 54704.542969 1.042844
603300 299.529602 -46.535416 -20733.792969 3350.921387 54704.527344 1.042844
603400 299.529724 -46.543072 -20733.818359 3350.922607 54704.515625 1.042844
603500 299.529816 -46.548271 -20733.845703 3350.923584 54704.500000 1.042845
603600 299.529907 -46.554710 -20733.873047 3350.924561 54704.484375 1.042845
603700 299.530029 -46.560932 -20733.896484 3350.925781 54704.468750 1.042845
603800 299.530121 -46.566883 -20733.917969 3350.927002 54704.453125 1.042845
603900 299.530212 -46.578041 -20733.947266 3350.928223 54704.433594 1.042846
604000 299.530304 -46.587345 -20733.968750 3350.929199 54704.414062 1.042846
604100 299.530396 -46.595058 -20733.994141 3350.930176 54704.398438 1.042847
604200 299.530487 -46.604568 -20734.019531 3350.931152 54704.375000 1.042847
604300 299.530609 -46.611938 -20734.044922 3350.932617 54704.359375 1.042847
604400 299.530701 -46.616043 -20734.068359 3350.933594 54704.343750 1.042848
604500 299.530792 -46.623405 -20734.093750 3350.934570 54704.328125 1.042848
604600 299.530914 -46.631577 -20734.117188 3350.935791 54704.312500 1.042848
604700 299.530975 -46.640114 -20734.142578 3350.936523 54704.296875 1.042848
604800 299.531067 -46.648987 -20734.166016 3350.937744 54704.277344 1.042849
604900 299.531128 -46.657234 -20734.189453 3350.938477 54704.257812 1.042849
605000 299.531219 -46.663990 -20734.214844 3350.939453 54704.242188 1.042850
605100 299.531342 -46.670292 -20734.236328 3350.940674 54704.226562 1.042850
605200 299.531433 -46.676151 -20734.259766 3350.941650 54704.210938 1.042850
605300 299.531525 -46.682766 -20734.281250 3350.942627 54704.195312 1.042850
605400 299.531616 -46.690151 -20734.304688 3350.943848 54704.179688 1.042851
605500 299.531708 -46.696487 -20734.328125 3350.944824 54704.164062 1.042851
605600 299.531799 -46.704300 -20734.351562 3350.945801 54704.148438 1.042851
605700 299.531891 -46.710945 -20734.375000 3350.946777 54704.125000 1.042852
605800 299.531982 -46.719814 -20734.400391 3350.947998 54704.105469 1.042852
605900 299.532074 -46.725014 -20734.421875 3350.948975 54704.089844 1.042852
606000 299.532166 -46.733253 -20734.443359 3350.949951 54704.074219 1.042853
606100 299.532257 -46.743229 -20734.466797 3350.950928 54704.066406 1.042853
606200 299.532349 -46.747375 -20734.488281 3350.951904 54704.042969 1.042853
606300 299.532440 -46.753117 -20734.509766 3350.952881 54704.035156 1.042853
606400 299.532532 -46.759197 -20734.529297 3350.953857 54704.011719 1.042854
606500 299.532623 -46.766403 -20734.552734 3350.955078 54703.996094 1.042854
606600 299.532715 -46.772724 -20734.576172 3350.956055 54703.980469 1.042854
606700 299.532806 -46.777409 -20734.597656 3350.957031 54703.964844 1.042855
606800 299.532867 -46.786091 -20734.621094 3350.957520 54703.945312 1.042855
606900 299.532959 -46.794216 -20734.642578 3350.958984 54703.933594 1.042855
607000 299.533051 -46.800236 -20734.662109 3350.959961 54703.914062 1.042856
607100 299.533112 -46.806839 -20734.685547 3350.960693 54703.894531 1.042856
607200 299.533203 -46.813488 -20734.705078 3350.961670 54703.882812 1.042856
607300 299.533295 -46.819920 -20734.724609 3350.962646 54703.871094 1.042857
607400 299.533386 -46.826263 -20734.748047 3350.963623 54703.851562 1.042857
607500 299.533478 -46.831799 -20734.765625 3350.964600 54703.847656 1.042857
607600 299.533569 -46.838745 -20734.789062 3350.965576 54703.824219 1.042857
607700 299.533661 -46.846817 -20734.808594 3350.966553 54703.808594 1.042858
607800 299.533722 -46.853756 -20734.828125 3350.967285 54703.792969 1.042858
607900 299.533813 -46.860588 -20734.847656 3350.968506 54703.777344 1.042858
608000 299.533875 -46.868519 -20734.869141 3350.969238 54703.761719 1.042859
608100 299.533966 -46.871994 -20734.886719 3350.970215 54703.753906 1.042859
608200 299.534058 -46.876713 -20734.906250 3350.971191 54703.730469 1.042859
608300 299.534119 -46.883156 -20734.925781 3350.971924 54703.722656 1.042859
608400 299.534180 -46.890068 -20734.945312 3350.972412 54703.703125 1.042860
608500 299.534271 -46.896408 -20734.960938 3350.973389 54703.691406 1.042860
608600 299.534363 -46.903992 -20734.980469 3350.974365 54703.679688 1.042860
608700 299.534454 -46.909588 -20735.000000 3350.975342 54703.664062 1.042861
608800 299.534515 -46.916470 -20735.021484 3350.976074 54703.660156 1.042861
608900 299.534607 -46.922638 -20735.039062 3350.977051 54703.640625 1.042861
609000 299.534668 -46.929230 -20735.058594 3350.977783 54703.613281 1.042861
609100 299.534729 -46.934620 -20735.078125 3350.978760 54703.609375 1.042862
609200 299.534821 -46.939438 -20735.095703 3350.979736 54703.585938 1.042862
609300 299.534882 -46.944588 -20735.111328 3350.980469 54703.578125 1.042862
609400 299.534943 -46.950699 -20735.126953 3350.980957 54703.566406 1.042862
609500 299.535034 -46.958778 -20735.144531 3350.981934 54703.554688 1.042863
609600 299.535126 -46.963882 -20735.164062 3350.983154 54703.539062 1.042863
609700 299.535187 -46.970463 -20735.183594 3350.983643 54703.523438 1.042863
609800 299.535248 -46.975475 -20735.199219 3350.984375 54703.515625 1.042863
609900 299.535339 -46.981941 -20735.216797 3350.985352 54703.492188 1.042864
610000 299.535400 -46.986355 -20735.232422 3350.986084 54703.484375 1.042864
610100 299.535492 -46.992085 -20735.246094 3350.987061 54703.476562 1.042864
610200 299.535553 -46.997910 -20735.263672 3350.987549 54703.460938 1.042864
610300 299.535583 -47.004654 -20735.279297 3350.988037 54703.445312 1.042865
610400 299.535645 -47.008919 -20735.294922 3350.989014 54703.429688 1.042865
610500 299.535736 -47.011715 -20735.310547 3350.989990 54703.421875 1.042865
610600 299.535797 -47.018673 -20735.328125 3350.990723 54703.410156 1.042865
610700 299.535889 -47.023968 -20735.341797 3350.991699 54703.394531 1.042866
610800 299.535950 -47.027943 -20735.357422 3350.992188 54703.382812 1.042866
610900 299.536011 -47.034775 -20735.375000 3350.992920 54703.367188 1.042866
611000 299.536072 -47.040882 -20735.392578 3350.993652 54703.359375 1.042866
611100 299.536133 -47.045280 -20735.406250 3350.994385 54703.343750 1.042867
611200 299.536194 -47.050461 -20735.421875 3350.994873 54703.332031 1.042867
611300 299.536285 -47.054546 -20735.435547 3350.995850 54703.320312 1.042867
611400 299.536346 -47.060390 -20735.455078 3350.996582 54703.304688 1.042867
611500 299.536407 -47.066818 -20735.472656 3350.997314 54703.296875 1.042868
611600 299.536469 -47.073925 -20735.486328 3350.997803 54703.277344 1.042868
611700 299.536530 -47.076935 -20735.501953 3350.998779 54703.265625 1.042868
611800 299.536591 -47.080563 -20735.513672 3350.999512 54703.250000 1.042868
611900 299.536652 -47.084400 -20735.527344 3351.000244 54703.238281 1.042869
612000 299.536713 -47.089272 -20735.542969 3351.000977 54703.230469 1.042869
612100 299.536774 -47.096069 -20735.556641 3351.001465 54703.214844 1.042869
612200 299.536835 -47.101025 -20735.570312 3351.002197 54703.207031 1.042869
612300 299.536896 -47.105728 -20735.583984 3351.002930 54703.199219 1.042869
612400 299.536957 -47.109039 -20735.595703 3351.003418 54703.183594 1.042870
612500 299.537018 -47.115353 -20735.609375 3351.004150 54703.171875 1.042870
612600 299.537048 -47.118961 -20735.623047 3351.004395 54703.156250 1.042870
612700 299.537109 -47.125595 -20735.638672 3351.005127 54703.152344 1.042870
612800 299.537170 -47.130753 -20735.650391 3351.005859 54703.140625 1.042871
612900 299.537231 -47.135387 -20735.666016 3351.006592 54703.136719 1.042871
613000 299.537292 -47.140057 -20735.677734 3351.007080 54703.121094 1.042871
613100 299.537354 -47.142517 -20735.689453 3351.007812 54703.109375 1.042871
613200 299.537415 -47.145454 -20735.703125 3351.008789 54703.093750 1.042871
613300 299.537445 -47.154030 -20735.718750 3351.009033 54703.082031 1.042872
613400 299.537476 -47.159050 -20735.730469 3351.009521 54703.066406 1.042872
613500 299.537537 -47.162487 -20735.742188 3351.010010 54703.058594 1.042872
613600 299.537598 -47.167519 -20735.753906 3351.010742 54703.046875 1.042872
613700 299.537659 -47.172787 -20735.765625 3351.011475 54703.035156 1.042872
613800 299.537720 -47.175507 -20735.777344 3351.012207 54703.027344 1.042873
613900 299.537781 -47.180981 -20735.789062 3351.012695 54703.015625 1.042873
614000 299.537811 -47.185074 -20735.800781 3351.013184 54703.003906 1.042873
614100 299.537872 -47.189735 -20735.812500 3351.013672 54702.996094 1.042873
614200 299.537903 -47.193535 -20735.824219 3351.014160 54702.988281 1.042873
614300 299.537964 -47.197746 -20735.835938 3351.014648 54702.984375 1.042874
614400 299.538025 -47.202705 -20735.845703 3351.015381 54702.968750 1.042874
614500 299.538086 -47.205059 -20735.857422 3351.016113 54702.957031 1.042874
614600 299.538147 -47.210358 -20735.867188 3351.016846 54702.953125 1.042874
614700 299.538177 -47.213943 -20735.878906 3351.017090 54702.933594 1.042874
614800 299.538208 -47.218220 -20735.888672 3351.017334 54702.925781 1.042875
614900 299.538269 -47.221931 -20735.900391 3351.018066 54702.921875 1.042875
615000 299.538300 -47.223919 -20735.910156 3351.018311 54702.906250 1.042875
615100 299.538361 -47.227718 -20735.919922 3351.019287 54702.902344 1.042875
615200 299.538391 -47.231750 -20735.933594 3351.019775 54702.882812 1.042875
615300 299.538452 -47.236752 -20735.943359 3351.020264 54702.871094 1.042876
615400 299.538483 -47.240993 -20735.953125 3351.020752 54702.867188 1.042876
615500 299.538513 -47.244404 -20735.962891 3351.020996 54702.859375 1.042876
615600 299.538574 -47.248608 -20735.972656 3351.021729 54702.843750 1.042876
615700 299.538605 -47.251835 -20735.980469 3351.021973 54702.835938 1.042876
615800 299.538635 -47.256889 -20735.990234 3351.022461 54702.824219 1.042876
615900 299.538727 -47.262512 -20736.000000 3351.023438 54702.820312 1.042877
616000 299.538757 -47.266125 -20736.009766 3351.023682 54702.812500 1.042877
616100 299.538818 -47.270630 -20736.019531 3351.024414 54702.808594 1.042877
616200 299.538849 -47.275814 -20736.031250 3351.024658 54702.789062 1.042877
616300 299.538879 -47.279064 -20736.039062 3351.024902 54702.777344 1.042877
616400 299.538940 -47.283470 -20736.048828 3351.025635 54702.777344 1.042877
616500 299.538971 -47.286388 -20736.056641 3351.025879 54702.773438 1.042878
616600 299.539001 -47.290989 -20736.064453 3351.026367 54702.757812 1.042878
616700 299.539032 -47.293621 -20736.074219 3351.026611 54702.750000 1.042878
616800 299.539062 -47.297134 -20736.083984 3351.026855 54702.742188 1.042878
616900 299.539154 -47.299332 -20736.091797 3351.028076 54702.730469 1.042878
617000 299.539185 -47.305019 -20736.101562 3351.028320 54702.718750 1.042879
617100 299.539215 -47.307892 -20736.109375 3351.029053 54702.718750 1.042879
617200 299.539246 -47.310432 -20736.117188 3351.029297 54702.714844 1.042879
617300 299.539307 -47.313831 -20736.128906 3351.030029 54702.699219 1.042879
617400 299.539337 -47.319588 -20736.138672 3351.030273 54702.687500 1.042879
617500 299.539337 -47.324322 -20736.144531 3351.030273 54702.679688 1.042879
617600 299.539368 -47.327988 -20736.152344 3351.030518 54702.667969 1.042879
617700 299.539398 -47.331261 -20736.160156 3351.031006 54702.656250 1.042880
617800 299.539429 -47.332737 -20736.167969 3351.031250 54702.652344 1.042880
617900 299.539459 -47.337082 -20736.175781 3351.031494 54702.648438 1.042880
618000 299.539490 -47.341137 -20736.183594 3351.031982 54702.636719 1.042880
618100 299.539551 -47.345737 -20736.193359 3351.032471 54702.632812 1.042880
618200 299.539612 -47.349617 -20736.201172 3351.033203 54702.621094 1.042880
618300 299.539642 -47.353931 -20736.208984 3351.033447 54702.617188 1.042881
618400 299.539673 -47.356098 -20736.216797 3351.033936 54702.605469 1.042881
618500 299.539703 -47.359058 -20736.224609 3351.034180 54702.601562 1.042881
618600 299.539734 -47.363430 -20736.232422 3351.034668 54702.593750 1.042881
618700 299.539764 -47.364998 -20736.238281 3351.034912 54702.585938 1.042881
618800 299.539825 -47.366787 -20736.246094 3351.035645 54702.574219 1.042881
618900 299.539825 -47.370800 -20736.251953 3351.035645 54702.562500 1.042881
619000 299.539856 -47.375244 -20736.259766 3351.035889 54702.558594 1.042882
619100 299.539886 -47.379166 -20736.267578 3351.036133 54702.546875 1.042882
619200 299.539917 -47.381100 -20736.275391 3351.036621 54702.542969 1.042882
619300 299.539948 -47.382851 -20736.281250 3351.036865 54702.539062 1.042882
619400 299.539978 -47.386665 -20736.287109 3351.037109 54702.531250 1.042882
619500 299.540009 -47.390930 -20736.294922 3351.037598 54702.527344 1.042882
619600 299.540039 -47.394569 -20736.300781 3351.037842 54702.511719 1.042882
619700 299.540100 -47.397739 -20736.306641 3351.038574 54702.511719 1.042882
619800 299.540131 -47.400898 -20736.312500 3351.039062 54702.507812 1.042883
619900 299.540161 -47.403015 -20736.318359 3351.039551 54702.500000 1.042883
620000 299.540192 -47.404633 -20736.324219 3351.039795 54702.496094 1.042883
620100 299.540222 -47.406700 -20736.330078 3351.040283 54702.480469 1.042883
620200 299.540253 -47.411922 -20736.339844 3351.040527 54702.476562 1.042883
620300 299.540283 -47.416618 -20736.347656 3351.040771 54702.464844 1.042883
620400 299.540314 -47.419991 -20736.353516 3351.041260 54702.449219 1.042884
620500 299.540344 -47.423359 -20736.357422 3351.041504 54702.445312 1.042884
620600 299.540375 -47.426708 -20736.367188 3351.041748 54702.433594 1.042884
620700 299.540405 -47.428322 -20736.375000 3351.042236 54702.425781 1.042884
620800 299.540436 -47.430408 -20736.380859 3351.042480 54702.414062 1.042884
620900 299.540466 -47.432880 -20736.388672 3351.042725 54702.410156 1.042884
621000 299.540466 -47.436680 -20736.390625 3351.042725 54702.410156 1.042884
621100 299.540497 -47.439312 -20736.396484 3351.043213 54702.402344 1.042885
621200 299.540527 -47.441624 -20736.404297 3351.043457 54702.386719 1.042885
621300 299.540558 -47.445137 -20736.412109 3351.043701 54702.382812 1.042885
621400 299.540588 -47.446819 -20736.417969 3351.044189 54702.371094 1.042885
621500 299.540619 -47.450127 -20736.423828 3351.044434 54702.363281 1.042885
621600 299.540649 -47.451508 -20736.427734 3351.044678 54702.355469 1.042885
621700 299.540680 -47.455826 -20736.431641 3351.045166 54702.355469 1.042885
621800 299.540710 -47.457508 -20736.437500 3351.045410 54702.351562 1.042886
621900 299.540710 -47.458572 -20736.443359 3351.045410 54702.347656 1.042886
622000 299.540741 -47.460793 -20736.447266 3351.045898 54702.339844 1.042886
622100 299.540771 -47.463757 -20736.451172 3351.046143 54702.332031 1.042886
622200 299.540802 -47.466309 -20736.455078 3351.046387 54702.324219 1.042886
622300 299.540833 -47.470142 -20736.462891 3351.046875 54702.320312 1.042886
622400 299.540863 -47.474396 -20736.464844 3351.047119 54702.316406 1.042886
622500 299.540863 -47.477650 -20736.470703 3351.047119 54702.316406 1.042886
622600 299.540894 -47.480167 -20736.476562 3351.047363 54702.300781 1.042886
622700 299.540924 -47.482685 -20736.482422 3351.047852 54702.300781 1.042886
622800 299.540924 -47.484962 -20736.486328 3351.047852 54702.289062 1.042887
622900 299.540955 -47.488659 -20736.490234 3351.048096 54702.289062 1.042887
623000 299.540985 -47.494038 -20736.498047 3351.048340 54702.285156 1.042887
623100 299.541016 -47.495720 -20736.503906 3351.048828 54702.277344 1.042887
623200 299.541046 -47.496510 -20736.507812 3351.049316 54702.261719 1.042887
623300 299.541077 -47.498318 -20736.513672 3351.049805 54702.253906 1.042887
623400 299.541077 -47.502598 -20736.519531 3351.049805 54702.242188 1.042888
623500 299.541107 -47.505424 -20736.525391 3351.050049 54702.242188 1.042888
623600 299.541138 -47.507374 -20736.531250 3351.050293 54702.238281 1.042888
623700 299.541138 -47.510529 -20736.535156 3351.050293 54702.230469 1.042888
623800 299.541168 -47.513069 -20736.539062 3351.050781 54702.226562 1.042888
623900 299.541199 -47.515713 -20736.544922 3351.051025 54702.222656 1.042888
624000 299.541229 -47.518528 -20736.546875 3351.051514 54702.210938 1.042888
624100 299.541260 -47.522865 -20736.550781 3351.051758 54702.207031 1.042888
624200 299.541260 -47.525040 -20736.554688 3351.051758 54702.199219 1.042888
624300 299.541260 -47.527740 -20736.558594 3351.051758 54702.195312 1.042889
624400 299.541290 -47.531425 -20736.562500 3351.052002 54702.195312 1.042889
624500 299.541290 -47.534668 -20736.566406 3351.052002 54702.191406 1.042889
624600 299.541321 -47.537800 -20736.574219 3351.052490 54702.175781 1.042889
624700 299.541321 -47.540318 -20736.580078 3351.052490 54702.164062 1.042889
624800 299.541351 -47.541843 -20736.582031 3351.052734 54702.160156 1.042889
624900 299.541382 -47.543041 -20736.585938 3351.052979 54702.148438 1.042889
625000 299.541382 -47.545856 -20736.589844 3351.052979 54702.148438 1.042889
625100 299.541412 -47.549873 -20736.593750 3351.053467 54702.144531 1.042889
625200 299.541412 -47.552498 -20736.597656 3351.053467 54702.136719 1.042890
625300 299.541443 -47.555775 -20736.601562 3351.053711 54702.136719 1.042890
625400 299.541473 -47.558483 -20736.605469 3351.053955 54702.132812 1.042890
625500 299.541473 -47.561462 -20736.611328 3351.053955 54702.128906 1.042890
625600 299.541504 -47.562984 -20736.613281 3351.054443 54702.113281 1.042890
625700 299.541504 -47.563225 -20736.617188 3351.054443 54702.105469 1.042890
625800 299.541534 -47.565079 -20736.621094 3351.054688 54702.101562 1.042890
625900 299.541565 -47.568142 -20736.623047 3351.054932 54702.101562 1.042890
626000 299.541565 -47.572655 -20736.628906 3351.054932 54702.097656 1.042890
626100 299.541595 -47.574715 -20736.632812 3351.055420 54702.085938 1.042891
626200 299.541626 -47.577015 -20736.636719 3351.055664 54702.082031 1.042891
626300 299.541626 -47.580284 -20736.640625 3351.055664 54702.078125 1.042891
626400 299.541656 -47.582325 -20736.642578 3351.055908 54702.070312 1.042891
626500 299.541687 -47.584797 -20736.648438 3351.056396 54702.070312 1.042891
626600 299.541718 -47.587475 -20736.652344 3351.056641 54702.066406 1.042891
626700 299.541748 -47.589100 -20736.654297 3351.057129 54702.054688 1.042891
626800 299.541779 -47.590584 -20736.658203 3351.057373 54702.050781 1.042891
626900 299.541809 -47.590668 -20736.662109 3351.057617 54702.046875 1.042891
627000 299.541809 -47.591774 -20736.666016 3351.057617 54702.039062 1.042892
627100 299.541840 -47.595280 -20736.667969 3351.058105 54702.035156 1.042892
627200 299.541840 -47.598072 -20736.669922 3351.058105 54702.035156 1.042892
627300 299.541840 -47.601929 -20736.673828 3351.058105 54702.035156 1.042892
627400 299.541870 -47.604042 -20736.677734 3351.058350 54702.035156 1.042892
627500 299.541901 -47.605225 -20736.679688 3351.058594 54702.019531 1.042892
627600 299.541901 -47.604813 -20736.681641 3351.058594 54702.015625 1.042892
627700 299.541931 -47.608635 -20736.687500 3351.059326 54702.007812 1.042892
627800 299.541931 -47.612808 -20736.691406 3351.059326 54702.003906 1.042892
627900 299.541962 -47.615078 -20736.695312 3351.059570 54701.992188 1.042892
628000 299.541962 -47.616840 -20736.697266 3351.059570 54701.992188 1.042892
628100 299.541992 -47.617779 -20736.701172 3351.060059 54701.992188 1.042892
628200 299.541992 -47.619564 -20736.705078 3351.060059 54701.992188 1.042892
628300 299.542023 -47.618740 -20736.708984 3351.060303 54701.984375 1.042893
628400 299.542053 -47.620396 -20736.710938 3351.060547 54701.976562 1.042893
628500 299.542084 -47.624481 -20736.712891 3351.061035 54701.960938 1.042893
628600 299.542084 -47.625504 -20736.714844 3351.061035 54701.957031 1.042893
628700 299.542084 -47.627094 -20736.714844 3351.061035 54701.953125 1.042893
628800 299.542114 -47.628345 -20736.718750 3351.061279 54701.945312 1.042893
628900 299.542145 -47.632427 -20736.722656 3351.061523 54701.937500 1.042893
629000 299.542145 -47.636765 -20736.726562 3351.061523 54701.937500 1.042893
629100 299.542145 -47.638378 -20736.732422 3351.061523 54701.929688 1.042894
629200 299.542175 -47.639591 -20736.736328 3351.062012 54701.925781 1.042894
629300 299.542175 -47.640968 -20736.740234 3351.062012 54701.921875 1.042894
629400 299.542175 -47.642349 -20736.742188 3351.062012 54701.914062 1.042894
629500 299.542206 -47.645370 -20736.746094 3351.062256 54701.914062 1.042894
629600 299.542236 -47.649323 -20736.748047 3351.062744 54701.906250 1.042894
629700 299.542236 -47.652843 -20736.751953 3351.062744 54701.898438 1.042894
629800 299.542236 -47.655388 -20736.755859 3351.062744 54701.894531 1.042894
629900 299.542236 -47.657997 -20736.759766 3351.062744 54701.890625 1.042894
630000 299.542267 -47.661221 -20736.763672 3351.062988 54701.890625 1.042894
630100 299.542267 -47.662685 -20736.765625 3351.062988 54701.882812 1.042894
630200 299.542267 -47.666050 -20736.767578 3351.062988 54701.875000 1.042895
630300 299.542297 -47.668285 -20736.771484 3351.063232 54701.867188 1.042895
630400 299.542297 -47.669601 -20736.775391 3351.063232 54701.867188 1.042895
630500 299.542328 -47.671303 -20736.777344 3351.063721 54701.863281 1.042895
630600 299.542328 -47.672417 -20736.781250 3351.063721 54701.859375 1.042895
630700 299.542358 -47.673901 -20736.781250 3351.063965 54701.851562 1.042895
630800 299.542389 -47.676785 -20736.783203 3351.064209 54701.851562 1.042895
630900 299.542389 -47.679443 -20736.787109 3351.064209 54701.843750 1.042895
631000 299.542389 -47.681717 -20736.791016 3351.064209 54701.835938 1.042895
631100 299.542389 -47.683491 -20736.792969 3351.064209 54701.832031 1.042895
631200 299.542419 -47.686054 -20736.796875 3351.064697 54701.828125 1.042896
631300 299.542419 -47.686443 -20736.796875 3351.064697 54701.820312 1.042896
631400 299.542450 -47.688114 -20736.800781 3351.064941 54701.812500 1.042896
631500 299.542480 -47.690224 -20736.804688 3351.065186 54701.812500 1.042896
631600 299.542480 -47.693378 -20736.806641 3351.065186 54701.804688 1.042896
631700 299.542480 -47.696133 -20736.808594 3351.065186 54701.800781 1.042896
631800 299.542480 -47.698696 -20736.810547 3351.065186 54701.800781 1.042896
631900 299.542511 -47.699463 -20736.814453 3351.065674 54701.796875 1.042896
632000 299.542511 -47.701054 -20736.816406 3351.065674 54701.789062 1.042896
632100 299.542542 -47.702862 -20736.818359 3351.065918 54701.789062 1.042896
632200 299.542542 -47.704006 -20736.820312 3351.065918 54701.781250 1.042896
632300 299.542572 -47.705482 -20736.822266 3351.066162 54701.773438 1.042897
632400 299.542572 -47.708332 -20736.824219 3351.066162 54701.769531 1.042897
632500 299.542603 -47.709259 -20736.828125 3351.066650 54701.765625 1.042897
632600 299.542603 -47.711372 -20736.830078 3351.066650 54701.765625 1.042897
632700 299.542603 -47.714844 -20736.833984 3351.066650 54701.765625 1.042897
632800 299.542633 -47.716251 -20736.837891 3351.066895 54701.750000 1.042897
632900 299.542633 -47.719131 -20736.839844 3351.066895 54701.750000 1.042897
633000 299.542664 -47.719925 -20736.841797 3351.067139 54701.742188 1.042897
633100 299.542664 -47.723858 -20736.845703 3351.067139 54701.742188 1.042897
633200 299.542694 -47.728977 -20736.847656 3351.067627 54701.738281 1.042897
633300 299.542694 -47.733624 -20736.851562 3351.067627 54701.738281 1.042897
633400 299.542694 -47.735775 -20736.853516 3351.067627 54701.734375 1.042897
633500 299.542725 -47.735680 -20736.853516 3351.067871 54701.726562 1.042897
633600 299.542725 -47.735691 -20736.855469 3351.067871 54701.726562 1.042897
633700 299.542755 -47.736622 -20736.857422 3351.068359 54701.718750 1.042898
633800 299.542755 -47.738853 -20736.859375 3351.068359 54701.718750 1.042898
633900 299.542755 -47.741360 -20736.859375 3351.068359 54701.710938 1.042898
634000 299.542786 -47.742867 -20736.865234 3351.068604 54701.707031 1.042898
634100 299.542816 -47.744015 -20736.871094 3351.068848 54701.703125 1.042898
634200 299.542816 -47.746029 -20736.875000 3351.068848 54701.691406 1.042898
634300 299.542816 -47.748455 -20736.876953 3351.068848 54701.687500 1.042898
634400 299.542847 -47.751518 -20736.878906 3351.069580 54701.679688 1.042898
634500 299.542847 -47.754086 -20736.880859 3351.069580 54701.679688 1.042898
634600 299.542847 -47.754406 -20736.880859 3351.069580 54701.675781 1.042898
634700 299.542847 -47.754631 -20736.882812 3351.069580 54701.671875 1.042899
634800 299.542877 -47.755192 -20736.882812 3351.069824 54701.660156 1.042899
634900 299.542877 -47.755184 -20736.882812 3351.069824 54701.656250 1.042899
635000 299.542908 -47.757298 -20736.884766 3351.070312 54701.652344 1.042899
635100 299.542908 -47.759121 -20736.888672 3351.070312 54701.652344 1.042899
635200 299.542938 -47.760948 -20736.890625 3351.070557 54701.652344 1.042899
635300 299.542938 -47.762794 -20736.894531 3351.070557 54701.644531 1.042899
635400 299.542969 -47.766102 -20736.896484 3351.070801 54701.644531 1.042899
635500 299.542969 -47.768665 -20736.900391 3351.070801 54701.640625 1.042899
635600 299.542969 -47.770786 -20736.902344 3351.070801 54701.640625 1.042899
635700 299.542969 -47.771938 -20736.906250 3351.070801 54701.628906 1.042899
635800 299.542999 -47.772305 -20736.908203 3351.071289 54701.625000 1.042899
635900 299.542999 -47.773773 -20736.912109 3351.071289 54701.621094 1.042899
636000 299.543030 -47.775852 -20736.912109 3351.071533 54701.621094 1.042899
636100 299.543030 -47.779789 -20736.914062 3351.071533 54701.613281 1.042900
636200 299.543030 -47.781555 -20736.916016 3351.071533 54701.613281 1.042900
636300 299.543060 -47.781109 -20736.916016 3351.071777 54701.609375 1.042900
636400 299.543091 -47.782318 -20736.916016 3351.072266 54701.609375 1.042900
636500 299.543091 -47.785545 -20736.916016 3351.072266 54701.597656 1.042900
636600 299.543121 -47.787014 -20736.919922 3351.072510 54701.593750 1.042900
636700 299.543121 -47.787514 -20736.921875 3351.072510 54701.589844 1.042900
636800 299.543152 -47.790421 -20736.923828 3351.072754 54701.582031 1.042900
636900 299.543152 -47.791901 -20736.927734 3351.072754 54701.578125 1.042900
637000 299.543152 -47.794403 -20736.929688 3351.072754 54701.578125 1.042900
637100 299.543152 -47.795654 -20736.929688 3351.072754 54701.566406 1.042900
637200 299.543182 -47.798939 -20736.931641 3351.073242 54701.566406 1.042900
637300 299.543182 -47.800846 -20736.933594 3351.073242 54701.558594 1.042901
637400 299.543182 -47.801544 -20736.937500 3351.073242 54701.550781 1.042901
637500 299.543182 -47.804131 -20736.939453 3351.073242 54701.546875 1.042901
637600 299.543213 -47.807369 -20736.941406 3351.073486 54701.535156 1.042901
637700 299.543213 -47.808517 -20736.943359 3351.073486 54701.535156 1.042901
637800 299.543213 -47.809261 -20736.947266 3351.073486 54701.531250 1.042901
637900 299.543213 -47.811764 -20736.949219 3351.073486 54701.531250 1.042901
638000 299.543243 -47.812576 -20736.949219 3351.073975 54701.527344 1.042901
638100 299.543243 -47.813309 -20736.951172 3351.073975 54701.527344 1.042901
638200 299.543274 -47.815369 -20736.951172 3351.074219 54701.519531 1.042901
638300 299.543274 -47.817898 -20736.955078 3351.074219 54701.515625 1.042902
638400 299.543304 -47.819447 -20736.957031 3351.074463 54701.515625 1.042902
638500 299.543304 -47.821606 -20736.960938 3351.074463 54701.503906 1.042902
638600 299.543304 -47.822498 -20736.960938 3351.074463 54701.500000 1.042902
638700 299.543335 -47.824295 -20736.962891 3351.074951 54701.500000 1.042902
638800 299.543335 -47.826794 -20736.964844 3351.074951 54701.496094 1.042902
638900 299.543335 -47.829128 -20736.966797 3351.074951 54701.496094 1.042902
639000 299.543335 -47.832191 -20736.968750 3351.074951 54701.496094 1.042902
639100 299.543365 -47.833946 -20736.970703 3351.075195 54701.496094 1.042902
639200 299.543365 -47.834450 -20736.972656 3351.075195 54701.484375 1.042902
639300 299.543365 -47.835510 -20736.974609 3351.075195 54701.484375 1.042902
639400 299.543396 -47.837528 -20736.978516 3351.075439 54701.468750 1.042902
639500 299.543427 -47.839474 -20736.984375 3351.075928 54701.464844 1.042902
639600 299.543427 -47.841194 -20736.986328 3351.075928 54701.464844 1.042902
639700 299.543427 -47.842701 -20736.990234 3351.075928 54701.457031 1.042903
639800 299.543457 -47.843975 -20736.988281 3351.076172 54701.457031 1.042903
639900 299.543457 -47.846527 -20736.990234 3351.076172 54701.453125 1.042903
640000 299.543457 -47.848118 -20736.992188 3351.076172 54701.441406 1.042903
640100 299.543457 -47.849354 -20736.994141 3351.076172 54701.437500 1.042903
640200 299.543457 -47.850533 -20736.996094 3351.076172 54701.437500 1.042903
640300 299.543457 -47.853600 -20736.996094 3351.076172 54701.437500 1.042903
640400 299.543457 -47.854996 -20736.998047 3351.076172 54701.433594 1.042903
640500 299.543457 -47.857063 -20737.001953 3351.076172 54701.425781 1.042903
640600 299.543488 -47.859272 -20737.003906 3351.076416 54701.425781 1.042903
640700 299.543518 -47.861309 -20737.007812 3351.076904 54701.417969 1.042903
640800 299.543518 -47.863224 -20737.009766 3351.076904 54701.417969 1.042903
640900 299.543518 -47.863380 -20737.009766 3351.076904 54701.417969 1.042903
641000 299.543518 -47.864277 -20737.009766 3351.076904 54701.410156 1.042903
641100 299.543518 -47.867374 -20737.011719 3351.076904 54701.410156 1.042903
641200 299.543549 -47.868633 -20737.013672 3351.077148 54701.406250 1.042904
641300 299.543579 -47.868774 -20737.015625 3351.077393 54701.402344 1.042904
641400 299.543579 -47.868546 -20737.017578 3351.077393 54701.394531 1.042904
641500 299.543579 -47.868759 -20737.017578 3351.077393 54701.386719 1.042904
641600 299.543579 -47.869656 -20737.019531 3351.077393 54701.378906 1.042904
641700 299.543579 -47.871140 -20737.021484 3351.077393 54701.378906 1.042904
641800 299.543610 -47.871464 -20737.023438 3351.077881 54701.375000 1.042904
641900 299.543610 -47.874084 -20737.025391 3351.077881 54701.371094 1.042904
642000 299.543640 -47.874302 -20737.025391 3351.078125 54701.371094 1.042904
642100 299.543671 -47.875980 -20737.027344 3351.078369 54701.363281 1.042904
642200 299.543671 -47.877003 -20737.027344 3351.078369 54701.363281 1.042904
642300 299.543671 -47.878853 -20737.027344 3351.078369 54701.363281 1.042904
642400 299.543701 -47.880825 -20737.031250 3351.078857 54701.355469 1.042904
642500 299.543701 -47.883114 -20737.033203 3351.078857 54701.355469 1.042904
642600 299.543701 -47.885468 -20737.037109 3351.078857 54701.347656 1.042905
642700 299.543732 -47.887005 -20737.037109 3351.079102 54701.347656 1.042905
642800 299.543732 -47.887978 -20737.039062 3351.079102 54701.343750 1.042905
642900 299.543732 -47.890083 -20737.039062 3351.079102 54701.339844 1.042905
643000 299.543762 -47.892052 -20737.041016 3351.079834 54701.339844 1.042905
643100 299.543762 -47.893276 -20737.041016 3351.079834 54701.332031 1.042905
643200 299.543762 -47.894398 -20737.041016 3351.079834 54701.332031 1.042905
643300 299.543793 -47.897270 -20737.042969 3351.080078 54701.324219 1.042905
643400 299.543793 -47.898827 -20737.044922 3351.080078 54701.324219 1.042905
643500 299.543793 -47.900677 -20737.044922 3351.080078 54701.316406 1.042905
643600 299.543793 -47.902718 -20737.046875 3351.080078 54701.316406 1.042905
643700 299.543823 -47.904018 -20737.048828 3351.080566 54701.312500 1.042905
643800 299.543823 -47.904926 -20737.050781 3351.080566 54701.312500 1.042905
643900 299.543823 -47.906528 -20737.050781 3351.080566 54701.308594 1.042905
644000 299.543854 -47.906082 -20737.052734 3351.080811 54701.308594 1.042905
644100 299.543854 -47.907513 -20737.056641 3351.080811 54701.300781 1.042906
644200 299.543854 -47.908619 -20737.058594 3351.080811 54701.300781 1.042906
644300 299.543884 -47.911179 -20737.060547 3351.081055 54701.292969 1.042906
644400 299.543884 -47.914322 -20737.064453 3351.081055 54701.292969 1.042906
644500 299.543884 -47.918156 -20737.068359 3351.081055 54701.285156 1.042906
644600 299.543884 -47.920353 -20737.070312 3351.081055 54701.281250 1.042906
644700 299.543915 -47.921028 -20737.072266 3351.081543 54701.277344 1.042906
644800 299.543915 -47.922779 -20737.072266 3351.081543 54701.273438 1.042906
644900 299.543945 -47.922390 -20737.074219 3351.081787 54701.273438 1.042906
645000 299.543945 -47.922607 -20737.072266 3351.081787 54701.261719 1.042906
645100 299.543976 -47.923798 -20737.072266 3351.082031 54701.261719 1.042906
645200 299.543976 -47.924713 -20737.070312 3351.082031 54701.257812 1.042906
645300 299.544006 -47.923763 -20737.072266 3351.082520 54701.257812 1.042906
645400 299.544006 -47.923603 -20737.072266 3351.082520 54701.250000 1.042907
645500 299.544006 -47.925228 -20737.074219 3351.082520 54701.250000 1.042907
645600 299.544006 -47.926773 -20737.076172 3351.082520 54701.250000 1.042907
645700 299.544006 -47.928638 -20737.080078 3351.082520 54701.246094 1.042907
645800 299.544037 -47.931709 -20737.082031 3351.082764 54701.246094 1.042907
645900 299.544037 -47.933960 -20737.082031 3351.082764 54701.242188 1.042907
646000 299.544067 -47.934052 -20737.083984 3351.083008 54701.242188 1.042907
646100 299.544067 -47.935154 -20737.083984 3351.083008 54701.230469 1.042907
646200 299.544067 -47.936981 -20737.087891 3351.083008 54701.226562 1.042907
646300 299.544067 -47.939144 -20737.087891 3351.083008 54701.226562 1.042907
646400 299.544067 -47.939842 -20737.087891 3351.083008 54701.218750 1.042907
646500 299.544067 -47.944000 -20737.087891 3351.083008 54701.218750 1.042907
646600 299.544067 -47.945324 -20737.091797 3351.083008 54701.210938 1.042907
646700 299.544098 -47.946583 -20737.093750 3351.083496 54701.210938 1.042907
646800 299.544067 -47.949856 -20737.097656 3351.083008 54701.210938 1.042907
646900 299.544098 -47.952103 -20737.099609 3351.083496 54701.199219 1.042907
647000 299.544098 -47.953968 -20737.099609 3351.083496 54701.199219 1.042907
647100 299.544098 -47.954823 -20737.103516 3351.083496 54701.195312 1.042908
647200 299.544098 -47.957447 -20737.107422 3351.083496 54701.187500 1.042908
647300 299.544098 -47.959949 -20737.109375 3351.083496 54701.183594 1.042908
647400 299.544128 -47.962147 -20737.111328 3351.083740 54701.183594 1.042908
647500 299.544128 -47.963875 -20737.113281 3351.083740 54701.179688 1.042908
647600 299.544128 -47.965878 -20737.115234 3351.083740 54701.179688 1.042908
647700 299.544128 -47.967514 -20737.117188 3351.083740 54701.167969 1.042908
647800 299.544128 -47.969379 -20737.119141 3351.083740 54701.164062 1.042908
647900 299.544128 -47.971497 -20737.121094 3351.083740 54701.164062 1.042908
648000 299.544128 -47.971519 -20737.123047 3351.083740 54701.164062 1.042908
648100 299.544159 -47.971203 -20737.125000 3351.083984 54701.164062 1.042908
648200 299.544159 -47.971508 -20737.125000 3351.083984 54701.156250 1.042908
648300 299.544189 -47.972664 -20737.126953 3351.084473 54701.152344 1.042908
648400 299.544189 -47.972393 -20737.128906 3351.084473 54701.152344 1.042908
648500 299.544220 -47.972561 -20737.128906 3351.084717 54701.148438 1.042909
648600 299.544220 -47.973442 -20737.130859 3351.084717 54701.136719 1.042909
648700 299.544250 -47.973537 -20737.132812 3351.085205 54701.132812 1.042909
648800 299.544250 -47.973618 -20737.132812 3351.085205 54701.125000 1.042909
648900 299.544250 -47.974552 -20737.132812 3351.085205 54701.121094 1.042909
649000 299.544281 -47.976795 -20737.134766 3351.085449 54701.121094 1.042909
649100 299.544281 -47.979782 -20737.134766 3351.085449 54701.121094 1.042909
649200 299.544281 -47.981895 -20737.136719 3351.085449 54701.121094 1.042909
649300 299.544312 -47.985077 -20737.138672 3351.085693 54701.109375 1.042909
649400 299.544312 -47.987286 -20737.140625 3351.085693 54701.105469 1.042909
649500 299.544312 -47.986874 -20737.140625 3351.085693 54701.101562 1.042909
649600 299.544312 -47.987125 -20737.142578 3351.085693 54701.101562 1.042909
649700 299.544312 -47.988140 -20737.142578 3351.085693 54701.101562 1.042909
649800 299.544342 -47.990364 -20737.144531 3351.086182 54701.101562 1.042909
649900 299.544342 -47.992573 -20737.144531 3351.086182 54701.093750 1.042910
650000 299.544342 -47.994015 -20737.144531 3351.086182 54701.089844 1.042910
650100 299.544373 -47.995464 -20737.146484 3351.086426 54701.089844 1.042910
650200 299.544373 -47.995934 -20737.146484 3351.086426 54701.078125 1.042910
650300 299.544373 -47.997013 -20737.150391 3351.086426 54701.074219 1.042910
650400 299.544403 -47.999039 -20737.150391 3351.086670 54701.074219 1.042910
650500 299.544403 -48.000469 -20737.150391 3351.086670 54701.074219 1.042910
650600 299.544403 -48.001362 -20737.152344 3351.086670 54701.074219 1.042910
650700 299.544403 -48.003204 -20737.152344 3351.086670 54701.070312 1.042910
650800 299.544403 -48.004562 -20737.154297 3351.086670 54701.070312 1.042910
650900 299.544403 -48.005318 -20737.156250 3351.086670 54701.062500 1.042910
651000 299.544434 -48.005207 -20737.158203 3351.087158 54701.062500 1.042910
651100 299.544434 -48.004944 -20737.160156 3351.087158 54701.058594 1.042910
651200 299.544434 -48.006256 -20737.160156 3351.087158 54701.058594 1.042910
651300 299.544464 -48.007473 -20737.160156 3351.087402 54701.046875 1.042910
651400 299.544464 -48.008606 -20737.160156 3351.087402 54701.046875 1.042910
651500 299.544464 -48.009884 -20737.162109 3351.087402 54701.046875 1.042910
651600 299.544495 -48.011944 -20737.162109 3351.087646 54701.042969 1.042910
651700 299.544495 -48.013706 -20737.164062 3351.087646 54701.042969 1.042910
651800 299.544495 -48.015629 -20737.164062 3351.087646 54701.039062 1.042911
651900 299.544525 -48.017841 -20737.166016 3351.088135 54701.039062 1.042911
652000 299.544525 -48.019650 -20737.164062 3351.088135 54701.039062 1.042911
652100 299.544556 -48.021080 -20737.167969 3351.088379 54701.031250 1.042911
652200 299.544556 -48.020771 -20737.167969 3351.088379 54701.027344 1.042911
652300 299.544556 -48.021561 -20737.169922 3351.088379 54701.015625 1.042911
652400 299.544556 -48.022053 -20737.169922 3351.088379 54701.015625 1.042911
652500 299.544586 -48.022190 -20737.173828 3351.088623 54701.011719 1.042911
652600 299.544586 -48.022430 -20737.175781 3351.088623 54701.011719 1.042911
652700 299.544617 -48.023628 -20737.177734 3351.089111 54701.007812 1.042911
652800 299.544617 -48.024673 -20737.179688 3351.089111 54701.000000 1.042911
652900 299.544617 -48.025723 -20737.179688 3351.089111 54701.000000 1.042911
653000 299.544617 -48.027832 -20737.181641 3351.089111 54701.000000 1.042911
653100 299.544617 -48.029831 -20737.181641 3351.089111 54701.000000 1.042911
653200 299.544647 -48.029778 -20737.179688 3351.089600 54700.996094 1.042911
653300 299.544647 -48.030590 -20737.181641 3351.089600 54700.996094 1.042911
653400 299.544617 -48.033279 -20737.185547 3351.089111 54700.984375 1.042912
653500 299.544617 -48.035683 -20737.189453 3351.089111 54700.980469 1.042912
653600 299.544617 -48.036781 -20737.189453 3351.089111 54700.976562 1.042912
653700 299.544617 -48.037148 -20737.191406 3351.089111 54700.976562 1.042912
653800 299.544617 -48.038097 -20737.191406 3351.089111 54700.976562 1.042912
653900 299.544647 -48.039482 -20737.193359 3351.089600 54700.968750 1.042912
654000 299.544647 -48.040409 -20737.197266 3351.089600 54700.964844 1.042912
654100 299.544678 -48.040497 -20737.197266 3351.090088 54700.964844 1.042912
654200 299.544678 -48.043030 -20737.201172 3351.090088 54700.953125 1.042912
654300 299.544708 -48.044685 -20737.201172 3351.090332 54700.953125 1.042912
654400 299.544708 -48.046337 -20737.203125 3351.090332 54700.953125 1.042912
654500 299.544708 -48.046711 -20737.205078 3351.090332 54700.949219 1.042912
654600 299.544708 -48.047768 -20737.205078 3351.090332 54700.945312 1.042912
654700 299.544708 -48.049610 -20737.203125 3351.090332 54700.945312 1.042912
654800 299.544739 -48.049713 -20737.205078 3351.090820 54700.937500 1.042912
654900 299.544739 -48.051315 -20737.208984 3351.090820 54700.933594 1.042913
655000 299.544739 -48.053204 -20737.210938 3351.090820 54700.933594 1.042913
655100 299.544769 -48.054867 -20737.210938 3351.091064 54700.921875 1.042913
655200 299.544769 -48.055508 -20737.212891 3351.091064 54700.921875 1.042913
655300 299.544769 -48.057255 -20737.212891 3351.091064 54700.917969 1.042913
655400 299.544769 -48.058758 -20737.216797 3351.091064 54700.917969 1.042913
655500 299.544769 -48.061867 -20737.216797 3351.091064 54700.917969 1.042913
655600 299.544800 -48.063072 -20737.218750 3351.091309 54700.914062 1.042913
655700 299.544800 -48.063000 -20737.218750 3351.091309 54700.914062 1.042913
655800 299.544800 -48.063835 -20737.220703 3351.091309 54700.906250 1.042913
655900 299.544830 -48.065739 -20737.220703 3351.091797 54700.906250 1.042913
656000 299.544830 -48.064327 -20737.222656 3351.091797 54700.906250 1.042913
656100 299.544830 -48.064098 -20737.224609 3351.091797 54700.902344 1.042913
656200 299.544830 -48.064537 -20737.224609 3351.091797 54700.902344 1.042913
656300 299.544861 -48.066032 -20737.224609 3351.092041 54700.902344 1.042913
656400 299.544861 -48.067947 -20737.224609 3351.092041 54700.890625 1.042913
656500 299.544861 -48.069077 -20737.226562 3351.092041 54700.890625 1.042913
656600 299.544861 -48.069294 -20737.228516 3351.092041 54700.886719 1.042913
656700 299.544891 -48.070587 -20737.230469 3351.092285 54700.882812 1.042914
656800 299.544891 -48.070782 -20737.230469 3351.092285 54700.882812 1.042914
656900 299.544891 -48.071011 -20737.234375 3351.092285 54700.878906 1.042914
657000 299.544922 -48.072136 -20737.236328 3351.092773 54700.871094 1.042914
657100 299.544922 -48.074867 -20737.240234 3351.092773 54700.871094 1.042914
657200 299.544922 -48.077293 -20737.240234 3351.092773 54700.871094 1.042914
657300 299.544922 -48.079742 -20737.240234 3351.092773 54700.863281 1.042914
657400 299.544922 -48.081131 -20737.242188 3351.092773 54700.871094 1.042914
657500 299.544922 -48.083843 -20737.240234 3351.092773 54700.871094 1.042914
657600 299.544922 -48.083817 -20737.240234 3351.092773 54700.871094 1.042914
657700 299.544952 -48.083450 -20737.242188 3351.093018 54700.871094 1.042914
657800 299.544952 -48.084873 -20737.244141 3351.093018 54700.871094 1.042914
657900 299.544952 -48.085926 -20737.244141 3351.093018 54700.863281 1.042914
658000 299.544952 -48.087055 -20737.246094 3351.093018 54700.863281 1.042914
658100 299.544983 -48.088234 -20737.248047 3351.093262 54700.855469 1.042914
658200 299.544983 -48.090034 -20737.248047 3351.093262 54700.855469 1.042914
658300 299.544983 -48.093166 -20737.248047 3351.093262 54700.851562 1.042914
658400 299.545013 -48.093464 -20737.248047 3351.093750 54700.847656 1.042914
658500 299.545013 -48.094185 -20737.250000 3351.093750 54700.847656 1.042914
658600 299.545013 -48.094921 -20737.250000 3351.093750 54700.835938 1.042914
658700 299.545044 -48.096142 -20737.251953 3351.093994 54700.835938 1.042914
658800 299.545044 -48.097473 -20737.251953 3351.093994 54700.835938 1.042914
658900 299.545044 -48.098618 -20737.253906 3351.093994 54700.832031 1.042915
659000 299.545044 -48.098740 -20737.253906 3351.093994 54700.832031 1.042915
659100 299.545074 -48.099838 -20737.253906 3351.094238 54700.824219 1.042915
659200 299.545074 -48.101463 -20737.253906 3351.094238 54700.824219 1.042915
659300 299.545074 -48.102142 -20737.255859 3351.094238 54700.820312 1.042915
659400 299.545074 -48.101589 -20737.255859 3351.094238 54700.820312 1.042915
659500 299.545074 -48.101566 -20737.255859 3351.094238 54700.816406 1.042915
659600 299.545105 -48.101486 -20737.257812 3351.094727 54700.816406 1.042915
659700 299.545105 -48.102177 -20737.257812 3351.094727 54700.804688 1.042915
659800 299.545105 -48.103867 -20737.259766 3351.094727 54700.804688 1.042915
659900 299.545105 -48.104774 -20737.261719 3351.094727 54700.800781 1.042915
660000 299.545135 -48.105743 -20737.261719 3351.094971 54700.792969 1.042915
660100 299.545135 -48.104233 -20737.263672 3351.094971 54700.792969 1.042915
660200 299.545135 -48.103832 -20737.261719 3351.094971 54700.789062 1.042915
660300 299.545135 -48.104816 -20737.263672 3351.094971 54700.789062 1.042915
660400 299.545166 -48.108170 -20737.265625 3351.095215 54700.789062 1.042915
660500 299.545166 -48.110893 -20737.267578 3351.095215 54700.789062 1.042915
660600 299.545166 -48.112934 -20737.269531 3351.095215 54700.789062 1.042915
660700 299.545166 -48.114395 -20737.273438 3351.095215 54700.785156 1.042915
660800 299.545197 -48.115528 -20737.275391 3351.095703 54700.773438 1.042916
660900 299.545197 -48.116398 -20737.277344 3351.095703 54700.773438 1.042916
661000 299.545197 -48.116947 -20737.277344 3351.095703 54700.769531 1.042916
661100 299.545197 -48.119110 -20737.279297 3351.095703 54700.761719 1.042916
661200 299.545166 -48.120003 -20737.279297 3351.095215 54700.757812 1.042916
661300 299.545166 -48.121334 -20737.281250 3351.095215 54700.757812 1.042916
661400 299.545197 -48.122993 -20737.283203 3351.095703 54700.753906 1.042916
661500 299.545197 -48.122578 -20737.283203 3351.095703 54700.742188 1.042916
661600 299.545197 -48.122143 -20737.285156 3351.095703 54700.738281 1.042916
661700 299.545197 -48.123501 -20737.285156 3351.095703 54700.742188 1.042916
661800 299.545197 -48.124447 -20737.287109 3351.095703 54700.738281 1.042916
661900 299.545227 -48.124771 -20737.287109 3351.095947 54700.738281 1.042916
662000 299.545227 -48.126255 -20737.287109 3351.095947 54700.738281 1.042916
662100 299.545227 -48.127460 -20737.287109 3351.095947 54700.730469 1.042916
662200 299.545227 -48.128250 -20737.289062 3351.095947 54700.730469 1.042916
662300 299.545258 -48.129105 -20737.291016 3351.096436 54700.730469 1.042916
662400 299.545258 -48.130981 -20737.291016 3351.096436 54700.726562 1.042917
662500 299.545288 -48.132702 -20737.294922 3351.096680 54700.722656 1.042917
662600 299.545258 -48.134644 -20737.294922 3351.096436 54700.722656 1.042917
662700 299.545258 -48.134739 -20737.296875 3351.096436 54700.710938 1.042917
662800 299.545258 -48.136303 -20737.296875 3351.096436 54700.710938 1.042917
662900 299.545258 -48.137234 -20737.298828 3351.096436 54700.707031 1.042917
663000 299.545288 -48.138298 -20737.300781 3351.096680 54700.707031 1.042917
663100 299.545288 -48.139256 -20737.298828 3351.096680 54700.699219 1.042917
663200 299.545288 -48.142429 -20737.302734 3351.096680 54700.699219 1.042917
663300 299.545288 -48.144485 -20737.306641 3351.096680 54700.699219 1.042917
663400 299.545319 -48.145458 -20737.306641 3351.096924 54700.699219 1.042917
663500 299.545319 -48.146580 -20737.308594 3351.096924 54700.699219 1.042917
663600 299.545319 -48.148792 -20737.310547 3351.096924 54700.699219 1.042917
663700 299.545319 -48.148743 -20737.314453 3351.096924 54700.695312 1.042917
663800 299.545319 -48.148582 -20737.312500 3351.096924 54700.695312 1.042917
663900 299.545319 -48.148369 -20737.314453 3351.096924 54700.691406 1.042917
664000 299.545349 -48.149136 -20737.314453 3351.097412 54700.691406 1.042917
664100 299.545349 -48.150116 -20737.314453 3351.097412 54700.679688 1.042917
664200 299.545380 -48.151249 -20737.316406 3351.097656 54700.679688 1.042917
664300 299.545380 -48.151894 -20737.316406 3351.097656 54700.679688 1.042917
664400 299.545380 -48.153759 -20737.318359 3351.097656 54700.679688 1.042917
664500 299.545410 -48.154640 -20737.318359 3351.097900 54700.675781 1.042917
664600 299.545410 -48.156883 -20737.320312 3351.097900 54700.675781 1.042917
664700 299.545410 -48.158424 -20737.322266 3351.097900 54700.675781 1.042917
664800 299.545410 -48.159630 -20737.324219 3351.097900 54700.667969 1.042918
664900 299.545441 -48.159298 -20737.326172 3351.098389 54700.664062 1.042918
665000 299.545441 -48.159859 -20737.328125 3351.098389 54700.664062 1.042918
665100 299.545441 -48.160828 -20737.332031 3351.098389 54700.660156 1.042918
665200 299.545441 -48.162457 -20737.333984 3351.098389 54700.660156 1.042918
665300 299.545441 -48.163383 -20737.335938 3351.098389 54700.648438 1.042918
665400 299.545441 -48.162498 -20737.335938 3351.098389 54700.648438 1.042918
665500 299.545441 -48.165146 -20737.335938 3351.098389 54700.644531 1.042918
665600 299.545471 -48.165417 -20737.333984 3351.098633 54700.644531 1.042918
665700 299.545471 -48.166096 -20737.333984 3351.098633 54700.644531 1.042918
665800 299.545471 -48.167133 -20737.333984 3351.098633 54700.644531 1.042918
665900 299.545471 -48.166206 -20737.333984 3351.098633 54700.636719 1.042918
666000 299.545471 -48.166588 -20737.333984 3351.098633 54700.636719 1.042918
666100 299.545502 -48.166996 -20737.332031 3351.098877 54700.636719 1.042918
666200 299.545502 -48.168362 -20737.333984 3351.098877 54700.632812 1.042918
666300 299.545502 -48.169815 -20737.333984 3351.098877 54700.632812 1.042918
666400 299.545532 -48.171486 -20737.335938 3351.099365 54700.628906 1.042918
666500 299.545532 -48.173576 -20737.337891 3351.099365 54700.628906 1.042918
666600 299.545532 -48.173325 -20737.337891 3351.099365 54700.617188 1.042919
666700 299.545532 -48.174507 -20737.339844 3351.099365 54700.613281 1.042919
666800 299.545563 -48.175594 -20737.339844 3351.099854 54700.613281 1.042919
666900 299.545563 -48.177265 -20737.341797 3351.099854 54700.613281 1.042919
667000 299.545563 -48.179485 -20737.343750 3351.099854 54700.613281 1.042919
667100 299.545563 -48.179211 -20737.345703 3351.099854 54700.605469 1.042919
667200 299.545563 -48.180237 -20737.347656 3351.099854 54700.605469 1.042919
667300 299.545563 -48.180779 -20737.347656 3351.099854 54700.605469 1.042919
667400 299.545593 -48.180969 -20737.347656 3351.100342 54700.605469 1.042919
667500 299.545593 -48.181923 -20737.349609 3351.100342 54700.601562 1.042919
667600 299.545593 -48.182720 -20737.349609 3351.100342 54700.601562 1.042919
667700 299.545593 -48.182846 -20737.349609 3351.100342 54700.601562 1.042919
667800 299.545624 -48.182323 -20737.351562 3351.100586 54700.597656 1.042919
667900 299.545624 -48.182678 -20737.353516 3351.100586 54700.597656 1.042919
668000 299.545654 -48.183846 -20737.351562 3351.100830 54700.597656 1.042919
668100 299.545654 -48.184528 -20737.351562 3351.100830 54700.597656 1.042919
668200 299.545654 -48.184612 -20737.353516 3351.100830 54700.582031 1.042919
668300 299.545685 -48.185364 -20737.353516 3351.101318 54700.574219 1.042919
668400 299.545685 -48.186668 -20737.355469 3351.101318 54700.574219 1.042919
668500 299.545685 -48.187107 -20737.355469 3351.101318 54700.570312 1.042920
668600 299.545685 -48.189064 -20737.357422 3351.101318 54700.570312 1.042920
668700 299.545685 -48.190468 -20737.357422 3351.101318 54700.570312 1.042920
668800 299.545715 -48.191147 -20737.361328 3351.101562 54700.570312 1.042920
668900 299.545715 -48.192669 -20737.363281 3351.101562 54700.570312 1.042920
669000 299.545715 -48.196033 -20737.363281 3351.101562 54700.570312 1.042920
669100 299.545746 -48.197399 -20737.365234 3351.102051 54700.570312 1.042920
669200 299.545746 -48.197887 -20737.365234 3351.102051 54700.570312 1.042920
669300 299.545746 -48.199059 -20737.365234 3351.102051 54700.558594 1.042920
669400 299.545746 -48.199238 -20737.367188 3351.102051 54700.558594 1.042920
669500 299.545746 -48.200348 -20737.367188 3351.102051 54700.554688 1.042920
669600 299.545746 -48.200668 -20737.369141 3351.102051 54700.554688 1.042920
669700 299.545746 -48.200188 -20737.367188 3351.102051 54700.550781 1.042920
669800 299.545776 -48.199799 -20737.367188 3351.102295 54700.550781 1.042920
669900 299.545776 -48.200500 -20737.367188 3351.102295 54700.542969 1.042920
670000 299.545776 -48.200577 -20737.369141 3351.102295 54700.542969 1.042920
670100 299.545776 -48.202229 -20737.371094 3351.102295 54700.539062 1.042920
670200 299.545776 -48.203304 -20737.371094 3351.102295 54700.539062 1.042920
670300 299.545776 -48.203476 -20737.371094 3351.102295 54700.539062 1.042920
670400 299.545807 -48.204365 -20737.371094 3351.102539 54700.539062 1.042920
670500 299.545807 -48.204868 -20737.373047 3351.102539 54700.539062 1.042920
670600 299.545807 -48.205177 -20737.373047 3351.102539 54700.527344 1.042920
670700 299.545776 -48.206516 -20737.373047 3351.102295 54700.527344 1.042920
670800 299.545776 -48.209217 -20737.375000 3351.102295 54700.527344 1.042920
670900 299.545807 -48.211681 -20737.378906 3351.102539 54700.523438 1.042920
671000 299.545807 -48.212238 -20737.380859 3351.102539 54700.523438 1.042920
671100 299.545807 -48.213600 -20737.380859 3351.102539 54700.523438 1.042920
671200 299.545807 -48.213474 -20737.382812 3351.102539 54700.523438 1.042920
671300 299.545807 -48.214382 -20737.380859 3351.102539 54700.523438 1.042920
671400 299.545807 -48.215034 -20737.380859 3351.102539 54700.523438 1.042920
671500 299.545807 -48.213326 -20737.380859 3351.102539 54700.519531 1.042920
671600 299.545837 -48.213863 -20737.378906 3351.103027 54700.519531 1.042920
671700 299.545837 -48.214115 -20737.380859 3351.103027 54700.511719 1.042921
671800 299.545837 -48.213097 -20737.378906 3351.103027 54700.511719 1.042921
671900 299.545837 -48.214401 -20737.378906 3351.103027 54700.507812 1.042921
672000 299.545837 -48.215843 -20737.380859 3351.103027 54700.507812 1.042921
672100 299.545837 -48.217777 -20737.382812 3351.103027 54700.507812 1.042921
672200 299.545868 -48.219105 -20737.382812 3351.103271 54700.496094 1.042921
672300 299.545868 -48.219074 -20737.384766 3351.103271 54700.492188 1.042921
672400 299.545868 -48.219757 -20737.384766 3351.103271 54700.492188 1.042921
672500 299.545868 -48.220638 -20737.386719 3351.103271 54700.492188 1.042921
672600 299.545868 -48.220676 -20737.384766 3351.103271 54700.492188 1.042921
672700 299.545898 -48.221806 -20737.386719 3351.103516 54700.492188 1.042921
672800 299.545898 -48.223877 -20737.388672 3351.103516 54700.488281 1.042921
672900 299.545898 -48.224483 -20737.392578 3351.103516 54700.488281 1.042921
673000 299.545898 -48.224167 -20737.394531 3351.103516 54700.488281 1.042921
673100 299.545898 -48.223236 -20737.394531 3351.103516 54700.484375 1.042921
673200 299.545898 -48.224255 -20737.394531 3351.103516 54700.484375 1.042921
673300 299.545898 -48.225643 -20737.394531 3351.103516 54700.484375 1.042921
673400 299.545929 -48.227264 -20737.396484 3351.104004 54700.476562 1.042921
673500 299.545929 -48.226372 -20737.398438 3351.104004 54700.476562 1.042921
673600 299.545929 -48.225574 -20737.398438 3351.104004 54700.468750 1.042921
673700 299.545929 -48.225456 -20737.400391 3351.104004 54700.460938 1.042922
673800 299.545929 -48.225903 -20737.400391 3351.104004 54700.457031 1.042922
673900 299.545929 -48.226353 -20737.398438 3351.104004 54700.457031 1.042922
674000 299.545929 -48.225929 -20737.398438 3351.104004 54700.453125 1.042922
674100 299.545929 -48.225861 -20737.396484 3351.104004 54700.453125 1.042922
674200 299.545959 -48.227909 -20737.398438 3351.104248 54700.457031 1.042922
674300 299.545959 -48.229393 -20737.398438 3351.104248 54700.453125 1.042922
674400 299.545959 -48.230606 -20737.400391 3351.104248 54700.453125 1.042922
674500 299.545990 -48.231396 -20737.402344 3351.104492 54700.453125 1.042922
674600 299.545990 -48.232059 -20737.402344 3351.104492 54700.453125 1.042922
674700 299.545990 -48.233444 -20737.404297 3351.104492 54700.453125 1.042922
674800 299.545990 -48.234772 -20737.404297 3351.104492 54700.453125 1.042922
674900 299.545990 -48.236538 -20737.408203 3351.104492 54700.453125 1.042922
675000 299.546021 -48.237488 -20737.410156 3351.104980 54700.445312 1.042922
675100 299.546021 -48.239010 -20737.410156 3351.104980 54700.445312 1.042922
675200 299.546021 -48.239040 -20737.412109 3351.104980 54700.445312 1.042922
675300 299.546021 -48.239876 -20737.410156 3351.104980 54700.437500 1.042922
675400 299.546021 -48.240425 -20737.410156 3351.104980 54700.437500 1.042922
675500 299.546021 -48.241341 -20737.410156 3351.104980 54700.429688 1.042922
675600 299.546021 -48.242260 -20737.412109 3351.104980 54700.429688 1.042922
675700 299.546021 -48.243610 -20737.412109 3351.104980 54700.425781 1.042922
675800 299.546051 -48.245747 -20737.412109 3351.105225 54700.425781 1.042922
675900 299.546051 -48.246273 -20737.414062 3351.105225 54700.425781 1.042922
676000 299.546051 -48.247215 -20737.416016 3351.105225 54700.425781 1.042922
676100 299.546051 -48.247578 -20737.416016 3351.105225 54700.421875 1.042922
676200 299.546082 -48.247692 -20737.416016 3351.105469 54700.414062 1.042922
676300 299.546082 -48.247955 -20737.417969 3351.105469 54700.414062 1.042922
676400 299.546082 -48.246101 -20737.417969 3351.105469 54700.414062 1.042922
676500 299.546082 -48.246471 -20737.419922 3351.105469 54700.406250 1.042923
676600 299.546082 -48.246632 -20737.419922 3351.105469 54700.406250 1.042923
676700 299.546082 -48.247543 -20737.419922 3351.105469 54700.406250 1.042923
676800 299.546112 -48.248074 -20737.421875 3351.105957 54700.406250 1.042923
676900 299.546112 -48.248653 -20737.423828 3351.105957 54700.406250 1.042923
677000 299.546112 -48.250099 -20737.425781 3351.105957 54700.406250 1.042923
677100 299.546143 -48.250546 -20737.425781 3351.106201 54700.406250 1.042923
677200 299.546143 -48.251667 -20737.425781 3351.106201 54700.398438 1.042923
677300 299.546143 -48.253395 -20737.427734 3351.106201 54700.398438 1.042923
677400 299.546173 -48.254951 -20737.429688 3351.106445 54700.398438 1.042923
677500 299.546173 -48.256516 -20737.429688 3351.106445 54700.394531 1.042923
677600 299.546173 -48.257923 -20737.427734 3351.106445 54700.394531 1.042923
677700 299.546173 -48.257877 -20737.429688 3351.106445 54700.394531 1.042923
677800 299.546204 -48.258049 -20737.429688 3351.106934 54700.394531 1.042923
677900 299.546173 -48.260063 -20737.429688 3351.106445 54700.394531 1.042923
678000 299.546173 -48.261642 -20737.431641 3351.106445 54700.390625 1.042923
678100 299.546204 -48.261951 -20737.433594 3351.106934 54700.390625 1.042923
678200 299.546173 -48.261486 -20737.431641 3351.106445 54700.382812 1.042923
678300 299.546173 -48.261303 -20737.433594 3351.106445 54700.375000 1.042923
678400 299.546204 -48.261395 -20737.433594 3351.106934 54700.367188 1.042923
678500 299.546204 -48.261127 -20737.433594 3351.106934 54700.367188 1.042923
678600 299.546204 -48.260429 -20737.431641 3351.106934 54700.367188 1.042923
678700 299.546234 -48.259777 -20737.431641 3351.107178 54700.363281 1.042923
678800 299.546234 -48.259735 -20737.431641 3351.107178 54700.363281 1.042923
678900 299.546234 -48.260624 -20737.433594 3351.107178 54700.363281 1.042923
679000 299.546234 -48.261471 -20737.433594 3351.107178 54700.359375 1.042924
679100 299.546234 -48.260475 -20737.435547 3351.107178 54700.359375 1.042924
679200 299.546234 -48.260376 -20737.435547 3351.107178 54700.359375 1.042924
679300 299.546234 -48.260685 -20737.435547 3351.107178 54700.359375 1.042924
679400 299.546234 -48.261841 -20737.437500 3351.107178 54700.359375 1.042924
679500 299.546265 -48.263844 -20737.439453 3351.107666 54700.351562 1.042924
679600 299.546265 -48.264893 -20737.439453 3351.107666 54700.351562 1.042924
679700 299.546265 -48.266582 -20737.441406 3351.107666 54700.351562 1.042924
679800 299.546265 -48.268654 -20737.445312 3351.107666 54700.351562 1.042924
679900 299.546265 -48.271389 -20737.447266 3351.107666 54700.351562 1.042924
680000 299.546265 -48.272236 -20737.449219 3351.107666 54700.351562 1.042924
680100 299.546295 -48.272373 -20737.449219 3351.107910 54700.351562 1.042924
680200 299.546295 -48.272518 -20737.451172 3351.107910 54700.351562 1.042924
680300 299.546295 -48.272808 -20737.449219 3351.107910 54700.335938 1.042924
680400 299.546326 -48.273643 -20737.449219 3351.108154 54700.335938 1.042924
680500 299.546326 -48.274227 -20737.449219 3351.108154 54700.335938 1.042924
680600 299.546326 -48.275909 -20737.449219 3351.108154 54700.335938 1.042924
680700 299.546356 -48.275944 -20737.449219 3351.108643 54700.335938 1.042924
680800 299.546326 -48.275280 -20737.447266 3351.108154 54700.335938 1.042924
680900 299.546326 -48.276184 -20737.447266 3351.108154 54700.335938 1.042924
681000 299.546356 -48.275864 -20737.445312 3351.108643 54700.335938 1.042924
681100 299.546356 -48.276482 -20737.445312 3351.108643 54700.332031 1.042924
681200 299.546356 -48.277725 -20737.445312 3351.108643 54700.332031 1.042924
681300 299.546356 -48.277374 -20737.447266 3351.108643 54700.328125 1.042924
681400 299.546356 -48.278023 -20737.449219 3351.108643 54700.328125 1.042924
681500 299.546356 -48.278954 -20737.449219 3351.108643 54700.328125 1.042924
681600 299.546387 -48.279640 -20737.449219 3351.108887 54700.320312 1.042924
681700 299.546387 -48.280483 -20737.449219 3351.108887 54700.320312 1.042924
681800 299.546387 -48.281067 -20737.451172 3351.108887 54700.320312 1.042924
681900 299.546387 -48.281902 -20737.453125 3351.108887 54700.312500 1.042924
682000 299.546387 -48.282749 -20737.455078 3351.108887 54700.312500 1.042924
682100 299.546417 -48.283680 -20737.457031 3351.109131 54700.312500 1.042924
682200 299.546417 -48.284927 -20737.458984 3351.109131 54700.312500 1.042924
682300 299.546417 -48.286697 -20737.458984 3351.109131 54700.312500 1.042924
682400 299.546417 -48.286690 -20737.460938 3351.109131 54700.304688 1.042925
682500 299.546417 -48.287479 -20737.462891 3351.109131 54700.312500 1.042924
682600 299.546448 -48.285625 -20737.462891 3351.109863 54700.312500 1.042924
682700 299.546448 -48.284836 -20737.462891 3351.109863 54700.312500 1.042924
682800 299.546417 -48.286953 -20737.462891 3351.109131 54700.304688 1.042925
682900 299.546417 -48.288589 -20737.462891 3351.109131 54700.300781 1.042925
683000 299.546417 -48.288830 -20737.464844 3351.109131 54700.300781 1.042925
683100 299.546417 -48.289711 -20737.464844 3351.109131 54700.296875 1.042925
683200 299.546417 -48.289814 -20737.466797 3351.109131 54700.296875 1.042925
683300 299.546417 -48.289425 -20737.466797 3351.109131 54700.285156 1.042925
683400 299.546448 -48.289848 -20737.466797 3351.109863 54700.285156 1.042925
683500 299.546448 -48.289135 -20737.468750 3351.109863 54700.281250 1.042925
683600 299.546448 -48.289974 -20737.466797 3351.109863 54700.281250 1.042925
683700 299.546448 -48.290020 -20737.466797 3351.109863 54700.273438 1.042925
683800 299.546448 -48.290867 -20737.466797 3351.109863 54700.273438 1.042925
683900 299.546448 -48.291084 -20737.466797 3351.109863 54700.269531 1.042925
684000 299.546448 -48.291733 -20737.468750 3351.109863 54700.269531 1.042925
684100 299.546448 -48.292423 -20737.468750 3351.109863 54700.269531 1.042925
684200 299.546448 -48.293465 -20737.470703 3351.109863 54700.273438 1.042925
684300 299.546448 -48.294563 -20737.470703 3351.109863 54700.273438 1.042925
684400 299.546478 -48.295479 -20737.470703 3351.110107 54700.273438 1.042925
684500 299.546478 -48.296520 -20737.472656 3351.110107 54700.269531 1.042925
684600 299.546478 -48.297504 -20737.474609 3351.110107 54700.269531 1.042925
684700 299.546478 -48.299034 -20737.476562 3351.110107 54700.269531 1.042925
684800 299.546509 -48.299461 -20737.476562 3351.110596 54700.269531 1.042925
684900 299.546509 -48.299141 -20737.476562 3351.110596 54700.269531 1.042925
685000 299.546509 -48.298843 -20737.476562 3351.110596 54700.265625 1.042925
685100 299.546509 -48.300480 -20737.478516 3351.110596 54700.265625 1.042925
685200 299.546509 -48.301167 -20737.480469 3351.110596 54700.265625 1.042925
685300 299.546509 -48.301746 -20737.480469 3351.110596 54700.265625 1.042925
685400 299.546509 -48.302227 -20737.480469 3351.110596 54700.265625 1.042925
685500 299.546539 -48.302971 -20737.482422 3351.110840 54700.265625 1.042925
685600 299.546539 -48.303810 -20737.484375 3351.110840 54700.265625 1.042925
685700 299.546539 -48.302803 -20737.484375 3351.110840 54700.253906 1.042925
685800 299.546570 -48.302643 -20737.484375 3351.111084 54700.250000 1.042926
685900 299.546570 -48.302654 -20737.484375 3351.111084 54700.242188 1.042926
686000 299.546570 -48.303078 -20737.486328 3351.111084 54700.242188 1.042926
686100 299.546570 -48.304195 -20737.488281 3351.111084 54700.242188 1.042926
686200 299.546570 -48.304771 -20737.488281 3351.111084 54700.242188 1.042926
686300 299.546570 -48.304680 -20737.488281 3351.111084 54700.238281 1.042926
686400 299.546600 -48.304920 -20737.488281 3351.111572 54700.238281 1.042926
686500 299.546570 -48.304955 -20737.488281 3351.111084 54700.238281 1.042926
686600 299.546570 -48.306293 -20737.488281 3351.111084 54700.238281 1.042926
686700 299.546600 -48.307377 -20737.488281 3351.111572 54700.238281 1.042926
686800 299.546600 -48.308308 -20737.488281 3351.111572 54700.234375 1.042926
686900 299.546600 -48.309059 -20737.490234 3351.111572 54700.234375 1.042926
687000 299.546600 -48.309288 -20737.492188 3351.111572 54700.234375 1.042926
687100 299.546600 -48.309143 -20737.494141 3351.111572 54700.234375 1.042926
687200 299.546600 -48.309174 -20737.492188 3351.111572 54700.234375 1.042926
687300 299.546631 -48.308765 -20737.490234 3351.111816 54700.234375 1.042926
687400 299.546631 -48.309475 -20737.488281 3351.111816 54700.234375 1.042926
687500 299.546631 -48.311089 -20737.490234 3351.111816 54700.234375 1.042926
687600 299.546631 -48.312149 -20737.490234 3351.111816 54700.234375 1.042926
687700 299.546631 -48.313168 -20737.494141 3351.111816 54700.222656 1.042926
687800 299.546661 -48.313572 -20737.494141 3351.112061 54700.222656 1.042926
687900 299.546631 -48.314533 -20737.496094 3351.111816 54700.222656 1.042926
688000 299.546631 -48.317142 -20737.498047 3351.111816 54700.222656 1.042926
688100 299.546631 -48.318214 -20737.498047 3351.111816 54700.222656 1.042926
688200 299.546631 -48.317326 -20737.498047 3351.111816 54700.222656 1.042926
688300 299.546631 -48.317852 -20737.498047 3351.111816 54700.218750 1.042926
688400 299.546631 -48.318836 -20737.500000 3351.111816 54700.210938 1.042926
688500 299.546631 -48.319691 -20737.500000 3351.111816 54700.210938 1.042926
688600 299.546631 -48.320827 -20737.501953 3351.111816 54700.207031 1.042926
688700 299.546631 -48.321354 -20737.501953 3351.111816 54700.207031 1.042926
688800 299.546661 -48.321125 -20737.501953 3351.112061 54700.203125 1.042927
688900 299.546661 -48.319317 -20737.503906 3351.112061 54700.191406 1.042927
689000 299.546661 -48.318844 -20737.503906 3351.112061 54700.191406 1.042927
689100 299.546661 -48.318665 -20737.503906 3351.112061 54700.191406 1.042927
689200 299.546661 -48.318539 -20737.503906 3351.112061 54700.191406 1.042927
689300 299.546661 -48.319260 -20737.503906 3351.112061 54700.191406 1.042927
689400 299.546692 -48.319454 -20737.505859 3351.112549 54700.187500 1.042927
689500 299.546692 -48.321285 -20737.505859 3351.112549 54700.187500 1.042927
689600 299.546692 -48.322060 -20737.505859 3351.112549 54700.179688 1.042927
689700 299.546692 -48.321442 -20737.505859 3351.112549 54700.179688 1.042927
689800 299.546692 -48.321388 -20737.505859 3351.112549 54700.179688 1.042927
689900 299.546722 -48.321297 -20737.505859 3351.112793 54700.179688 1.042927
690000 299.546722 -48.320988 -20737.507812 3351.112793 54700.179688 1.042927
690100 299.546722 -48.320530 -20737.507812 3351.112793 54700.179688 1.042927
690200 299.546722 -48.320438 -20737.507812 3351.112793 54700.179688 1.042927
690300 299.546722 -48.322109 -20737.507812 3351.112793 54700.175781 1.042927
690400 299.546722 -48.323643 -20737.509766 3351.112793 54700.175781 1.042927
690500 299.546722 -48.324684 -20737.511719 3351.112793 54700.175781 1.042927
690600 299.546722 -48.325050 -20737.509766 3351.112793 54700.175781 1.042927
690700 299.546722 -48.326527 -20737.511719 3351.112793 54700.175781 1.042927
690800 299.546753 -48.327774 -20737.513672 3351.113281 54700.171875 1.042927
690900 299.546753 -48.328400 -20737.515625 3351.113281 54700.171875 1.042927
691000 299.546753 -48.328896 -20737.517578 3351.113281 54700.160156 1.042927
691100 299.546753 -48.329315 -20737.519531 3351.113281 54700.160156 1.042927
691200 299.546783 -48.330910 -20737.519531 3351.113525 54700.160156 1.042927
691300 299.546783 -48.330711 -20737.517578 3351.113525 54700.160156 1.042927
691400 299.546783 -48.331036 -20737.517578 3351.113525 54700.160156 1.042927
691500 299.546783 -48.331940 -20737.519531 3351.113525 54700.160156 1.042927
691600 299.546783 -48.332897 -20737.519531 3351.113525 54700.160156 1.042927
691700 299.546783 -48.333435 -20737.523438 3351.113525 54700.160156 1.042927
691800 299.546783 -48.332409 -20737.521484 3351.113525 54700.160156 1.042927
691900 299.546783 -48.332283 -20737.521484 3351.113525 54700.160156 1.042927
692000 299.546783 -48.333530 -20737.521484 3351.113525 54700.156250 1.042927
692100 299.546783 -48.333988 -20737.521484 3351.113525 54700.156250 1.042927
692200 299.546783 -48.334854 -20737.523438 3351.113525 54700.156250 1.042927
692300 299.546783 -48.335209 -20737.525391 3351.113525 54700.156250 1.042927
692400 299.546783 -48.336220 -20737.527344 3351.113525 54700.156250 1.042927
692500 299.546783 -48.337009 -20737.527344 3351.113525 54700.148438 1.042928
692600 299.546814 -48.338352 -20737.527344 3351.113770 54700.148438 1.042928
692700 299.546844 -48.338028 -20737.527344 3351.114258 54700.148438 1.042928
692800 299.546844 -48.339096 -20737.529297 3351.114258 54700.148438 1.042928
692900 299.546844 -48.339371 -20737.527344 3351.114258 54700.144531 1.042928
693000 299.546844 -48.339691 -20737.527344 3351.114258 54700.144531 1.042928
693100 299.546844 -48.340881 -20737.525391 3351.114258 54700.144531 1.042928
693200 299.546844 -48.342251 -20737.527344 3351.114258 54700.144531 1.042928
693300 299.546875 -48.342953 -20737.525391 3351.114502 54700.144531 1.042928
693400 299.546875 -48.343739 -20737.525391 3351.114502 54700.144531 1.042928
693500 299.546844 -48.343967 -20737.525391 3351.114258 54700.144531 1.042928
693600 299.546875 -48.343716 -20737.525391 3351.114502 54700.144531 1.042928
693700 299.546875 -48.342445 -20737.527344 3351.114502 54700.140625 1.042928
693800 299.546875 -48.342319 -20737.529297 3351.114502 54700.140625 1.042928
693900 299.546875 -48.342079 -20737.531250 3351.114502 54700.128906 1.042928
694000 299.546875 -48.342617 -20737.531250 3351.114502 54700.128906 1.042928
694100 299.546875 -48.342365 -20737.533203 3351.114502 54700.125000 1.042928
694200 299.546875 -48.342358 -20737.533203 3351.114502 54700.125000 1.042928
694300 299.546875 -48.342915 -20737.535156 3351.114502 54700.125000 1.042928
694400 299.546875 -48.343750 -20737.537109 3351.114502 54700.125000 1.042928
694500 299.546906 -48.346382 -20737.537109 3351.114746 54700.117188 1.042928
694600 299.546906 -48.347469 -20737.539062 3351.114746 54700.117188 1.042928
694700 299.546906 -48.348194 -20737.541016 3351.114746 54700.117188 1.042928
694800 299.546906 -48.349247 -20737.539062 3351.114746 54700.117188 1.042928
694900 299.546906 -48.350231 -20737.539062 3351.114746 54700.117188 1.042928
695000 299.546906 -48.350319 -20737.539062 3351.114746 54700.117188 1.042928
695100 299.546906 -48.350376 -20737.539062 3351.114746 54700.117188 1.042928
695200 299.546906 -48.350777 -20737.537109 3351.114746 54700.117188 1.042928
695300 299.546936 -48.351601 -20737.537109 3351.115234 54700.117188 1.042928
695400 299.546936 -48.351406 -20737.535156 3351.115234 54700.117188 1.042928
695500 299.546936 -48.351830 -20737.535156 3351.115234 54700.117188 1.042928
695600 299.546936 -48.350471 -20737.535156 3351.115234 54700.117188 1.042928
695700 299.546936 -48.349667 -20737.537109 3351.115234 54700.113281 1.042928
695800 299.546967 -48.348434 -20737.537109 3351.115479 54700.113281 1.042928
695900 299.546967 -48.348396 -20737.539062 3351.115479 54700.109375 1.042928
696000 299.546967 -48.348431 -20737.539062 3351.115479 54700.109375 1.042928
696100 299.546967 -48.348351 -20737.539062 3351.115479 54700.109375 1.042928
696200 299.546967 -48.348961 -20737.539062 3351.115479 54700.109375 1.042928
696300 299.546967 -48.349277 -20737.539062 3351.115479 54700.109375 1.042928
696400 299.546967 -48.349358 -20737.539062 3351.115479 54700.097656 1.042928
696500 299.546967 -48.350391 -20737.541016 3351.115479 54700.097656 1.042928
696600 299.546967 -48.350792 -20737.539062 3351.115479 54700.097656 1.042928
696700 299.546967 -48.350571 -20737.539062 3351.115479 54700.097656 1.042928
696800 299.546967 -48.350811 -20737.541016 3351.115479 54700.093750 1.042929
696900 299.546967 -48.351089 -20737.541016 3351.115479 54700.093750 1.042929
697000 299.546997 -48.352539 -20737.541016 3351.115723 54700.093750 1.042929
697100 299.546997 -48.355255 -20737.541016 3351.115723 54700.089844 1.042929
697200 299.546997 -48.355892 -20737.542969 3351.115723 54700.093750 1.042929
697300 299.546997 -48.357346 -20737.541016 3351.115723 54700.093750 1.042929
697400 299.546997 -48.358009 -20737.542969 3351.115723 54700.093750 1.042929
697500 299.546997 -48.359108 -20737.542969 3351.115723 54700.093750 1.042929
697600 299.547028 -48.359360 -20737.544922 3351.116211 54700.089844 1.042929
697700 299.547028 -48.359764 -20737.546875 3351.116211 54700.089844 1.042929
697800 299.547028 -48.359085 -20737.546875 3351.116211 54700.089844 1.042929
697900 299.547028 -48.358822 -20737.548828 3351.116211 54700.089844 1.042929
698000 299.547028 -48.359337 -20737.548828 3351.116211 54700.089844 1.042929
698100 299.547028 -48.360172 -20737.550781 3351.116211 54700.082031 1.042929
698200 299.547028 -48.360275 -20737.550781 3351.116211 54700.082031 1.042929
698300 299.547028 -48.360332 -20737.550781 3351.116211 54700.078125 1.042929
698400 299.547058 -48.360287 -20737.550781 3351.116455 54700.078125 1.042929
698500 299.547058 -48.360973 -20737.550781 3351.116455 54700.078125 1.042929
698600 299.547058 -48.361549 -20737.550781 3351.116455 54700.066406 1.042929
698700 299.547058 -48.361584 -20737.552734 3351.116455 54700.066406 1.042929
698800 299.547089 -48.362324 -20737.554688 3351.116699 54700.066406 1.042929
698900 299.547089 -48.363777 -20737.554688 3351.116699 54700.066406 1.042929
699000 299.547089 -48.364395 -20737.556641 3351.116699 54700.066406 1.042929
699100 299.547089 -48.364857 -20737.556641 3351.116699 54700.066406 1.042929
699200 299.547089 -48.364635 -20737.556641 3351.116699 54700.062500 1.042929
699300 299.547089 -48.364567 -20737.556641 3351.116699 54700.062500 1.042929
699400 299.547119 -48.364750 -20737.556641 3351.117188 54700.062500 1.042929
699500 299.547119 -48.365177 -20737.556641 3351.117188 54700.062500 1.042929
699600 299.547119 -48.366249 -20737.558594 3351.117188 54700.062500 1.042929
699700 299.547119 -48.366653 -20737.558594 3351.117188 54700.062500 1.042929
699800 299.547119 -48.365932 -20737.558594 3351.117188 54700.062500 1.042929
699900 299.547119 -48.365849 -20737.558594 3351.117188 54700.062500 1.042929
700000 299.547119 -48.365555 -20737.558594 3351.117188 54700.058594 1.042929
