# Time-averaged data for fix thermo_detailed
# TimeStep v_temp v_press v_pe v_ke v_vol v_dens
600100 298.152283 -21.089275 -21043.562500 3335.512939 54603.003906 1.044783
600200 298.691223 -105.064217 -21011.187500 3341.541992 54540.121094 1.045988
600300 299.004669 -126.757401 -20976.171875 3345.048828 54567.972656 1.045454
600400 299.238373 -135.751389 -20945.162109 3347.663086 54591.636719 1.045001
600500 299.406708 -137.911087 -20919.478516 3349.546387 54611.054688 1.044629
600600 299.525146 -136.708603 -20899.416016 3350.871338 54625.585938 1.044351
600700 299.607117 -134.113815 -20884.203125 3351.788574 54636.035156 1.044151
600800 299.663269 -131.208801 -20872.849609 3352.416748 54643.464844 1.044009
600900 299.701691 -128.508728 -20864.445312 3352.846436 54648.750000 1.043908
601000 299.728058 -126.222107 -20858.251953 3353.141357 54652.566406 1.043836
601100 299.746307 -124.382965 -20853.697266 3353.345459 54655.371094 1.043782
601200 299.759094 -122.956390 -20850.355469 3353.488770 54657.457031 1.043742
601300 299.768250 -121.866425 -20847.900391 3353.591064 54659.035156 1.043712
601400 299.774963 -121.050827 -20846.095703 3353.666260 54660.242188 1.043689
601500 299.779968 -120.449921 -20844.771484 3353.722412 54661.175781 1.043671
601600 299.783813 -120.005081 -20843.798828 3353.765137 54661.898438 1.043657
601700 299.786865 -119.679398 -20843.076172 3353.799316 54662.472656 1.043646
601800 299.789307 -119.437927 -20842.546875 3353.826660 54662.933594 1.043638
601900 299.791321 -119.257706 -20842.140625 3353.849121 54663.300781 1.043630
602000 299.793030 -119.127884 -20841.845703 3353.868164 54663.601562 1.043625
602100 299.794464 -119.031250 -20841.621094 3353.884521 54663.847656 1.043620
602200 299.795746 -118.956238 -20841.451172 3353.898682 54664.042969 1.043616
602300 299.796844 -118.894348 -20841.318359 3353.910889 54664.203125 1.043613
602400 299.797821 -118.847717 -20841.214844 3353.921875 54664.339844 1.043611
602500 299.798676 -118.808380 -20841.128906 3353.931396 54664.468750 1.043608
602600 299.799500 -118.775497 -20841.060547 3353.940674 54664.574219 1.043606
602700 299.800201 -118.743073 -20841.003906 3353.948486 54664.660156 1.043605
602800 299.800873 -118.717453 -20840.958984 3353.956055 54664.750000 1.043603
602900 299.801453 -118.695541 -20840.921875 3353.962402 54664.816406 1.043602
603000 299.802002 -118.677353 -20840.886719 3353.968750 54664.878906 1.043600
603100 299.802521 -118.660156 -20840.859375 3353.974609 54664.941406 1.043599
603200 299.802948 -118.645203 -20840.833984 3353.979248 54664.996094 1.043598
603300 299.803345 -118.631195 -20840.816406 3353.983643 54665.050781 1.043597
603400 299.803741 -118.618973 -20840.796875 3353.988037 54665.089844 1.043596
603500 299.804077 -118.606079 -20840.777344 3353.991699 54665.132812 1.043596
603600 299.804413 -118.592697 -20840.757812 3353.995850 54665.179688 1.043595
603700 299.804749 -118.583969 -20840.744141 3353.999268 54665.203125 1.043594
603800 299.805023 -118.570770 -20840.730469 3354.002441 54665.242188 1.043594
603900 299.805298 -118.557434 -20840.716797 3354.005615 54665.273438 1.043593
604000 299.805511 -118.550812 -20840.703125 3354.008057 54665.304688 1.043592
604100 299.805756 -118.543594 -20840.691406 3354.010498 54665.328125 1.043592
604200 299.805969 -118.534744 -20840.677734 3354.012939 54665.367188 1.043591
604300 299.806183 -118.525665 -20840.664062 3354.015625 54665.398438 1.043591
604400 299.806366 -118.520264 -20840.662109 3354.017578 54665.406250 1.043590
604500 299.806549 -118.513107 -20840.652344 3354.019531 54665.433594 1.043590
604600 299.806732 -118.505936 -20840.640625 3354.021484 54665.460938 1.043589
604700 299.806885 -118.498703 -20840.632812 3354.023193 54665.468750 1.043589
604800 299.807037 -118.490921 -20840.621094 3354.025146 54665.496094 1.043589
604900 299.807159 -118.485275 -20840.613281 3354.026367 54665.515625 1.043588
605000 299.807281 -118.482742 -20840.611328 3354.027832 54665.527344 1.043588
605100 299.807404 -118.475693 -20840.603516 3354.029053 54665.542969 1.043588
605200 299.807495 -118.469620 -20840.597656 3354.030029 54665.550781 1.043588
605300 299.807617 -118.463074 -20840.587891 3354.031494 54665.562500 1.043587
605400 299.807709 -118.460617 -20840.580078 3354.032471 54665.582031 1.043587
605500 299.807770 -118.457916 -20840.578125 3354.032959 54665.589844 1.043587
605600 299.807892 -118.454269 -20840.574219 3354.034424 54665.605469 1.043587
605700 299.807983 -118.451828 -20840.572266 3354.035645 54665.613281 1.043586
605800 299.808044 -118.451660 -20840.566406 3354.036377 54665.628906 1.043586
605900 299.808105 -118.447937 -20840.558594 3354.037109 54665.644531 1.043586
606000 299.808197 -118.442780 -20840.556641 3354.038086 54665.652344 1.043586
606100 299.808258 -118.437302 -20840.548828 3354.038574 54665.660156 1.043586
606200 299.808289 -118.434982 -20840.544922 3354.039062 54665.671875 1.043585
606300 299.808350 -118.434021 -20840.539062 3354.039795 54665.691406 1.043585
606400 299.808411 -118.429443 -20840.533203 3354.040283 54665.699219 1.043585
606500 299.808441 -118.424576 -20840.529297 3354.040771 54665.703125 1.043585
606600 299.808502 -118.420883 -20840.525391 3354.041260 54665.707031 1.043585
606700 299.808563 -118.418045 -20840.525391 3354.041992 54665.714844 1.043584
606800 299.808594 -118.415848 -20840.523438 3354.042236 54665.714844 1.043584
606900 299.808624 -118.414001 -20840.521484 3354.042725 54665.722656 1.043584
607000 299.808655 -118.414047 -20840.519531 3354.042969 54665.722656 1.043584
607100 299.808716 -118.413742 -20840.517578 3354.043701 54665.734375 1.043584
607200 299.808746 -118.411514 -20840.515625 3354.043945 54665.738281 1.043584
607300 299.808777 -118.408371 -20840.511719 3354.044189 54665.746094 1.043584
607400 299.808807 -118.408737 -20840.507812 3354.044678 54665.753906 1.043584
607500 299.808838 -118.406235 -20840.503906 3354.044922 54665.757812 1.043584
607600 299.808868 -118.407745 -20840.503906 3354.045654 54665.765625 1.043584
607700 299.808899 -118.406708 -20840.507812 3354.045898 54665.765625 1.043584
607800 299.808929 -118.405289 -20840.507812 3354.046387 54665.765625 1.043584
607900 299.808960 -118.404068 -20840.507812 3354.046631 54665.769531 1.043583
608000 299.808960 -118.403198 -20840.505859 3354.046631 54665.769531 1.043583
608100 299.808990 -118.401260 -20840.501953 3354.046875 54665.769531 1.043583
608200 299.809021 -118.398651 -20840.498047 3354.047363 54665.769531 1.043583
608300 299.809052 -118.396255 -20840.492188 3354.047607 54665.773438 1.043583
608400 299.809052 -118.395264 -20840.494141 3354.047607 54665.773438 1.043583
608500 299.809052 -118.393021 -20840.492188 3354.047607 54665.785156 1.043583
608600 299.809052 -118.390182 -20840.488281 3354.047607 54665.785156 1.043583
608700 299.809082 -118.387604 -20840.486328 3354.047852 54665.785156 1.043583
608800 299.809082 -118.387985 -20840.486328 3354.047852 54665.789062 1.043583
608900 299.809082 -118.387634 -20840.486328 3354.047852 54665.789062 1.043583
609000 299.809082 -118.386749 -20840.488281 3354.047852 54665.789062 1.043583
609100 299.809113 -118.386795 -20840.488281 3354.048340 54665.789062 1.043583
609200 299.809113 -118.385452 -20840.488281 3354.048340 54665.789062 1.043583
609300 299.809113 -118.385971 -20840.488281 3354.048340 54665.789062 1.043583
609400 299.809143 -118.385742 -20840.488281 3354.048584 54665.789062 1.043583
609500 299.809174 -118.386322 -20840.486328 3354.048828 54665.789062 1.043583
609600 299.809204 -118.389984 -20840.486328 3354.049316 54665.796875 1.043583
609700 299.809204 -118.390686 -20840.484375 3354.049316 54665.800781 1.043583
609800 299.809235 -118.390701 -20840.482422 3354.049561 54665.800781 1.043583
609900 299.809235 -118.392471 -20840.486328 3354.049561 54665.800781 1.043583
610000 299.809265 -118.393356 -20840.486328 3354.049805 54665.804688 1.043583
610100 299.809265 -118.394257 -20840.486328 3354.049805 54665.804688 1.043583
610200 299.809265 -118.394485 -20840.486328 3354.049805 54665.804688 1.043583
610300 299.809265 -118.394318 -20840.486328 3354.049805 54665.804688 1.043583
610400 299.809265 -118.393066 -20840.484375 3354.049805 54665.804688 1.043583
610500 299.809265 -118.393616 -20840.482422 3354.049805 54665.816406 1.043583
610600 299.809265 -118.393585 -20840.480469 3354.049805 54665.816406 1.043583
610700 299.809296 -118.392929 -20840.478516 3354.050293 54665.816406 1.043583
610800 299.809296 -118.391113 -20840.476562 3354.050293 54665.816406 1.043583
610900 299.809296 -118.389236 -20840.476562 3354.050293 54665.820312 1.043582
611000 299.809296 -118.387985 -20840.476562 3354.050293 54665.820312 1.043582
611100 299.809326 -118.388016 -20840.478516 3354.050537 54665.820312 1.043582
611200 299.809326 -118.388077 -20840.478516 3354.050537 54665.820312 1.043582
611300 299.809326 -118.387482 -20840.478516 3354.050537 54665.828125 1.043582
611400 299.809326 -118.387573 -20840.478516 3354.050537 54665.828125 1.043582
611500 299.809326 -118.386627 -20840.480469 3354.050537 54665.828125 1.043582
611600 299.809326 -118.385742 -20840.482422 3354.050537 54665.828125 1.043582
611700 299.809326 -118.385071 -20840.482422 3354.050537 54665.828125 1.043582
611800 299.809357 -118.384842 -20840.480469 3354.051025 54665.828125 1.043582
611900 299.809357 -118.384201 -20840.480469 3354.051025 54665.828125 1.043582
612000 299.809357 -118.383545 -20840.480469 3354.051025 54665.828125 1.043582
612100 299.809357 -118.383728 -20840.478516 3354.051025 54665.828125 1.043582
612200 299.809357 -118.383423 -20840.476562 3354.051025 54665.832031 1.043582
612300 299.809357 -118.382568 -20840.474609 3354.051025 54665.828125 1.043582
612400 299.809357 -118.381668 -20840.474609 3354.051025 54665.828125 1.043582
612500 299.809387 -118.381195 -20840.472656 3354.051270 54665.828125 1.043582
612600 299.809387 -118.381027 -20840.472656 3354.051270 54665.828125 1.043582
612700 299.809387 -118.381119 -20840.470703 3354.051270 54665.828125 1.043582
612800 299.809418 -118.380890 -20840.470703 3354.051514 54665.832031 1.043582
612900 299.809418 -118.380478 -20840.470703 3354.051514 54665.832031 1.043582
613000 299.809418 -118.380295 -20840.470703 3354.051514 54665.832031 1.043582
613100 299.809418 -118.380615 -20840.470703 3354.051514 54665.832031 1.043582
613200 299.809418 -118.380524 -20840.470703 3354.051514 54665.832031 1.043582
613300 299.809418 -118.380234 -20840.468750 3354.051514 54665.832031 1.043582
613400 299.809418 -118.378098 -20840.468750 3354.051514 54665.832031 1.043582
613500 299.809387 -118.376785 -20840.466797 3354.051270 54665.832031 1.043582
613600 299.809387 -118.375793 -20840.464844 3354.051270 54665.832031 1.043582
613700 299.809387 -118.374084 -20840.462891 3354.051270 54665.835938 1.043582
613800 299.809387 -118.373352 -20840.462891 3354.051270 54665.835938 1.043582
613900 299.809387 -118.373154 -20840.462891 3354.051270 54665.835938 1.043582
614000 299.809387 -118.371933 -20840.462891 3354.051270 54665.835938 1.043582
614100 299.809387 -118.371292 -20840.462891 3354.051270 54665.835938 1.043582
614200 299.809387 -118.371277 -20840.464844 3354.051270 54665.847656 1.043582
614300 299.809387 -118.369675 -20840.464844 3354.051270 54665.847656 1.043582
614400 299.809387 -118.369003 -20840.464844 3354.051270 54665.847656 1.043582
614500 299.809387 -118.368073 -20840.464844 3354.051270 54665.847656 1.043582
614600 299.809387 -118.366150 -20840.464844 3354.051270 54665.835938 1.043582
614700 299.809387 -118.365509 -20840.464844 3354.051270 54665.835938 1.043582
614800 299.809387 -118.365112 -20840.464844 3354.051270 54665.835938 1.043582
614900 299.809387 -118.365051 -20840.462891 3354.051270 54665.835938 1.043582
615000 299.809387 -118.365189 -20840.464844 3354.051270 54665.847656 1.043582
615100 299.809387 -118.365524 -20840.464844 3354.051270 54665.847656 1.043582
615200 299.809418 -118.365463 -20840.466797 3354.051514 54665.847656 1.043582
615300 299.809418 -118.365326 -20840.466797 3354.051514 54665.847656 1.043582
615400 299.809418 -118.365372 -20840.466797 3354.051514 54665.847656 1.043582
615500 299.809418 -118.366440 -20840.468750 3354.051514 54665.847656 1.043582
615600 299.809418 -118.367035 -20840.468750 3354.051514 54665.847656 1.043582
615700 299.809418 -118.367523 -20840.468750 3354.051514 54665.835938 1.043582
615800 299.809418 -118.367340 -20840.468750 3354.051514 54665.835938 1.043582
615900 299.809418 -118.366959 -20840.466797 3354.051514 54665.835938 1.043582
616000 299.809387 -118.366653 -20840.466797 3354.051270 54665.835938 1.043582
616100 299.809387 -118.366333 -20840.464844 3354.051270 54665.835938 1.043582
616200 299.809387 -118.366623 -20840.466797 3354.051270 54665.832031 1.043582
616300 299.809387 -118.366699 -20840.466797 3354.051270 54665.832031 1.043582
616400 299.809387 -118.366913 -20840.466797 3354.051270 54665.832031 1.043582
616500 299.809387 -118.367157 -20840.466797 3354.051270 54665.832031 1.043582
616600 299.809387 -118.367310 -20840.466797 3354.051270 54665.832031 1.043582
616700 299.809387 -118.367310 -20840.464844 3354.051270 54665.835938 1.043582
616800 299.809387 -118.367065 -20840.464844 3354.051270 54665.835938 1.043582
616900 299.809387 -118.367020 -20840.464844 3354.051270 54665.835938 1.043582
617000 299.809387 -118.366791 -20840.464844 3354.051270 54665.835938 1.043582
617100 299.809387 -118.366714 -20840.464844 3354.051270 54665.835938 1.043582
617200 299.809387 -118.366623 -20840.464844 3354.051270 54665.835938 1.043582
617300 299.809387 -118.366058 -20840.462891 3354.051270 54665.835938 1.043582
617400 299.809387 -118.365921 -20840.462891 3354.051270 54665.835938 1.043582
617500 299.809387 -118.365707 -20840.462891 3354.051270 54665.835938 1.043582
617600 299.809387 -118.365829 -20840.462891 3354.051270 54665.835938 1.043582
617700 299.809387 -118.365997 -20840.462891 3354.051270 54665.835938 1.043582
617800 299.809357 -118.365402 -20840.464844 3354.051025 54665.835938 1.043582
617900 299.809357 -118.365707 -20840.464844 3354.051025 54665.835938 1.043582
618000 299.809357 -118.365784 -20840.466797 3354.051025 54665.832031 1.043582
618100 299.809357 -118.366257 -20840.466797 3354.051025 54665.832031 1.043582
618200 299.809357 -118.368042 -20840.466797 3354.051025 54665.832031 1.043582
618300 299.809357 -118.368866 -20840.466797 3354.051025 54665.832031 1.043582
618400 299.809357 -118.369446 -20840.466797 3354.051025 54665.832031 1.043582
618500 299.809387 -118.369995 -20840.466797 3354.051270 54665.832031 1.043582
618600 299.809357 -118.370148 -20840.466797 3354.051025 54665.832031 1.043582
618700 299.809357 -118.370239 -20840.466797 3354.051025 54665.832031 1.043582
618800 299.809357 -118.370224 -20840.466797 3354.051025 54665.832031 1.043582
618900 299.809357 -118.369644 -20840.466797 3354.051025 54665.832031 1.043582
619000 299.809357 -118.369186 -20840.466797 3354.051025 54665.832031 1.043582
619100 299.809357 -118.368973 -20840.464844 3354.051025 54665.832031 1.043582
619200 299.809357 -118.368759 -20840.464844 3354.051025 54665.832031 1.043582
619300 299.809357 -118.367157 -20840.462891 3354.051025 54665.832031 1.043582
619400 299.809357 -118.366531 -20840.462891 3354.051025 54665.832031 1.043582
619500 299.809357 -118.366211 -20840.460938 3354.051025 54665.832031 1.043582
619600 299.809357 -118.365738 -20840.460938 3354.051025 54665.832031 1.043582
619700 299.809326 -118.365555 -20840.460938 3354.050537 54665.832031 1.043582
619800 299.809326 -118.365417 -20840.460938 3354.050537 54665.835938 1.043582
619900 299.809326 -118.365387 -20840.460938 3354.050537 54665.835938 1.043582
620000 299.809326 -118.365662 -20840.460938 3354.050537 54665.835938 1.043582
620100 299.809326 -118.365509 -20840.458984 3354.050537 54665.835938 1.043582
620200 299.809326 -118.365555 -20840.458984 3354.050537 54665.835938 1.043582
620300 299.809326 -118.365845 -20840.458984 3354.050537 54665.835938 1.043582
620400 299.809326 -118.365967 -20840.460938 3354.050537 54665.835938 1.043582
620500 299.809326 -118.365524 -20840.460938 3354.050537 54665.835938 1.043582
620600 299.809326 -118.364914 -20840.460938 3354.050537 54665.835938 1.043582
620700 299.809326 -118.364594 -20840.460938 3354.050537 54665.835938 1.043582
620800 299.809326 -118.364655 -20840.460938 3354.050537 54665.835938 1.043582
620900 299.809326 -118.364288 -20840.460938 3354.050537 54665.835938 1.043582
621000 299.809326 -118.363861 -20840.460938 3354.050537 54665.835938 1.043582
621100 299.809326 -118.363632 -20840.460938 3354.050537 54665.835938 1.043582
621200 299.809326 -118.363495 -20840.460938 3354.050537 54665.835938 1.043582
621300 299.809326 -118.363495 -20840.460938 3354.050537 54665.835938 1.043582
621400 299.809326 -118.363510 -20840.460938 3354.050537 54665.835938 1.043582
621500 299.809326 -118.363464 -20840.460938 3354.050537 54665.835938 1.043582
621600 299.809326 -118.363678 -20840.460938 3354.050537 54665.835938 1.043582
621700 299.809326 -118.363907 -20840.460938 3354.050537 54665.835938 1.043582
621800 299.809326 -118.364319 -20840.460938 3354.050537 54665.835938 1.043582
621900 299.809326 -118.364792 -20840.460938 3354.050537 54665.835938 1.043582
622000 299.809326 -118.365143 -20840.460938 3354.050537 54665.835938 1.043582
622100 299.809326 -118.365097 -20840.460938 3354.050537 54665.835938 1.043582
622200 299.809326 -118.365204 -20840.460938 3354.050537 54665.835938 1.043582
622300 299.809326 -118.365326 -20840.460938 3354.050537 54665.835938 1.043582
622400 299.809326 -118.364792 -20840.460938 3354.050537 54665.832031 1.043582
622500 299.809326 -118.364624 -20840.460938 3354.050537 54665.832031 1.043582
622600 299.809326 -118.365036 -20840.460938 3354.050537 54665.832031 1.043582
622700 299.809326 -118.365158 -20840.460938 3354.050537 54665.832031 1.043582
622800 299.809326 -118.365097 -20840.460938 3354.050537 54665.832031 1.043582
622900 299.809326 -118.365005 -20840.460938 3354.050537 54665.835938 1.043582
623000 299.809326 -118.364960 -20840.460938 3354.050537 54665.835938 1.043582
623100 299.809326 -118.364929 -20840.460938 3354.050537 54665.835938 1.043582
623200 299.809326 -118.364594 -20840.460938 3354.050537 54665.835938 1.043582
623300 299.809326 -118.364456 -20840.460938 3354.050537 54665.835938 1.043582
623400 299.809326 -118.364288 -20840.460938 3354.050537 54665.832031 1.043582
623500 299.809326 -118.364227 -20840.460938 3354.050537 54665.832031 1.043582
623600 299.809326 -118.364044 -20840.460938 3354.050537 54665.832031 1.043582
623700 299.809326 -118.363998 -20840.460938 3354.050537 54665.832031 1.043582
623800 299.809326 -118.364197 -20840.460938 3354.050537 54665.832031 1.043582
623900 299.809326 -118.364395 -20840.460938 3354.050537 54665.832031 1.043582
624000 299.809326 -118.364655 -20840.460938 3354.050537 54665.835938 1.043582
624100 299.809326 -118.364731 -20840.460938 3354.050537 54665.835938 1.043582
624200 299.809326 -118.364700 -20840.460938 3354.050537 54665.835938 1.043582
624300 299.809326 -118.364670 -20840.460938 3354.050537 54665.835938 1.043582
624400 299.809326 -118.364456 -20840.458984 3354.050537 54665.835938 1.043582
624500 299.809326 -118.364471 -20840.458984 3354.050537 54665.835938 1.043582
624600 299.809326 -118.364410 -20840.458984 3354.050537 54665.835938 1.043582
624700 299.809326 -118.364380 -20840.460938 3354.050537 54665.835938 1.043582
624800 299.809326 -118.364563 -20840.460938 3354.050537 54665.835938 1.043582
624900 299.809326 -118.364761 -20840.462891 3354.050537 54665.835938 1.043582
625000 299.809326 -118.364990 -20840.462891 3354.050537 54665.835938 1.043582
625100 299.809326 -118.365112 -20840.462891 3354.050537 54665.835938 1.043582
625200 299.809326 -118.365829 -20840.464844 3354.050537 54665.835938 1.043582
625300 299.809326 -118.366165 -20840.464844 3354.050537 54665.835938 1.043582
625400 299.809326 -118.366150 -20840.464844 3354.050537 54665.835938 1.043582
625500 299.809326 -118.366135 -20840.466797 3354.050537 54665.832031 1.043582
625600 299.809326 -118.366104 -20840.466797 3354.050537 54665.832031 1.043582
625700 299.809326 -118.366104 -20840.466797 3354.050537 54665.832031 1.043582
625800 299.809326 -118.366562 -20840.466797 3354.050537 54665.835938 1.043582
625900 299.809326 -118.366791 -20840.466797 3354.050537 54665.835938 1.043582
626000 299.809326 -118.366928 -20840.466797 3354.050537 54665.835938 1.043582
626100 299.809326 -118.367020 -20840.468750 3354.050537 54665.835938 1.043582
626200 299.809326 -118.367111 -20840.468750 3354.050537 54665.835938 1.043582
626300 299.809326 -118.367157 -20840.468750 3354.050537 54665.835938 1.043582
626400 299.809326 -118.367172 -20840.468750 3354.050537 54665.835938 1.043582
626500 299.809326 -118.367249 -20840.468750 3354.050537 54665.835938 1.043582
626600 299.809326 -118.367294 -20840.468750 3354.050537 54665.835938 1.043582
626700 299.809326 -118.367355 -20840.468750 3354.050537 54665.835938 1.043582
626800 299.809326 -118.367691 -20840.468750 3354.050537 54665.835938 1.043582
626900 299.809326 -118.368118 -20840.468750 3354.050537 54665.835938 1.043582
627000 299.809326 -118.368347 -20840.468750 3354.050537 54665.835938 1.043582
627100 299.809326 -118.368378 -20840.468750 3354.050537 54665.835938 1.043582
627200 299.809326 -118.368713 -20840.468750 3354.050537 54665.835938 1.043582
627300 299.809326 -118.368896 -20840.466797 3354.050537 54665.832031 1.043582
627400 299.809326 -118.368942 -20840.466797 3354.050537 54665.832031 1.043582
627500 299.809326 -118.369644 -20840.468750 3354.050537 54665.835938 1.043582
627600 299.809326 -118.370117 -20840.468750 3354.050537 54665.835938 1.043582
627700 299.809296 -118.370392 -20840.470703 3354.050293 54665.835938 1.043582
627800 299.809296 -118.370529 -20840.470703 3354.050293 54665.835938 1.043582
627900 299.809296 -118.370728 -20840.470703 3354.050293 54665.835938 1.043582
628000 299.809296 -118.370819 -20840.470703 3354.050293 54665.835938 1.043582
628100 299.809296 -118.370926 -20840.470703 3354.050293 54665.835938 1.043582
628200 299.809296 -118.371033 -20840.470703 3354.050293 54665.835938 1.043582
628300 299.809326 -118.371109 -20840.470703 3354.050537 54665.835938 1.043582
628400 299.809326 -118.371063 -20840.470703 3354.050537 54665.835938 1.043582
628500 299.809326 -118.370087 -20840.470703 3354.050537 54665.835938 1.043582
628600 299.809296 -118.369431 -20840.470703 3354.050293 54665.835938 1.043582
628700 299.809296 -118.368912 -20840.470703 3354.050293 54665.832031 1.043582
628800 299.809296 -118.368607 -20840.470703 3354.050293 54665.832031 1.043582
628900 299.809296 -118.368484 -20840.470703 3354.050293 54665.832031 1.043582
629000 299.809326 -118.368988 -20840.470703 3354.050537 54665.832031 1.043582
629100 299.809326 -118.369232 -20840.470703 3354.050537 54665.832031 1.043582
629200 299.809326 -118.369400 -20840.468750 3354.050537 54665.832031 1.043582
629300 299.809326 -118.369446 -20840.468750 3354.050537 54665.832031 1.043582
629400 299.809326 -118.369461 -20840.468750 3354.050537 54665.832031 1.043582
629500 299.809326 -118.369461 -20840.468750 3354.050537 54665.832031 1.043582
629600 299.809326 -118.368912 -20840.468750 3354.050537 54665.832031 1.043582
629700 299.809326 -118.368591 -20840.466797 3354.050537 54665.832031 1.043582
629800 299.809326 -118.368408 -20840.466797 3354.050537 54665.832031 1.043582
629900 299.809326 -118.368164 -20840.466797 3354.050537 54665.832031 1.043582
630000 299.809326 -118.367981 -20840.466797 3354.050537 54665.832031 1.043582
630100 299.809326 -118.367874 -20840.466797 3354.050537 54665.832031 1.043582
630200 299.809326 -118.367661 -20840.466797 3354.050537 54665.832031 1.043582
630300 299.809326 -118.367523 -20840.466797 3354.050537 54665.832031 1.043582
630400 299.809326 -118.367432 -20840.466797 3354.050537 54665.835938 1.043582
630500 299.809326 -118.367401 -20840.466797 3354.050537 54665.835938 1.043582
630600 299.809326 -118.367386 -20840.466797 3354.050537 54665.835938 1.043582
630700 299.809326 -118.367386 -20840.466797 3354.050537 54665.835938 1.043582
630800 299.809326 -118.367432 -20840.466797 3354.050537 54665.835938 1.043582
630900 299.809326 -118.367462 -20840.466797 3354.050537 54665.835938 1.043582
631000 299.809326 -118.367279 -20840.466797 3354.050537 54665.835938 1.043582
631100 299.809326 -118.367188 -20840.464844 3354.050537 54665.835938 1.043582
631200 299.809326 -118.367157 -20840.464844 3354.050537 54665.835938 1.043582
631300 299.809326 -118.367203 -20840.464844 3354.050537 54665.835938 1.043582
631400 299.809326 -118.367203 -20840.464844 3354.050537 54665.835938 1.043582
631500 299.809326 -118.367249 -20840.464844 3354.050537 54665.835938 1.043582
631600 299.809296 -118.368332 -20840.466797 3354.050293 54665.835938 1.043582
631700 299.809296 -118.369095 -20840.466797 3354.050293 54665.835938 1.043582
631800 299.809296 -118.369629 -20840.466797 3354.050293 54665.835938 1.043582
631900 299.809296 -118.369965 -20840.468750 3354.050293 54665.835938 1.043582
632000 299.809296 -118.370239 -20840.468750 3354.050293 54665.835938 1.043582
632100 299.809296 -118.370331 -20840.468750 3354.050293 54665.835938 1.043582
632200 299.809296 -118.370361 -20840.468750 3354.050293 54665.835938 1.043582
632300 299.809296 -118.370392 -20840.470703 3354.050293 54665.835938 1.043582
632400 299.809296 -118.370575 -20840.470703 3354.050293 54665.835938 1.043582
632500 299.809296 -118.370712 -20840.470703 3354.050293 54665.835938 1.043582
632600 299.809296 -118.370773 -20840.470703 3354.050293 54665.835938 1.043582
632700 299.809296 -118.370819 -20840.470703 3354.050293 54665.835938 1.043582
632800 299.809296 -118.370880 -20840.470703 3354.050293 54665.835938 1.043582
632900 299.809296 -118.370972 -20840.470703 3354.050293 54665.835938 1.043582
633000 299.809296 -118.371002 -20840.470703 3354.050293 54665.835938 1.043582
633100 299.809296 -118.371033 -20840.470703 3354.050293 54665.835938 1.043582
633200 299.809296 -118.371063 -20840.470703 3354.050293 54665.835938 1.043582
633300 299.809296 -118.371063 -20840.470703 3354.050293 54665.835938 1.043582
633400 299.809296 -118.371078 -20840.470703 3354.050293 54665.835938 1.043582
633500 299.809296 -118.371063 -20840.470703 3354.050293 54665.835938 1.043582
633600 299.809296 -118.371048 -20840.470703 3354.050293 54665.835938 1.043582
633700 299.809296 -118.371048 -20840.470703 3354.050293 54665.835938 1.043582
633800 299.809296 -118.371048 -20840.470703 3354.050293 54665.835938 1.043582
633900 299.809296 -118.371048 -20840.470703 3354.050293 54665.835938 1.043582
634000 299.809296 -118.370926 -20840.470703 3354.050293 54665.835938 1.043582
634100 299.809296 -118.370865 -20840.470703 3354.050293 54665.835938 1.043582
634200 299.809296 -118.370819 -20840.470703 3354.050293 54665.835938 1.043582
634300 299.809296 -118.370712 -20840.470703 3354.050293 54665.835938 1.043582
634400 299.809296 -118.370682 -20840.472656 3354.050293 54665.835938 1.043582
634500 299.809296 -118.370682 -20840.472656 3354.050293 54665.835938 1.043582
634600 299.809296 -118.370728 -20840.472656 3354.050293 54665.835938 1.043582
634700 299.809296 -118.370728 -20840.472656 3354.050293 54665.835938 1.043582
634800 299.809296 -118.370682 -20840.472656 3354.050293 54665.835938 1.043582
634900 299.809296 -118.370560 -20840.472656 3354.050293 54665.835938 1.043582
635000 299.809296 -118.370499 -20840.470703 3354.050293 54665.835938 1.043582
635100 299.809296 -118.370483 -20840.470703 3354.050293 54665.835938 1.043582
635200 299.809296 -118.370468 -20840.470703 3354.050293 54665.835938 1.043582
635300 299.809296 -118.370453 -20840.470703 3354.050293 54665.835938 1.043582
635400 299.809296 -118.370468 -20840.470703 3354.050293 54665.835938 1.043582
635500 299.809296 -118.370453 -20840.470703 3354.050293 54665.835938 1.043582
635600 299.809296 -118.370468 -20840.470703 3354.050293 54665.835938 1.043582
635700 299.809296 -118.370483 -20840.470703 3354.050293 54665.835938 1.043582
635800 299.809296 -118.370468 -20840.470703 3354.050293 54665.835938 1.043582
635900 299.809296 -118.370468 -20840.470703 3354.050293 54665.835938 1.043582
636000 299.809296 -118.370560 -20840.470703 3354.050293 54665.835938 1.043582
636100 299.809296 -118.370453 -20840.470703 3354.050293 54665.835938 1.043582
636200 299.809296 -118.370331 -20840.470703 3354.050293 54665.835938 1.043582
636300 299.809296 -118.370453 -20840.472656 3354.050293 54665.835938 1.043582
636400 299.809296 -118.370499 -20840.472656 3354.050293 54665.835938 1.043582
636500 299.809296 -118.370499 -20840.472656 3354.050293 54665.835938 1.043582
636600 299.809296 -118.370499 -20840.472656 3354.050293 54665.835938 1.043582
636700 299.809296 -118.370499 -20840.472656 3354.050293 54665.835938 1.043582
636800 299.809296 -118.370483 -20840.472656 3354.050293 54665.835938 1.043582
636900 299.809296 -118.370270 -20840.472656 3354.050293 54665.835938 1.043582
637000 299.809296 -118.370087 -20840.472656 3354.050293 54665.835938 1.043582
637100 299.809296 -118.369949 -20840.472656 3354.050293 54665.835938 1.043582
637200 299.809296 -118.369888 -20840.472656 3354.050293 54665.835938 1.043582
637300 299.809296 -118.369980 -20840.472656 3354.050293 54665.835938 1.043582
637400 299.809296 -118.370041 -20840.472656 3354.050293 54665.835938 1.043582
637500 299.809296 -118.370041 -20840.472656 3354.050293 54665.835938 1.043582
637600 299.809296 -118.370560 -20840.472656 3354.050293 54665.835938 1.043582
637700 299.809296 -118.370850 -20840.472656 3354.050293 54665.835938 1.043582
637800 299.809296 -118.371002 -20840.472656 3354.050293 54665.835938 1.043582
637900 299.809296 -118.371094 -20840.472656 3354.050293 54665.835938 1.043582
638000 299.809296 -118.371109 -20840.472656 3354.050293 54665.835938 1.043582
638100 299.809296 -118.371140 -20840.472656 3354.050293 54665.835938 1.043582
638200 299.809296 -118.371140 -20840.472656 3354.050293 54665.835938 1.043582
638300 299.809296 -118.371155 -20840.472656 3354.050293 54665.835938 1.043582
638400 299.809296 -118.371155 -20840.472656 3354.050293 54665.835938 1.043582
638500 299.809296 -118.371140 -20840.472656 3354.050293 54665.835938 1.043582
638600 299.809296 -118.371140 -20840.472656 3354.050293 54665.835938 1.043582
638700 299.809296 -118.371140 -20840.472656 3354.050293 54665.835938 1.043582
638800 299.809296 -118.371140 -20840.472656 3354.050293 54665.835938 1.043582
638900 299.809296 -118.371140 -20840.472656 3354.050293 54665.835938 1.043582
639000 299.809296 -118.371140 -20840.472656 3354.050293 54665.835938 1.043582
639100 299.809296 -118.371140 -20840.472656 3354.050293 54665.835938 1.043582
639200 299.809296 -118.371140 -20840.472656 3354.050293 54665.835938 1.043582
639300 299.809296 -118.371124 -20840.472656 3354.050293 54665.835938 1.043582
639400 299.809296 -118.370789 -20840.472656 3354.050293 54665.835938 1.043582
639500 299.809296 -118.370636 -20840.472656 3354.050293 54665.835938 1.043582
639600 299.809296 -118.370560 -20840.472656 3354.050293 54665.835938 1.043582
639700 299.809296 -118.370544 -20840.472656 3354.050293 54665.835938 1.043582
639800 299.809296 -118.370529 -20840.472656 3354.050293 54665.835938 1.043582
639900 299.809296 -118.370514 -20840.472656 3354.050293 54665.835938 1.043582
640000 299.809296 -118.370514 -20840.472656 3354.050293 54665.835938 1.043582
640100 299.809296 -118.370514 -20840.472656 3354.050293 54665.835938 1.043582
640200 299.809296 -118.370514 -20840.472656 3354.050293 54665.835938 1.043582
640300 299.809296 -118.370514 -20840.472656 3354.050293 54665.835938 1.043582
640400 299.809296 -118.370499 -20840.472656 3354.050293 54665.835938 1.043582
640500 299.809296 -118.370453 -20840.472656 3354.050293 54665.835938 1.043582
640600 299.809296 -118.370453 -20840.472656 3354.050293 54665.835938 1.043582
640700 299.809296 -118.370422 -20840.472656 3354.050293 54665.835938 1.043582
640800 299.809296 -118.370407 -20840.474609 3354.050293 54665.835938 1.043582
640900 299.809296 -118.370407 -20840.472656 3354.050293 54665.835938 1.043582
641000 299.809296 -118.370392 -20840.474609 3354.050293 54665.835938 1.043582
641100 299.809296 -118.370407 -20840.474609 3354.050293 54665.835938 1.043582
641200 299.809296 -118.370377 -20840.474609 3354.050293 54665.835938 1.043582
641300 299.809296 -118.370377 -20840.474609 3354.050293 54665.835938 1.043582
641400 299.809296 -118.370377 -20840.474609 3354.050293 54665.835938 1.043582
641500 299.809296 -118.370377 -20840.474609 3354.050293 54665.835938 1.043582
641600 299.809296 -118.370377 -20840.474609 3354.050293 54665.835938 1.043582
641700 299.809296 -118.370316 -20840.474609 3354.050293 54665.835938 1.043582
641800 299.809296 -118.370300 -20840.472656 3354.050293 54665.835938 1.043582
641900 299.809296 -118.370270 -20840.474609 3354.050293 54665.835938 1.043582
642000 299.809296 -118.370270 -20840.474609 3354.050293 54665.835938 1.043582
642100 299.809296 -118.370270 -20840.474609 3354.050293 54665.835938 1.043582
642200 299.809296 -118.370270 -20840.474609 3354.050293 54665.835938 1.043582
642300 299.809296 -118.370270 -20840.474609 3354.050293 54665.835938 1.043582
642400 299.809296 -118.370270 -20840.474609 3354.050293 54665.835938 1.043582
642500 299.809296 -118.370270 -20840.474609 3354.050293 54665.835938 1.043582
642600 299.809296 -118.370270 -20840.474609 3354.050293 54665.835938 1.043582
642700 299.809296 -118.370285 -20840.474609 3354.050293 54665.835938 1.043582
642800 299.809296 -118.369934 -20840.474609 3354.050293 54665.835938 1.043582
642900 299.809296 -118.369751 -20840.474609 3354.050293 54665.835938 1.043582
643000 299.809296 -118.369644 -20840.474609 3354.050293 54665.832031 1.043582
643100 299.809296 -118.369614 -20840.474609 3354.050293 54665.832031 1.043582
643200 299.809296 -118.369568 -20840.474609 3354.050293 54665.832031 1.043582
643300 299.809296 -118.369568 -20840.474609 3354.050293 54665.832031 1.043582
643400 299.809296 -118.369553 -20840.474609 3354.050293 54665.832031 1.043582
643500 299.809296 -118.369583 -20840.474609 3354.050293 54665.832031 1.043582
643600 299.809296 -118.369568 -20840.474609 3354.050293 54665.832031 1.043582
643700 299.809296 -118.369568 -20840.474609 3354.050293 54665.832031 1.043582
643800 299.809296 -118.369553 -20840.474609 3354.050293 54665.832031 1.043582
643900 299.809296 -118.369568 -20840.474609 3354.050293 54665.832031 1.043582
644000 299.809296 -118.369553 -20840.474609 3354.050293 54665.832031 1.043582
644100 299.809296 -118.369553 -20840.474609 3354.050293 54665.832031 1.043582
644200 299.809296 -118.369537 -20840.474609 3354.050293 54665.832031 1.043582
644300 299.809296 -118.369537 -20840.474609 3354.050293 54665.832031 1.043582
644400 299.809296 -118.369583 -20840.474609 3354.050293 54665.832031 1.043582
644500 299.809296 -118.369598 -20840.474609 3354.050293 54665.832031 1.043582
644600 299.809296 -118.369614 -20840.474609 3354.050293 54665.832031 1.043582
644700 299.809296 -118.369644 -20840.474609 3354.050293 54665.832031 1.043582
644800 299.809296 -118.369659 -20840.474609 3354.050293 54665.832031 1.043582
644900 299.809296 -118.369675 -20840.474609 3354.050293 54665.832031 1.043582
645000 299.809296 -118.369675 -20840.474609 3354.050293 54665.832031 1.043582
645100 299.809296 -118.369675 -20840.474609 3354.050293 54665.832031 1.043582
645200 299.809296 -118.369675 -20840.474609 3354.050293 54665.832031 1.043582
645300 299.809296 -118.369675 -20840.474609 3354.050293 54665.832031 1.043582
645400 299.809296 -118.369675 -20840.474609 3354.050293 54665.832031 1.043582
645500 299.809296 -118.369675 -20840.474609 3354.050293 54665.832031 1.043582
645600 299.809296 -118.369675 -20840.474609 3354.050293 54665.832031 1.043582
645700 299.809296 -118.369675 -20840.474609 3354.050293 54665.832031 1.043582
645800 299.809296 -118.369690 -20840.474609 3354.050293 54665.832031 1.043582
645900 299.809296 -118.369690 -20840.474609 3354.050293 54665.832031 1.043582
646000 299.809296 -118.369690 -20840.474609 3354.050293 54665.832031 1.043582
646100 299.809296 -118.369690 -20840.474609 3354.050293 54665.832031 1.043582
646200 299.809296 -118.369690 -20840.474609 3354.050293 54665.832031 1.043582
646300 299.809296 -118.369751 -20840.474609 3354.050293 54665.832031 1.043582
646400 299.809296 -118.369781 -20840.474609 3354.050293 54665.832031 1.043582
646500 299.809296 -118.369797 -20840.474609 3354.050293 54665.832031 1.043582
646600 299.809296 -118.369812 -20840.474609 3354.050293 54665.832031 1.043582
646700 299.809296 -118.369797 -20840.474609 3354.050293 54665.832031 1.043582
646800 299.809296 -118.369812 -20840.474609 3354.050293 54665.832031 1.043582
646900 299.809296 -118.369797 -20840.474609 3354.050293 54665.832031 1.043582
647000 299.809296 -118.369797 -20840.474609 3354.050293 54665.832031 1.043582
647100 299.809296 -118.369781 -20840.474609 3354.050293 54665.832031 1.043582
647200 299.809296 -118.369797 -20840.474609 3354.050293 54665.832031 1.043582
647300 299.809296 -118.369797 -20840.474609 3354.050293 54665.832031 1.043582
647400 299.809296 -118.369797 -20840.474609 3354.050293 54665.832031 1.043582
647500 299.809296 -118.369812 -20840.474609 3354.050293 54665.832031 1.043582
647600 299.809296 -118.369812 -20840.474609 3354.050293 54665.832031 1.043582
647700 299.809296 -118.369812 -20840.474609 3354.050293 54665.832031 1.043582
647800 299.809296 -118.369812 -20840.474609 3354.050293 54665.832031 1.043582
647900 299.809296 -118.369812 -20840.474609 3354.050293 54665.832031 1.043582
648000 299.809296 -118.369812 -20840.474609 3354.050293 54665.832031 1.043582
648100 299.809296 -118.369812 -20840.474609 3354.050293 54665.832031 1.043582
648200 299.809296 -118.369812 -20840.474609 3354.050293 54665.832031 1.043582
648300 299.809296 -118.369797 -20840.474609 3354.050293 54665.832031 1.043582
648400 299.809296 -118.369812 -20840.474609 3354.050293 54665.832031 1.043582
648500 299.809296 -118.370148 -20840.474609 3354.050293 54665.832031 1.043582
648600 299.809296 -118.369995 -20840.474609 3354.050293 54665.832031 1.043582
648700 299.809296 -118.369904 -20840.474609 3354.050293 54665.832031 1.043582
648800 299.809296 -118.369858 -20840.474609 3354.050293 54665.832031 1.043582
648900 299.809296 -118.369812 -20840.474609 3354.050293 54665.832031 1.043582
649000 299.809296 -118.369812 -20840.474609 3354.050293 54665.832031 1.043582
649100 299.809296 -118.369812 -20840.474609 3354.050293 54665.832031 1.043582
649200 299.809296 -118.369812 -20840.474609 3354.050293 54665.832031 1.043582
649300 299.809296 -118.369812 -20840.474609 3354.050293 54665.832031 1.043582
649400 299.809296 -118.369781 -20840.474609 3354.050293 54665.832031 1.043582
649500 299.809296 -118.369781 -20840.474609 3354.050293 54665.832031 1.043582
649600 299.809296 -118.369781 -20840.474609 3354.050293 54665.832031 1.043582
649700 299.809296 -118.369781 -20840.474609 3354.050293 54665.832031 1.043582
649800 299.809296 -118.369766 -20840.474609 3354.050293 54665.832031 1.043582
649900 299.809296 -118.369766 -20840.474609 3354.050293 54665.832031 1.043582
650000 299.809296 -118.369766 -20840.474609 3354.050293 54665.832031 1.043582
650100 299.809296 -118.369766 -20840.474609 3354.050293 54665.832031 1.043582
650200 299.809296 -118.369781 -20840.474609 3354.050293 54665.832031 1.043582
650300 299.809296 -118.369781 -20840.474609 3354.050293 54665.832031 1.043582
650400 299.809296 -118.369781 -20840.474609 3354.050293 54665.832031 1.043582
650500 299.809296 -118.369781 -20840.474609 3354.050293 54665.832031 1.043582
650600 299.809296 -118.369781 -20840.474609 3354.050293 54665.832031 1.043582
650700 299.809296 -118.369781 -20840.474609 3354.050293 54665.832031 1.043582
650800 299.809296 -118.369781 -20840.474609 3354.050293 54665.832031 1.043582
650900 299.809296 -118.369781 -20840.474609 3354.050293 54665.832031 1.043582
651000 299.809296 -118.369781 -20840.474609 3354.050293 54665.832031 1.043582
651100 299.809296 -118.370361 -20840.476562 3354.050293 54665.832031 1.043582
651200 299.809296 -118.370636 -20840.476562 3354.050293 54665.832031 1.043582
651300 299.809296 -118.370819 -20840.476562 3354.050293 54665.832031 1.043582
651400 299.809296 -118.370926 -20840.476562 3354.050293 54665.832031 1.043582
651500 299.809296 -118.371033 -20840.476562 3354.050293 54665.832031 1.043582
651600 299.809296 -118.371078 -20840.476562 3354.050293 54665.832031 1.043582
651700 299.809296 -118.371109 -20840.476562 3354.050293 54665.832031 1.043582
651800 299.809296 -118.371155 -20840.476562 3354.050293 54665.832031 1.043582
651900 299.809296 -118.371170 -20840.476562 3354.050293 54665.832031 1.043582
652000 299.809296 -118.371185 -20840.476562 3354.050293 54665.832031 1.043582
652100 299.809296 -118.371185 -20840.476562 3354.050293 54665.832031 1.043582
652200 299.809296 -118.371201 -20840.476562 3354.050293 54665.832031 1.043582
652300 299.809296 -118.371201 -20840.476562 3354.050293 54665.832031 1.043582
652400 299.809296 -118.371201 -20840.476562 3354.050293 54665.832031 1.043582
652500 299.809296 -118.371201 -20840.476562 3354.050293 54665.832031 1.043582
652600 299.809296 -118.371201 -20840.476562 3354.050293 54665.832031 1.043582
652700 299.809296 -118.371201 -20840.476562 3354.050293 54665.832031 1.043582
652800 299.809296 -118.371201 -20840.476562 3354.050293 54665.832031 1.043582
652900 299.809296 -118.371201 -20840.476562 3354.050293 54665.832031 1.043582
653000 299.809296 -118.371201 -20840.476562 3354.050293 54665.832031 1.043582
653100 299.809296 -118.371216 -20840.476562 3354.050293 54665.832031 1.043582
653200 299.809296 -118.371216 -20840.476562 3354.050293 54665.832031 1.043582
653300 299.809296 -118.371201 -20840.476562 3354.050293 54665.832031 1.043582
653400 299.809296 -118.371201 -20840.476562 3354.050293 54665.832031 1.043582
653500 299.809296 -118.371216 -20840.476562 3354.050293 54665.832031 1.043582
653600 299.809296 -118.371155 -20840.476562 3354.050293 54665.832031 1.043582
653700 299.809296 -118.371140 -20840.476562 3354.050293 54665.832031 1.043582
653800 299.809296 -118.370773 -20840.476562 3354.050293 54665.832031 1.043582
653900 299.809296 -118.370651 -20840.476562 3354.050293 54665.832031 1.043582
654000 299.809296 -118.370636 -20840.476562 3354.050293 54665.832031 1.043582
654100 299.809296 -118.370605 -20840.476562 3354.050293 54665.832031 1.043582
654200 299.809296 -118.370590 -20840.476562 3354.050293 54665.832031 1.043582
654300 299.809296 -118.370590 -20840.476562 3354.050293 54665.832031 1.043582
654400 299.809296 -118.370590 -20840.476562 3354.050293 54665.832031 1.043582
654500 299.809296 -118.370590 -20840.476562 3354.050293 54665.832031 1.043582
654600 299.809296 -118.370590 -20840.476562 3354.050293 54665.832031 1.043582
654700 299.809296 -118.370895 -20840.476562 3354.050293 54665.832031 1.043582
654800 299.809296 -118.371094 -20840.476562 3354.050293 54665.832031 1.043582
654900 299.809296 -118.371170 -20840.476562 3354.050293 54665.832031 1.043582
655000 299.809296 -118.370880 -20840.476562 3354.050293 54665.832031 1.043582
655100 299.809296 -118.370651 -20840.476562 3354.050293 54665.832031 1.043582
655200 299.809296 -118.370529 -20840.476562 3354.050293 54665.832031 1.043582
655300 299.809296 -118.370422 -20840.476562 3354.050293 54665.832031 1.043582
655400 299.809296 -118.370361 -20840.476562 3354.050293 54665.832031 1.043582
655500 299.809296 -118.370316 -20840.476562 3354.050293 54665.832031 1.043582
655600 299.809296 -118.370285 -20840.476562 3354.050293 54665.832031 1.043582
655700 299.809296 -118.370270 -20840.476562 3354.050293 54665.832031 1.043582
655800 299.809296 -118.370239 -20840.476562 3354.050293 54665.832031 1.043582
655900 299.809296 -118.370239 -20840.476562 3354.050293 54665.832031 1.043582
656000 299.809296 -118.370224 -20840.476562 3354.050293 54665.832031 1.043582
656100 299.809296 -118.370224 -20840.476562 3354.050293 54665.832031 1.043582
656200 299.809296 -118.370224 -20840.476562 3354.050293 54665.832031 1.043582
656300 299.809296 -118.370224 -20840.476562 3354.050293 54665.832031 1.043582
656400 299.809296 -118.370224 -20840.476562 3354.050293 54665.832031 1.043582
656500 299.809296 -118.370224 -20840.476562 3354.050293 54665.832031 1.043582
656600 299.809296 -118.370224 -20840.476562 3354.050293 54665.832031 1.043582
656700 299.809296 -118.370209 -20840.476562 3354.050293 54665.832031 1.043582
656800 299.809296 -118.370193 -20840.476562 3354.050293 54665.832031 1.043582
656900 299.809296 -118.370209 -20840.476562 3354.050293 54665.832031 1.043582
657000 299.809296 -118.370209 -20840.476562 3354.050293 54665.832031 1.043582
657100 299.809296 -118.370209 -20840.476562 3354.050293 54665.832031 1.043582
657200 299.809296 -118.370209 -20840.476562 3354.050293 54665.832031 1.043582
657300 299.809296 -118.370209 -20840.476562 3354.050293 54665.832031 1.043582
657400 299.809296 -118.370209 -20840.476562 3354.050293 54665.832031 1.043582
657500 299.809296 -118.370209 -20840.476562 3354.050293 54665.832031 1.043582
657600 299.809296 -118.370209 -20840.476562 3354.050293 54665.832031 1.043582
657700 299.809296 -118.370209 -20840.476562 3354.050293 54665.832031 1.043582
657800 299.809296 -118.370209 -20840.476562 3354.050293 54665.832031 1.043582
657900 299.809296 -118.370209 -20840.476562 3354.050293 54665.832031 1.043582
658000 299.809296 -118.370209 -20840.476562 3354.050293 54665.832031 1.043582
658100 299.809296 -118.370209 -20840.476562 3354.050293 54665.832031 1.043582
658200 299.809296 -118.370209 -20840.476562 3354.050293 54665.832031 1.043582
658300 299.809296 -118.370209 -20840.476562 3354.050293 54665.832031 1.043582
658400 299.809296 -118.370209 -20840.476562 3354.050293 54665.832031 1.043582
658500 299.809296 -118.370209 -20840.476562 3354.050293 54665.832031 1.043582
658600 299.809296 -118.370209 -20840.476562 3354.050293 54665.832031 1.043582
658700 299.809296 -118.370209 -20840.476562 3354.050293 54665.832031 1.043582
658800 299.809296 -118.370209 -20840.476562 3354.050293 54665.832031 1.043582
658900 299.809296 -118.370209 -20840.476562 3354.050293 54665.832031 1.043582
659000 299.809296 -118.370209 -20840.476562 3354.050293 54665.832031 1.043582
659100 299.809296 -118.370209 -20840.476562 3354.050293 54665.832031 1.043582
659200 299.809296 -118.370209 -20840.476562 3354.050293 54665.832031 1.043582
659300 299.809296 -118.370209 -20840.476562 3354.050293 54665.832031 1.043582
659400 299.809296 -118.370209 -20840.476562 3354.050293 54665.832031 1.043582
659500 299.809296 -118.370209 -20840.476562 3354.050293 54665.832031 1.043582
659600 299.809296 -118.370209 -20840.476562 3354.050293 54665.832031 1.043582
659700 299.809296 -118.370209 -20840.476562 3354.050293 54665.832031 1.043582
659800 299.809296 -118.370209 -20840.476562 3354.050293 54665.832031 1.043582
659900 299.809296 -118.370544 -20840.476562 3354.050293 54665.832031 1.043582
660000 299.809296 -118.370728 -20840.476562 3354.050293 54665.832031 1.043582
660100 299.809296 -118.370834 -20840.476562 3354.050293 54665.832031 1.043582
660200 299.809296 -118.370911 -20840.476562 3354.050293 54665.832031 1.043582
660300 299.809296 -118.370956 -20840.476562 3354.050293 54665.832031 1.043582
660400 299.809296 -118.370987 -20840.476562 3354.050293 54665.832031 1.043582
660500 299.809296 -118.371002 -20840.476562 3354.050293 54665.832031 1.043582
660600 299.809296 -118.371002 -20840.476562 3354.050293 54665.832031 1.043582
660700 299.809296 -118.371017 -20840.476562 3354.050293 54665.832031 1.043582
660800 299.809296 -118.371048 -20840.476562 3354.050293 54665.832031 1.043582
660900 299.809296 -118.371048 -20840.476562 3354.050293 54665.832031 1.043582
661000 299.809296 -118.371048 -20840.476562 3354.050293 54665.832031 1.043582
661100 299.809296 -118.371048 -20840.476562 3354.050293 54665.832031 1.043582
661200 299.809296 -118.371048 -20840.476562 3354.050293 54665.832031 1.043582
661300 299.809296 -118.371048 -20840.476562 3354.050293 54665.832031 1.043582
661400 299.809296 -118.371048 -20840.476562 3354.050293 54665.832031 1.043582
661500 299.809296 -118.371048 -20840.476562 3354.050293 54665.832031 1.043582
661600 299.809296 -118.371048 -20840.476562 3354.050293 54665.832031 1.043582
661700 299.809296 -118.371048 -20840.476562 3354.050293 54665.832031 1.043582
661800 299.809296 -118.371048 -20840.476562 3354.050293 54665.832031 1.043582
661900 299.809296 -118.371048 -20840.476562 3354.050293 54665.832031 1.043582
662000 299.809296 -118.371048 -20840.476562 3354.050293 54665.832031 1.043582
662100 299.809296 -118.371048 -20840.476562 3354.050293 54665.832031 1.043582
662200 299.809296 -118.371048 -20840.476562 3354.050293 54665.832031 1.043582
662300 299.809296 -118.371048 -20840.476562 3354.050293 54665.832031 1.043582
662400 299.809296 -118.371048 -20840.476562 3354.050293 54665.832031 1.043582
662500 299.809296 -118.371048 -20840.476562 3354.050293 54665.832031 1.043582
662600 299.809296 -118.371048 -20840.476562 3354.050293 54665.832031 1.043582
662700 299.809296 -118.371048 -20840.476562 3354.050293 54665.832031 1.043582
662800 299.809296 -118.371048 -20840.476562 3354.050293 54665.832031 1.043582
662900 299.809296 -118.371048 -20840.476562 3354.050293 54665.832031 1.043582
663000 299.809296 -118.371048 -20840.476562 3354.050293 54665.832031 1.043582
663100 299.809296 -118.371048 -20840.476562 3354.050293 54665.832031 1.043582
663200 299.809296 -118.371048 -20840.476562 3354.050293 54665.832031 1.043582
663300 299.809296 -118.371048 -20840.476562 3354.050293 54665.832031 1.043582
663400 299.809296 -118.371048 -20840.476562 3354.050293 54665.832031 1.043582
663500 299.809296 -118.371048 -20840.476562 3354.050293 54665.832031 1.043582
663600 299.809296 -118.371048 -20840.476562 3354.050293 54665.832031 1.043582
663700 299.809296 -118.371048 -20840.476562 3354.050293 54665.832031 1.043582
663800 299.809296 -118.371048 -20840.476562 3354.050293 54665.832031 1.043582
663900 299.809296 -118.371048 -20840.476562 3354.050293 54665.832031 1.043582
664000 299.809296 -118.371048 -20840.476562 3354.050293 54665.832031 1.043582
664100 299.809296 -118.371048 -20840.476562 3354.050293 54665.832031 1.043582
664200 299.809296 -118.371048 -20840.476562 3354.050293 54665.832031 1.043582
664300 299.809296 -118.371048 -20840.476562 3354.050293 54665.832031 1.043582
664400 299.809296 -118.371048 -20840.476562 3354.050293 54665.832031 1.043582
664500 299.809296 -118.371048 -20840.476562 3354.050293 54665.832031 1.043582
664600 299.809296 -118.371048 -20840.476562 3354.050293 54665.832031 1.043582
664700 299.809296 -118.370682 -20840.476562 3354.050293 54665.832031 1.043582
664800 299.809296 -118.370483 -20840.476562 3354.050293 54665.832031 1.043582
664900 299.809296 -118.370377 -20840.476562 3354.050293 54665.832031 1.043582
665000 299.809296 -118.370316 -20840.476562 3354.050293 54665.832031 1.043582
665100 299.809296 -118.370270 -20840.476562 3354.050293 54665.832031 1.043582
665200 299.809296 -118.370209 -20840.476562 3354.050293 54665.832031 1.043582
665300 299.809296 -118.370499 -20840.476562 3354.050293 54665.832031 1.043582
665400 299.809296 -118.370560 -20840.476562 3354.050293 54665.835938 1.043582
665500 299.809296 -118.370575 -20840.476562 3354.050293 54665.835938 1.043582
665600 299.809296 -118.370590 -20840.476562 3354.050293 54665.835938 1.043582
665700 299.809296 -118.370560 -20840.476562 3354.050293 54665.835938 1.043582
665800 299.809296 -118.370529 -20840.476562 3354.050293 54665.835938 1.043582
665900 299.809296 -118.370514 -20840.476562 3354.050293 54665.835938 1.043582
666000 299.809296 -118.370514 -20840.476562 3354.050293 54665.835938 1.043582
666100 299.809296 -118.370499 -20840.476562 3354.050293 54665.835938 1.043582
666200 299.809296 -118.370499 -20840.476562 3354.050293 54665.835938 1.043582
666300 299.809296 -118.370468 -20840.476562 3354.050293 54665.835938 1.043582
666400 299.809296 -118.370468 -20840.476562 3354.050293 54665.835938 1.043582
666500 299.809296 -118.370453 -20840.476562 3354.050293 54665.835938 1.043582
666600 299.809296 -118.370453 -20840.476562 3354.050293 54665.835938 1.043582
666700 299.809296 -118.370453 -20840.476562 3354.050293 54665.835938 1.043582
666800 299.809296 -118.370453 -20840.476562 3354.050293 54665.835938 1.043582
666900 299.809296 -118.370453 -20840.476562 3354.050293 54665.835938 1.043582
667000 299.809296 -118.370453 -20840.476562 3354.050293 54665.835938 1.043582
667100 299.809296 -118.370453 -20840.476562 3354.050293 54665.835938 1.043582
667200 299.809296 -118.370453 -20840.476562 3354.050293 54665.835938 1.043582
667300 299.809296 -118.370453 -20840.476562 3354.050293 54665.835938 1.043582
667400 299.809296 -118.370453 -20840.476562 3354.050293 54665.835938 1.043582
667500 299.809296 -118.370453 -20840.476562 3354.050293 54665.835938 1.043582
667600 299.809296 -118.370453 -20840.476562 3354.050293 54665.835938 1.043582
667700 299.809296 -118.370453 -20840.476562 3354.050293 54665.835938 1.043582
667800 299.809296 -118.370453 -20840.476562 3354.050293 54665.835938 1.043582
667900 299.809296 -118.370453 -20840.476562 3354.050293 54665.835938 1.043582
668000 299.809296 -118.370453 -20840.476562 3354.050293 54665.835938 1.043582
668100 299.809296 -118.370453 -20840.476562 3354.050293 54665.835938 1.043582
668200 299.809296 -118.370453 -20840.476562 3354.050293 54665.835938 1.043582
668300 299.809296 -118.370453 -20840.476562 3354.050293 54665.835938 1.043582
668400 299.809296 -118.370453 -20840.476562 3354.050293 54665.835938 1.043582
668500 299.809296 -118.370453 -20840.476562 3354.050293 54665.835938 1.043582
668600 299.809296 -118.370453 -20840.476562 3354.050293 54665.835938 1.043582
668700 299.809296 -118.370453 -20840.476562 3354.050293 54665.835938 1.043582
668800 299.809296 -118.370636 -20840.474609 3354.050293 54665.835938 1.043582
668900 299.809296 -118.370728 -20840.474609 3354.050293 54665.835938 1.043582
669000 299.809296 -118.370758 -20840.472656 3354.050293 54665.835938 1.043582
669100 299.809296 -118.370773 -20840.472656 3354.050293 54665.835938 1.043582
669200 299.809296 -118.370728 -20840.472656 3354.050293 54665.835938 1.043582
669300 299.809296 -118.370712 -20840.474609 3354.050293 54665.835938 1.043582
669400 299.809296 -118.370682 -20840.474609 3354.050293 54665.835938 1.043582
669500 299.809296 -118.370697 -20840.474609 3354.050293 54665.835938 1.043582
669600 299.809296 -118.370682 -20840.474609 3354.050293 54665.835938 1.043582
669700 299.809296 -118.370682 -20840.474609 3354.050293 54665.835938 1.043582
669800 299.809296 -118.370682 -20840.474609 3354.050293 54665.835938 1.043582
669900 299.809296 -118.370682 -20840.474609 3354.050293 54665.835938 1.043582
670000 299.809296 -118.370682 -20840.474609 3354.050293 54665.835938 1.043582
670100 299.809296 -118.370682 -20840.474609 3354.050293 54665.835938 1.043582
670200 299.809296 -118.370682 -20840.474609 3354.050293 54665.835938 1.043582
670300 299.809296 -118.370697 -20840.474609 3354.050293 54665.835938 1.043582
670400 299.809296 -118.370697 -20840.474609 3354.050293 54665.835938 1.043582
670500 299.809296 -118.370682 -20840.474609 3354.050293 54665.835938 1.043582
670600 299.809296 -118.370682 -20840.474609 3354.050293 54665.835938 1.043582
670700 299.809296 -118.370697 -20840.474609 3354.050293 54665.835938 1.043582
670800 299.809296 -118.370697 -20840.474609 3354.050293 54665.835938 1.043582
670900 299.809296 -118.370697 -20840.474609 3354.050293 54665.835938 1.043582
671000 299.809296 -118.370697 -20840.474609 3354.050293 54665.835938 1.043582
671100 299.809296 -118.370697 -20840.474609 3354.050293 54665.835938 1.043582
671200 299.809296 -118.370697 -20840.474609 3354.050293 54665.835938 1.043582
671300 299.809296 -118.370697 -20840.474609 3354.050293 54665.835938 1.043582
671400 299.809296 -118.370697 -20840.474609 3354.050293 54665.835938 1.043582
671500 299.809296 -118.370697 -20840.474609 3354.050293 54665.835938 1.043582
671600 299.809296 -118.370697 -20840.474609 3354.050293 54665.835938 1.043582
671700 299.809296 -118.370697 -20840.474609 3354.050293 54665.835938 1.043582
671800 299.809296 -118.370697 -20840.474609 3354.050293 54665.835938 1.043582
671900 299.809296 -118.370697 -20840.474609 3354.050293 54665.835938 1.043582
672000 299.809296 -118.370697 -20840.474609 3354.050293 54665.835938 1.043582
672100 299.809296 -118.370697 -20840.474609 3354.050293 54665.835938 1.043582
672200 299.809296 -118.370697 -20840.474609 3354.050293 54665.835938 1.043582
672300 299.809296 -118.370697 -20840.474609 3354.050293 54665.835938 1.043582
672400 299.809296 -118.370697 -20840.474609 3354.050293 54665.835938 1.043582
672500 299.809296 -118.370697 -20840.474609 3354.050293 54665.835938 1.043582
672600 299.809296 -118.370697 -20840.474609 3354.050293 54665.835938 1.043582
672700 299.809296 -118.370697 -20840.474609 3354.050293 54665.835938 1.043582
672800 299.809296 -118.370697 -20840.474609 3354.050293 54665.835938 1.043582
672900 299.809296 -118.370697 -20840.474609 3354.050293 54665.835938 1.043582
673000 299.809296 -118.370697 -20840.474609 3354.050293 54665.835938 1.043582
673100 299.809296 -118.370697 -20840.474609 3354.050293 54665.835938 1.043582
673200 299.809296 -118.370697 -20840.474609 3354.050293 54665.835938 1.043582
673300 299.809296 -118.370697 -20840.474609 3354.050293 54665.835938 1.043582
673400 299.809296 -118.370697 -20840.474609 3354.050293 54665.835938 1.043582
673500 299.809296 -118.370697 -20840.474609 3354.050293 54665.835938 1.043582
673600 299.809296 -118.370697 -20840.474609 3354.050293 54665.835938 1.043582
673700 299.809296 -118.370697 -20840.474609 3354.050293 54665.835938 1.043582
673800 299.809296 -118.370697 -20840.474609 3354.050293 54665.835938 1.043582
673900 299.809296 -118.370697 -20840.474609 3354.050293 54665.835938 1.043582
674000 299.809296 -118.370697 -20840.474609 3354.050293 54665.835938 1.043582
674100 299.809296 -118.370697 -20840.474609 3354.050293 54665.835938 1.043582
674200 299.809296 -118.370697 -20840.474609 3354.050293 54665.835938 1.043582
674300 299.809296 -118.370697 -20840.474609 3354.050293 54665.835938 1.043582
674400 299.809296 -118.370697 -20840.474609 3354.050293 54665.835938 1.043582
674500 299.809296 -118.370697 -20840.474609 3354.050293 54665.835938 1.043582
674600 299.809296 -118.370697 -20840.474609 3354.050293 54665.835938 1.043582
674700 299.809296 -118.370697 -20840.474609 3354.050293 54665.835938 1.043582
674800 299.809296 -118.370697 -20840.474609 3354.050293 54665.835938 1.043582
674900 299.809296 -118.370697 -20840.474609 3354.050293 54665.835938 1.043582
675000 299.809296 -118.370697 -20840.474609 3354.050293 54665.835938 1.043582
675100 299.809296 -118.370697 -20840.474609 3354.050293 54665.835938 1.043582
675200 299.809296 -118.370697 -20840.474609 3354.050293 54665.835938 1.043582
675300 299.809296 -118.370697 -20840.474609 3354.050293 54665.835938 1.043582
675400 299.809296 -118.370697 -20840.474609 3354.050293 54665.835938 1.043582
675500 299.809296 -118.370697 -20840.474609 3354.050293 54665.835938 1.043582
675600 299.809296 -118.370697 -20840.474609 3354.050293 54665.835938 1.043582
675700 299.809296 -118.370697 -20840.474609 3354.050293 54665.835938 1.043582
675800 299.809296 -118.370697 -20840.474609 3354.050293 54665.835938 1.043582
675900 299.809296 -118.370697 -20840.474609 3354.050293 54665.835938 1.043582
676000 299.809296 -118.370697 -20840.474609 3354.050293 54665.835938 1.043582
676100 299.809296 -118.370697 -20840.474609 3354.050293 54665.835938 1.043582
676200 299.809296 -118.370697 -20840.474609 3354.050293 54665.835938 1.043582
676300 299.809296 -118.370697 -20840.474609 3354.050293 54665.835938 1.043582
676400 299.809296 -118.370697 -20840.474609 3354.050293 54665.835938 1.043582
676500 299.809296 -118.370697 -20840.474609 3354.050293 54665.835938 1.043582
676600 299.809296 -118.370697 -20840.474609 3354.050293 54665.835938 1.043582
676700 299.809296 -118.370697 -20840.474609 3354.050293 54665.835938 1.043582
676800 299.809296 -118.370697 -20840.474609 3354.050293 54665.835938 1.043582
676900 299.809296 -118.370697 -20840.474609 3354.050293 54665.835938 1.043582
677000 299.809296 -118.370697 -20840.474609 3354.050293 54665.835938 1.043582
677100 299.809296 -118.370697 -20840.474609 3354.050293 54665.835938 1.043582
677200 299.809296 -118.370697 -20840.474609 3354.050293 54665.835938 1.043582
677300 299.809296 -118.370697 -20840.474609 3354.050293 54665.835938 1.043582
677400 299.809296 -118.370697 -20840.474609 3354.050293 54665.835938 1.043582
677500 299.809296 -118.370697 -20840.474609 3354.050293 54665.835938 1.043582
677600 299.809296 -118.370697 -20840.474609 3354.050293 54665.835938 1.043582
677700 299.809296 -118.370697 -20840.474609 3354.050293 54665.835938 1.043582
677800 299.809296 -118.370697 -20840.474609 3354.050293 54665.835938 1.043582
677900 299.809296 -118.370697 -20840.474609 3354.050293 54665.835938 1.043582
678000 299.809296 -118.370697 -20840.474609 3354.050293 54665.835938 1.043582
678100 299.809296 -118.370697 -20840.474609 3354.050293 54665.835938 1.043582
678200 299.809296 -118.370697 -20840.474609 3354.050293 54665.835938 1.043582
678300 299.809296 -118.370697 -20840.474609 3354.050293 54665.835938 1.043582
678400 299.809296 -118.370697 -20840.474609 3354.050293 54665.835938 1.043582
678500 299.809296 -118.370697 -20840.474609 3354.050293 54665.835938 1.043582
678600 299.809296 -118.370697 -20840.474609 3354.050293 54665.835938 1.043582
678700 299.809296 -118.370697 -20840.474609 3354.050293 54665.835938 1.043582
678800 299.809296 -118.370697 -20840.474609 3354.050293 54665.835938 1.043582
678900 299.809296 -118.370697 -20840.474609 3354.050293 54665.835938 1.043582
679000 299.809296 -118.370697 -20840.474609 3354.050293 54665.835938 1.043582
679100 299.809296 -118.370697 -20840.474609 3354.050293 54665.835938 1.043582
679200 299.809296 -118.370697 -20840.474609 3354.050293 54665.835938 1.043582
679300 299.809296 -118.370697 -20840.474609 3354.050293 54665.835938 1.043582
679400 299.809296 -118.370697 -20840.474609 3354.050293 54665.835938 1.043582
679500 299.809296 -118.370697 -20840.474609 3354.050293 54665.835938 1.043582
679600 299.809296 -118.370697 -20840.474609 3354.050293 54665.835938 1.043582
679700 299.809296 -118.370697 -20840.474609 3354.050293 54665.835938 1.043582
679800 299.809296 -118.370697 -20840.474609 3354.050293 54665.835938 1.043582
679900 299.809296 -118.370697 -20840.474609 3354.050293 54665.835938 1.043582
680000 299.809296 -118.370697 -20840.474609 3354.050293 54665.835938 1.043582
680100 299.809296 -118.370697 -20840.474609 3354.050293 54665.835938 1.043582
680200 299.809296 -118.370697 -20840.474609 3354.050293 54665.835938 1.043582
680300 299.809296 -118.370697 -20840.474609 3354.050293 54665.835938 1.043582
680400 299.809296 -118.370697 -20840.474609 3354.050293 54665.835938 1.043582
680500 299.809296 -118.370697 -20840.474609 3354.050293 54665.835938 1.043582
680600 299.809296 -118.370697 -20840.474609 3354.050293 54665.835938 1.043582
680700 299.809296 -118.370697 -20840.474609 3354.050293 54665.835938 1.043582
680800 299.809296 -118.370697 -20840.474609 3354.050293 54665.835938 1.043582
680900 299.809296 -118.370697 -20840.474609 3354.050293 54665.835938 1.043582
681000 299.809296 -118.370697 -20840.474609 3354.050293 54665.835938 1.043582
681100 299.809296 -118.370697 -20840.474609 3354.050293 54665.835938 1.043582
681200 299.809296 -118.370697 -20840.474609 3354.050293 54665.835938 1.043582
681300 299.809296 -118.370697 -20840.474609 3354.050293 54665.835938 1.043582
681400 299.809296 -118.370697 -20840.474609 3354.050293 54665.835938 1.043582
681500 299.809296 -118.370697 -20840.474609 3354.050293 54665.835938 1.043582
681600 299.809296 -118.370697 -20840.474609 3354.050293 54665.835938 1.043582
681700 299.809296 -118.370697 -20840.474609 3354.050293 54665.835938 1.043582
681800 299.809296 -118.370697 -20840.474609 3354.050293 54665.835938 1.043582
681900 299.809296 -118.370697 -20840.474609 3354.050293 54665.835938 1.043582
682000 299.809296 -118.370697 -20840.474609 3354.050293 54665.835938 1.043582
682100 299.809296 -118.370697 -20840.474609 3354.050293 54665.835938 1.043582
682200 299.809296 -118.370697 -20840.474609 3354.050293 54665.835938 1.043582
682300 299.809296 -118.370697 -20840.474609 3354.050293 54665.835938 1.043582
682400 299.809296 -118.370697 -20840.474609 3354.050293 54665.835938 1.043582
682500 299.809296 -118.370697 -20840.474609 3354.050293 54665.835938 1.043582
682600 299.809296 -118.370697 -20840.474609 3354.050293 54665.835938 1.043582
682700 299.809296 -118.370697 -20840.474609 3354.050293 54665.835938 1.043582
682800 299.809296 -118.370697 -20840.474609 3354.050293 54665.835938 1.043582
682900 299.809296 -118.370697 -20840.474609 3354.050293 54665.835938 1.043582
683000 299.809296 -118.370697 -20840.474609 3354.050293 54665.835938 1.043582
683100 299.809296 -118.370697 -20840.474609 3354.050293 54665.835938 1.043582
683200 299.809296 -118.370697 -20840.474609 3354.050293 54665.835938 1.043582
683300 299.809296 -118.370697 -20840.474609 3354.050293 54665.835938 1.043582
683400 299.809296 -118.370697 -20840.474609 3354.050293 54665.835938 1.043582
683500 299.809296 -118.370697 -20840.474609 3354.050293 54665.835938 1.043582
683600 299.809296 -118.370697 -20840.474609 3354.050293 54665.835938 1.043582
683700 299.809296 -118.370697 -20840.474609 3354.050293 54665.835938 1.043582
683800 299.809296 -118.370697 -20840.474609 3354.050293 54665.835938 1.043582
683900 299.809296 -118.370697 -20840.474609 3354.050293 54665.835938 1.043582
684000 299.809296 -118.370697 -20840.474609 3354.050293 54665.835938 1.043582
684100 299.809296 -118.370697 -20840.474609 3354.050293 54665.835938 1.043582
684200 299.809296 -118.370697 -20840.474609 3354.050293 54665.835938 1.043582
684300 299.809296 -118.370697 -20840.474609 3354.050293 54665.835938 1.043582
684400 299.809296 -118.370697 -20840.474609 3354.050293 54665.835938 1.043582
684500 299.809296 -118.370697 -20840.474609 3354.050293 54665.835938 1.043582
684600 299.809296 -118.370697 -20840.474609 3354.050293 54665.835938 1.043582
684700 299.809296 -118.370697 -20840.474609 3354.050293 54665.835938 1.043582
684800 299.809296 -118.370697 -20840.474609 3354.050293 54665.835938 1.043582
684900 299.809296 -118.370697 -20840.474609 3354.050293 54665.835938 1.043582
685000 299.809296 -118.370697 -20840.474609 3354.050293 54665.835938 1.043582
685100 299.809296 -118.370697 -20840.474609 3354.050293 54665.835938 1.043582
685200 299.809296 -118.370697 -20840.474609 3354.050293 54665.835938 1.043582
685300 299.809296 -118.370697 -20840.474609 3354.050293 54665.835938 1.043582
685400 299.809296 -118.370697 -20840.474609 3354.050293 54665.835938 1.043582
685500 299.809296 -118.370697 -20840.474609 3354.050293 54665.835938 1.043582
685600 299.809296 -118.370697 -20840.474609 3354.050293 54665.835938 1.043582
685700 299.809296 -118.370697 -20840.474609 3354.050293 54665.835938 1.043582
685800 299.809296 -118.370697 -20840.474609 3354.050293 54665.835938 1.043582
685900 299.809296 -118.370697 -20840.474609 3354.050293 54665.835938 1.043582
686000 299.809296 -118.370697 -20840.474609 3354.050293 54665.835938 1.043582
686100 299.809296 -118.370697 -20840.474609 3354.050293 54665.835938 1.043582
686200 299.809296 -118.370697 -20840.474609 3354.050293 54665.835938 1.043582
686300 299.809296 -118.370697 -20840.474609 3354.050293 54665.835938 1.043582
686400 299.809296 -118.370697 -20840.474609 3354.050293 54665.835938 1.043582
686500 299.809296 -118.370697 -20840.474609 3354.050293 54665.835938 1.043582
686600 299.809296 -118.370697 -20840.474609 3354.050293 54665.835938 1.043582
686700 299.809296 -118.370697 -20840.474609 3354.050293 54665.835938 1.043582
686800 299.809296 -118.370697 -20840.474609 3354.050293 54665.835938 1.043582
686900 299.809296 -118.370697 -20840.474609 3354.050293 54665.835938 1.043582
687000 299.809296 -118.370697 -20840.474609 3354.050293 54665.835938 1.043582
687100 299.809296 -118.370697 -20840.474609 3354.050293 54665.835938 1.043582
687200 299.809296 -118.370697 -20840.474609 3354.050293 54665.835938 1.043582
687300 299.809296 -118.370697 -20840.474609 3354.050293 54665.835938 1.043582
687400 299.809296 -118.370697 -20840.474609 3354.050293 54665.835938 1.043582
687500 299.809296 -118.370697 -20840.474609 3354.050293 54665.835938 1.043582
687600 299.809296 -118.370697 -20840.474609 3354.050293 54665.835938 1.043582
687700 299.809296 -118.370697 -20840.474609 3354.050293 54665.835938 1.043582
687800 299.809296 -118.370697 -20840.474609 3354.050293 54665.835938 1.043582
687900 299.809296 -118.370697 -20840.474609 3354.050293 54665.835938 1.043582
688000 299.809296 -118.370697 -20840.474609 3354.050293 54665.835938 1.043582
688100 299.809296 -118.370697 -20840.474609 3354.050293 54665.835938 1.043582
688200 299.809296 -118.370697 -20840.474609 3354.050293 54665.835938 1.043582
688300 299.809296 -118.370697 -20840.474609 3354.050293 54665.835938 1.043582
688400 299.809296 -118.370697 -20840.474609 3354.050293 54665.835938 1.043582
688500 299.809296 -118.370697 -20840.474609 3354.050293 54665.835938 1.043582
688600 299.809296 -118.370697 -20840.474609 3354.050293 54665.835938 1.043582
688700 299.809296 -118.370697 -20840.474609 3354.050293 54665.835938 1.043582
688800 299.809296 -118.370697 -20840.474609 3354.050293 54665.835938 1.043582
688900 299.809296 -118.370697 -20840.474609 3354.050293 54665.835938 1.043582
689000 299.809296 -118.370697 -20840.474609 3354.050293 54665.835938 1.043582
689100 299.809296 -118.370697 -20840.474609 3354.050293 54665.835938 1.043582
689200 299.809296 -118.370697 -20840.474609 3354.050293 54665.835938 1.043582
689300 299.809296 -118.370697 -20840.474609 3354.050293 54665.835938 1.043582
689400 299.809296 -118.370697 -20840.474609 3354.050293 54665.835938 1.043582
689500 299.809296 -118.370697 -20840.474609 3354.050293 54665.835938 1.043582
689600 299.809296 -118.370697 -20840.474609 3354.050293 54665.835938 1.043582
689700 299.809296 -118.370697 -20840.474609 3354.050293 54665.835938 1.043582
689800 299.809296 -118.370697 -20840.474609 3354.050293 54665.835938 1.043582
689900 299.809296 -118.370697 -20840.474609 3354.050293 54665.835938 1.043582
690000 299.809296 -118.370697 -20840.474609 3354.050293 54665.835938 1.043582
690100 299.809296 -118.370697 -20840.474609 3354.050293 54665.835938 1.043582
690200 299.809296 -118.370697 -20840.474609 3354.050293 54665.835938 1.043582
690300 299.809296 -118.370697 -20840.474609 3354.050293 54665.835938 1.043582
690400 299.809296 -118.370697 -20840.474609 3354.050293 54665.835938 1.043582
690500 299.809296 -118.370697 -20840.474609 3354.050293 54665.835938 1.043582
690600 299.809296 -118.370697 -20840.474609 3354.050293 54665.835938 1.043582
690700 299.809296 -118.370697 -20840.474609 3354.050293 54665.835938 1.043582
690800 299.809296 -118.370697 -20840.474609 3354.050293 54665.835938 1.043582
690900 299.809296 -118.370697 -20840.474609 3354.050293 54665.835938 1.043582
691000 299.809296 -118.370697 -20840.474609 3354.050293 54665.835938 1.043582
691100 299.809296 -118.370697 -20840.474609 3354.050293 54665.835938 1.043582
691200 299.809296 -118.370697 -20840.474609 3354.050293 54665.835938 1.043582
691300 299.809296 -118.370697 -20840.474609 3354.050293 54665.835938 1.043582
691400 299.809296 -118.370682 -20840.474609 3354.050293 54665.835938 1.043582
691500 299.809296 -118.370697 -20840.474609 3354.050293 54665.835938 1.043582
691600 299.809296 -118.370682 -20840.474609 3354.050293 54665.835938 1.043582
691700 299.809296 -118.370682 -20840.474609 3354.050293 54665.835938 1.043582
691800 299.809296 -118.370682 -20840.474609 3354.050293 54665.835938 1.043582
691900 299.809296 -118.370682 -20840.474609 3354.050293 54665.835938 1.043582
692000 299.809296 -118.370697 -20840.474609 3354.050293 54665.835938 1.043582
692100 299.809296 -118.370697 -20840.474609 3354.050293 54665.835938 1.043582
692200 299.809296 -118.370697 -20840.474609 3354.050293 54665.835938 1.043582
692300 299.809296 -118.370697 -20840.474609 3354.050293 54665.835938 1.043582
692400 299.809296 -118.370697 -20840.474609 3354.050293 54665.835938 1.043582
692500 299.809296 -118.370697 -20840.474609 3354.050293 54665.835938 1.043582
692600 299.809296 -118.370697 -20840.474609 3354.050293 54665.835938 1.043582
692700 299.809296 -118.370697 -20840.474609 3354.050293 54665.835938 1.043582
692800 299.809296 -118.370697 -20840.474609 3354.050293 54665.835938 1.043582
692900 299.809296 -118.370697 -20840.474609 3354.050293 54665.835938 1.043582
693000 299.809296 -118.370697 -20840.474609 3354.050293 54665.835938 1.043582
693100 299.809296 -118.370697 -20840.474609 3354.050293 54665.835938 1.043582
693200 299.809296 -118.370697 -20840.474609 3354.050293 54665.835938 1.043582
693300 299.809296 -118.370697 -20840.474609 3354.050293 54665.835938 1.043582
693400 299.809296 -118.370697 -20840.474609 3354.050293 54665.835938 1.043582
693500 299.809296 -118.370697 -20840.474609 3354.050293 54665.835938 1.043582
693600 299.809296 -118.370697 -20840.474609 3354.050293 54665.835938 1.043582
693700 299.809296 -118.370697 -20840.474609 3354.050293 54665.835938 1.043582
693800 299.809296 -118.370697 -20840.474609 3354.050293 54665.835938 1.043582
693900 299.809296 -118.370697 -20840.474609 3354.050293 54665.835938 1.043582
694000 299.809296 -118.370697 -20840.474609 3354.050293 54665.835938 1.043582
694100 299.809296 -118.370697 -20840.474609 3354.050293 54665.835938 1.043582
694200 299.809296 -118.370697 -20840.474609 3354.050293 54665.835938 1.043582
694300 299.809296 -118.370697 -20840.474609 3354.050293 54665.835938 1.043582
694400 299.809296 -118.370697 -20840.474609 3354.050293 54665.835938 1.043582
694500 299.809296 -118.370697 -20840.474609 3354.050293 54665.835938 1.043582
694600 299.809296 -118.370697 -20840.474609 3354.050293 54665.835938 1.043582
694700 299.809296 -118.370697 -20840.474609 3354.050293 54665.835938 1.043582
694800 299.809296 -118.370697 -20840.474609 3354.050293 54665.835938 1.043582
694900 299.809296 -118.370697 -20840.474609 3354.050293 54665.835938 1.043582
695000 299.809296 -118.370697 -20840.474609 3354.050293 54665.835938 1.043582
695100 299.809296 -118.370697 -20840.474609 3354.050293 54665.835938 1.043582
695200 299.809296 -118.370697 -20840.474609 3354.050293 54665.835938 1.043582
695300 299.809296 -118.370697 -20840.474609 3354.050293 54665.835938 1.043582
695400 299.809296 -118.370697 -20840.474609 3354.050293 54665.835938 1.043582
695500 299.809296 -118.370697 -20840.474609 3354.050293 54665.835938 1.043582
695600 299.809296 -118.370697 -20840.474609 3354.050293 54665.835938 1.043582
695700 299.809296 -118.370697 -20840.474609 3354.050293 54665.835938 1.043582
695800 299.809296 -118.370697 -20840.474609 3354.050293 54665.835938 1.043582
695900 299.809296 -118.370697 -20840.474609 3354.050293 54665.835938 1.043582
696000 299.809296 -118.370697 -20840.474609 3354.050293 54665.835938 1.043582
696100 299.809296 -118.370697 -20840.474609 3354.050293 54665.835938 1.043582
696200 299.809296 -118.370697 -20840.474609 3354.050293 54665.835938 1.043582
696300 299.809296 -118.370697 -20840.474609 3354.050293 54665.835938 1.043582
696400 299.809296 -118.370697 -20840.474609 3354.050293 54665.835938 1.043582
696500 299.809296 -118.370697 -20840.474609 3354.050293 54665.835938 1.043582
696600 299.809296 -118.370697 -20840.474609 3354.050293 54665.835938 1.043582
696700 299.809296 -118.370697 -20840.474609 3354.050293 54665.835938 1.043582
696800 299.809296 -118.370697 -20840.474609 3354.050293 54665.835938 1.043582
696900 299.809296 -118.370697 -20840.474609 3354.050293 54665.835938 1.043582
697000 299.809296 -118.370697 -20840.474609 3354.050293 54665.835938 1.043582
697100 299.809296 -118.370697 -20840.474609 3354.050293 54665.835938 1.043582
697200 299.809296 -118.370697 -20840.474609 3354.050293 54665.835938 1.043582
697300 299.809296 -118.370697 -20840.474609 3354.050293 54665.835938 1.043582
697400 299.809296 -118.370697 -20840.474609 3354.050293 54665.835938 1.043582
697500 299.809296 -118.370697 -20840.474609 3354.050293 54665.835938 1.043582
697600 299.809296 -118.370697 -20840.474609 3354.050293 54665.835938 1.043582
697700 299.809296 -118.370697 -20840.474609 3354.050293 54665.835938 1.043582
697800 299.809296 -118.370697 -20840.474609 3354.050293 54665.835938 1.043582
697900 299.809296 -118.370697 -20840.474609 3354.050293 54665.835938 1.043582
698000 299.809296 -118.370697 -20840.474609 3354.050293 54665.835938 1.043582
698100 299.809296 -118.370697 -20840.474609 3354.050293 54665.835938 1.043582
698200 299.809296 -118.370697 -20840.474609 3354.050293 54665.835938 1.043582
698300 299.809296 -118.370697 -20840.474609 3354.050293 54665.835938 1.043582
698400 299.809296 -118.370697 -20840.474609 3354.050293 54665.835938 1.043582
698500 299.809296 -118.370697 -20840.474609 3354.050293 54665.835938 1.043582
698600 299.809296 -118.370697 -20840.474609 3354.050293 54665.835938 1.043582
698700 299.809296 -118.370697 -20840.474609 3354.050293 54665.835938 1.043582
698800 299.809296 -118.370697 -20840.474609 3354.050293 54665.835938 1.043582
698900 299.809296 -118.370697 -20840.474609 3354.050293 54665.835938 1.043582
699000 299.809296 -118.370697 -20840.474609 3354.050293 54665.835938 1.043582
699100 299.809296 -118.370697 -20840.474609 3354.050293 54665.835938 1.043582
699200 299.809296 -118.370697 -20840.474609 3354.050293 54665.835938 1.043582
699300 299.809296 -118.370697 -20840.474609 3354.050293 54665.835938 1.043582
699400 299.809296 -118.370697 -20840.474609 3354.050293 54665.835938 1.043582
699500 299.809296 -118.370697 -20840.474609 3354.050293 54665.835938 1.043582
699600 299.809296 -118.370697 -20840.474609 3354.050293 54665.835938 1.043582
699700 299.809296 -118.370697 -20840.474609 3354.050293 54665.835938 1.043582
699800 299.809296 -118.370697 -20840.474609 3354.050293 54665.835938 1.043582
699900 299.809296 -118.370697 -20840.474609 3354.050293 54665.835938 1.043582
700000 299.809296 -118.370697 -20840.474609 3354.050293 54665.835938 1.043582
