# TimeStep Temp Press PotEng KinEng Volume Density
0 298.36 -81.83 -21042.23 3350.00 54000.00 1.0436
100 298.98 -111.14 -20994.90 3350.00 54000.00 1.0463
200 299.34 -107.90 -20974.19 3350.00 54000.00 1.0468
300 299.57 -99.23 -20957.44 3350.00 54000.00 1.0472
400 299.72 -88.96 -20943.64 3350.00 54000.00 1.0474
500 299.82 -79.16 -20932.59 3350.00 54000.00 1.0476
600 299.88 -70.66 -20923.92 3350.00 54000.00 1.0476
700 299.93 -63.69 -20917.21 3350.00 54000.00 1.0477
800 299.95 -58.14 -20912.07 3350.00 54000.00 1.0477
900 299.97 -53.83 -20908.17 3350.00 54000.00 1.0477
1000 299.98 -50.52 -20905.23 3350.00 54000.00 1.0477
1100 299.99 -47.99 -20903.01 3350.00 54000.00 1.0477
1200 299.99 -46.09 -20901.33 3350.00 54000.00 1.0477
1300 300.00 -44.65 -20900.07 3350.00 54000.00 1.0477
1400 300.00 -43.57 -20899.10 3350.00 54000.00 1.0477
1500 300.00 -42.76 -20898.38 3350.00 54000.00 1.0476
1600 300.00 -42.15 -20897.81 3350.00 54000.00 1.0476
1700 300.00 -41.69 -20897.38 3350.00 54000.00 1.0476
1800 300.00 -41.34 -20897.05 3350.00 54000.00 1.0476
1900 300.00 -41.09 -20896.79 3350.00 54000.00 1.0476
2000 300.00 -40.89 -20896.59 3350.00 54000.00 1.0476
2100 300.00 -40.75 -20896.43 3350.00 54000.00 1.0476
2200 300.00 -40.64 -20896.31 3350.00 54000.00 1.0476
2300 300.00 -40.56 -20896.21 3350.00 54000.00 1.0476
2400 300.00 -40.50 -20896.12 3350.00 54000.00 1.0476
2500 300.00 -40.46 -20896.06 3350.00 54000.00 1.0476
2600 300.00 -40.43 -20896.02 3350.00 54000.00 1.0476
2700 300.00 -40.41 -20895.97 3350.00 54000.00 1.0476
2800 300.00 -40.39 -20895.94 3350.00 54000.00 1.0476
2900 300.00 -40.37 -20895.91 3350.00 54000.00 1.0476
3000 300.00 -40.37 -20895.88 3350.00 54000.00 1.0476
3100 300.00 -40.36 -20895.86 3350.00 54000.00 1.0476
3200 300.00 -40.36 -20895.85 3350.00 54000.00 1.0476
3300 300.00 -40.36 -20895.84 3350.00 54000.00 1.0476
3400 300.00 -40.36 -20895.82 3350.00 54000.00 1.0476
3500 300.00 -40.36 -20895.81 3350.00 54000.00 1.0476
3600 300.00 -40.36 -20895.80 3350.00 54000.00 1.0476
3700 300.00 -40.36 -20895.79 3350.00 54000.00 1.0476
3800 300.00 -40.36 -20895.79 3350.00 54000.00 1.0476
3900 300.00 -40.36 -20895.78 3350.00 54000.00 1.0476
4000 300.00 -40.36 -20895.77 3350.00 54000.00 1.0476
4100 300.00 -40.36 -20895.77 3350.00 54000.00 1.0476
4200 300.00 -40.36 -20895.76 3350.00 54000.00 1.0476
4300 300.00 -40.36 -20895.76 3350.00 54000.00 1.0476
4400 300.00 -40.36 -20895.75 3350.00 54000.00 1.0476
4500 300.00 -40.36 -20895.75 3350.00 54000.00 1.0476
4600 300.00 -40.36 -20895.74 3350.00 54000.00 1.0476
4700 300.00 -40.36 -20895.74 3350.00 54000.00 1.0476
4800 300.00 -40.36 -20895.73 3350.00 54000.00 1.0476
4900 300.00 -40.36 -20895.73 3350.00 54000.00 1.0476
5000 300.00 -40.36 -20895.72 3350.00 54000.00 1.0476
5100 300.00 -40.36 -20895.72 3350.00 54000.00 1.0476
5200 300.00 -40.36 -20895.71 3350.00 54000.00 1.0476
5300 300.00 -40.36 -20895.71 3350.00 54000.00 1.0476
5400 300.00 -40.36 -20895.70 3350.00 54000.00 1.0476
5500 300.00 -40.36 -20895.70 3350.00 54000.00 1.0476
5600 300.00 -40.36 -20895.70 3350.00 54000.00 1.0476
5700 300.00 -40.36 -20895.69 3350.00 54000.00 1.0476
5800 300.00 -40.36 -20895.69 3350.00 54000.00 1.0476
5900 300.00 -40.36 -20895.69 3350.00 54000.00 1.0476
6000 300.00 -40.36 -20895.69 3350.00 54000.00 1.0476
6100 300.00 -40.36 -20895.69 3350.00 54000.00 1.0476
6200 300.00 -40.36 -20895.69 3350.00 54000.00 1.0476
6300 300.00 -40.36 -20895.69 3350.00 54000.00 1.0476
6400 300.00 -40.36 -20895.68 3350.00 54000.00 1.0476
6500 300.00 -40.36 -20895.68 3350.00 54000.00 1.0476
6600 300.00 -40.36 -20895.68 3350.00 54000.00 1.0476
6700 300.00 -40.36 -20895.67 3350.00 54000.00 1.0476
6800 300.00 -40.36 -20895.67 3350.00 54000.00 1.0476
6900 300.00 -40.36 -20895.67 3350.00 54000.00 1.0476
7000 300.00 -40.36 -20895.66 3350.00 54000.00 1.0476
7100 300.00 -40.36 -20895.66 3350.00 54000.00 1.0476
7200 300.00 -40.36 -20895.65 3350.00 54000.00 1.0476
7300 300.00 -40.36 -20895.65 3350.00 54000.00 1.0476
7400 300.00 -40.36 -20895.65 3350.00 54000.00 1.0476
7500 300.00 -40.36 -20895.65 3350.00 54000.00 1.0476
7600 300.00 -40.36 -20895.65 3350.00 54000.00 1.0476
7700 300.00 -40.36 -20895.65 3350.00 54000.00 1.0476
7800 300.00 -40.36 -20895.65 3350.00 54000.00 1.0476
7900 300.00 -40.36 -20895.65 3350.00 54000.00 1.0476
8000 300.00 -40.36 -20895.65 3350.00 54000.00 1.0476
8100 300.00 -40.36 -20895.65 3350.00 54000.00 1.0476
8200 300.00 -40.36 -20895.65 3350.00 54000.00 1.0476
8300 300.00 -40.36 -20895.65 3350.00 54000.00 1.0476
8400 300.00 -40.36 -20895.65 3350.00 54000.00 1.0476
8500 300.00 -40.36 -20895.65 3350.00 54000.00 1.0476
8600 300.00 -40.36 -20895.65 3350.00 54000.00 1.0476
8700 300.00 -40.36 -20895.65 3350.00 54000.00 1.0476
8800 300.00 -40.36 -20895.64 3350.00 54000.00 1.0476
8900 300.00 -40.36 -20895.64 3350.00 54000.00 1.0476
9000 300.00 -40.36 -20895.64 3350.00 54000.00 1.0476
9100 300.00 -40.36 -20895.64 3350.00 54000.00 1.0476
9200 300.00 -40.36 -20895.64 3350.00 54000.00 1.0476
9300 300.00 -40.36 -20895.64 3350.00 54000.00 1.0476
9400 300.00 -40.36 -20895.64 3350.00 54000.00 1.0476
9500 300.00 -40.36 -20895.64 3350.00 54000.00 1.0476
9600 300.00 -40.36 -20895.64 3350.00 54000.00 1.0476
9700 300.00 -40.36 -20895.64 3350.00 54000.00 1.0476
9800 300.00 -40.35 -20895.63 3350.00 54000.00 1.0476
9900 300.00 -40.35 -20895.63 3350.00 54000.00 1.0476
10000 300.00 -40.35 -20895.63 3350.00 54000.00 1.0476
10100 300.00 -40.35 -20895.63 3350.00 54000.00 1.0476
10200 300.00 -40.35 -20895.63 3350.00 54000.00 1.0476
10300 300.00 -40.35 -20895.63 3350.00 54000.00 1.0476
10400 300.00 -40.35 -20895.63 3350.00 54000.00 1.0476
10500 300.00 -40.35 -20895.63 3350.00 54000.00 1.0476
10600 300.00 -40.35 -20895.63 3350.00 54000.00 1.0476
10700 300.00 -40.35 -20895.63 3350.00 54000.00 1.0476
10800 300.00 -40.35 -20895.63 3350.00 54000.00 1.0476
10900 300.00 -40.35 -20895.63 3350.00 54000.00 1.0476
11000 300.00 -40.35 -20895.63 3350.00 54000.00 1.0476
11100 300.00 -40.35 -20895.63 3350.00 54000.00 1.0476
11200 300.00 -40.34 -20895.63 3350.00 54000.00 1.0476
11300 300.00 -40.34 -20895.63 3350.00 54000.00 1.0476
11400 300.00 -40.34 -20895.63 3350.00 54000.00 1.0476
11500 300.00 -40.34 -20895.63 3350.00 54000.00 1.0476
11600 300.00 -40.35 -20895.63 3350.00 54000.00 1.0476
11700 300.00 -40.35 -20895.63 3350.00 54000.00 1.0476
11800 300.00 -40.35 -20895.63 3350.00 54000.00 1.0476
11900 300.00 -40.35 -20895.63 3350.00 54000.00 1.0476
12000 300.00 -40.34 -20895.63 3350.00 54000.00 1.0476
12100 300.00 -40.34 -20895.63 3350.00 54000.00 1.0476
12200 300.00 -40.35 -20895.63 3350.00 54000.00 1.0476
12300 300.00 -40.35 -20895.63 3350.00 54000.00 1.0476
12400 300.00 -40.35 -20895.63 3350.00 54000.00 1.0476
12500 300.00 -40.35 -20895.63 3350.00 54000.00 1.0476
12600 300.00 -40.35 -20895.63 3350.00 54000.00 1.0476
12700 300.00 -40.35 -20895.63 3350.00 54000.00 1.0476
12800 300.00 -40.35 -20895.63 3350.00 54000.00 1.0476
12900 300.00 -40.35 -20895.63 3350.00 54000.00 1.0476
13000 300.00 -40.35 -20895.63 3350.00 54000.00 1.0476
13100 300.00 -40.35 -20895.63 3350.00 54000.00 1.0476
13200 300.00 -40.35 -20895.63 3350.00 54000.00 1.0476
13300 300.00 -40.35 -20895.63 3350.00 54000.00 1.0476
13400 300.00 -40.35 -20895.63 3350.00 54000.00 1.0476
13500 300.00 -40.35 -20895.63 3350.00 54000.00 1.0476
13600 300.00 -40.35 -20895.63 3350.00 54000.00 1.0476
13700 300.00 -40.35 -20895.63 3350.00 54000.00 1.0476
13800 300.00 -40.35 -20895.63 3350.00 54000.00 1.0476
13900 300.00 -40.35 -20895.63 3350.00 54000.00 1.0476
14000 300.00 -40.35 -20895.63 3350.00 54000.00 1.0476
14100 300.00 -40.35 -20895.63 3350.00 54000.00 1.0476
14200 300.00 -40.35 -20895.63 3350.00 54000.00 1.0476
14300 300.00 -40.35 -20895.63 3350.00 54000.00 1.0476
14400 300.00 -40.35 -20895.63 3350.00 54000.00 1.0476
14500 300.00 -40.35 -20895.63 3350.00 54000.00 1.0476
14600 300.00 -40.35 -20895.63 3350.00 54000.00 1.0476
14700 300.00 -40.35 -20895.63 3350.00 54000.00 1.0476
14800 300.00 -40.35 -20895.63 3350.00 54000.00 1.0476
14900 300.00 -40.35 -20895.63 3350.00 54000.00 1.0476
15000 300.00 -40.35 -20895.63 3350.00 54000.00 1.0476
15100 300.00 -40.35 -20895.63 3350.00 54000.00 1.0476
15200 300.00 -40.35 -20895.63 3350.00 54000.00 1.0476
15300 300.00 -40.35 -20895.63 3350.00 54000.00 1.0476
15400 300.00 -40.35 -20895.63 3350.00 54000.00 1.0476
15500 300.00 -40.35 -20895.63 3350.00 54000.00 1.0476
15600 300.00 -40.35 -20895.63 3350.00 54000.00 1.0476
15700 300.00 -40.35 -20895.63 3350.00 54000.00 1.0476
15800 300.00 -40.35 -20895.63 3350.00 54000.00 1.0476
15900 300.00 -40.35 -20895.63 3350.00 54000.00 1.0476
16000 300.00 -40.35 -20895.63 3350.00 54000.00 1.0476
16100 300.00 -40.35 -20895.63 3350.00 54000.00 1.0476
16200 300.00 -40.35 -20895.63 3350.00 54000.00 1.0476
16300 300.00 -40.35 -20895.63 3350.00 54000.00 1.0476
16400 300.00 -40.35 -20895.63 3350.00 54000.00 1.0476
16500 300.00 -40.35 -20895.63 3350.00 54000.00 1.0476
16600 300.00 -40.35 -20895.63 3350.00 54000.00 1.0476
16700 300.00 -40.35 -20895.63 3350.00 54000.00 1.0476
16800 300.00 -40.35 -20895.63 3350.00 54000.00 1.0476
16900 300.00 -40.35 -20895.63 3350.00 54000.00 1.0476
17000 300.00 -40.35 -20895.63 3350.00 54000.00 1.0476
17100 300.00 -40.35 -20895.63 3350.00 54000.00 1.0476
17200 300.00 -40.35 -20895.63 3350.00 54000.00 1.0476
17300 300.00 -40.35 -20895.63 3350.00 54000.00 1.0476
17400 300.00 -40.35 -20895.63 3350.00 54000.00 1.0476
17500 300.00 -40.35 -20895.63 3350.00 54000.00 1.0476
17600 300.00 -40.35 -20895.63 3350.00 54000.00 1.0476
17700 300.00 -40.35 -20895.63 3350.00 54000.00 1.0476
17800 300.00 -40.35 -20895.63 3350.00 54000.00 1.0476
17900 300.00 -40.35 -20895.63 3350.00 54000.00 1.0476
18000 300.00 -40.35 -20895.63 3350.00 54000.00 1.0476
18100 300.00 -40.35 -20895.63 3350.00 54000.00 1.0476
18200 300.00 -40.35 -20895.63 3350.00 54000.00 1.0476
18300 300.00 -40.35 -20895.63 3350.00 54000.00 1.0476
18400 300.00 -40.35 -20895.63 3350.00 54000.00 1.0476
18500 300.00 -40.35 -20895.63 3350.00 54000.00 1.0476
18600 300.00 -40.35 -20895.63 3350.00 54000.00 1.0476
18700 300.00 -40.35 -20895.63 3350.00 54000.00 1.0476
18800 300.00 -40.35 -20895.63 3350.00 54000.00 1.0476
18900 300.00 -40.35 -20895.63 3350.00 54000.00 1.0476
19000 300.00 -40.35 -20895.63 3350.00 54000.00 1.0476
19100 300.00 -40.35 -20895.63 3350.00 54000.00 1.0476
19200 300.00 -40.35 -20895.63 3350.00 54000.00 1.0476
19300 300.00 -40.35 -20895.63 3350.00 54000.00 1.0476
19400 300.00 -40.35 -20895.63 3350.00 54000.00 1.0476
19500 300.00 -40.35 -20895.63 3350.00 54000.00 1.0476
19600 300.00 -40.35 -20895.63 3350.00 54000.00 1.0476
19700 300.00 -40.35 -20895.63 3350.00 54000.00 1.0476
19800 300.00 -40.35 -20895.63 3350.00 54000.00 1.0476
19900 300.00 -40.35 -20895.63 3350.00 54000.00 1.0476
20000 300.00 -40.35 -20895.63 3350.00 54000.00 1.0476
20100 300.00 -40.35 -20895.63 3350.00 54000.00 1.0476
20200 300.00 -40.35 -20895.63 3350.00 54000.00 1.0476
20300 300.00 -40.35 -20895.63 3350.00 54000.00 1.0476
20400 300.00 -40.35 -20895.63 3350.00 54000.00 1.0476
20500 300.00 -40.35 -20895.63 3350.00 54000.00 1.0476
20600 300.00 -40.35 -20895.63 3350.00 54000.00 1.0476
20700 300.00 -40.35 -20895.63 3350.00 54000.00 1.0476
20800 300.00 -40.35 -20895.63 3350.00 54000.00 1.0476
20900 300.00 -40.35 -20895.63 3350.00 54000.00 1.0476
21000 300.00 -40.35 -20895.63 3350.00 54000.00 1.0476
21100 300.00 -40.35 -20895.63 3350.00 54000.00 1.0476
21200 300.00 -40.35 -20895.63 3350.00 54000.00 1.0476
21300 300.00 -40.35 -20895.63 3350.00 54000.00 1.0476
21400 300.00 -40.35 -20895.63 3350.00 54000.00 1.0476
21500 300.00 -40.35 -20895.63 3350.00 54000.00 1.0476
21600 300.00 -40.35 -20895.63 3350.00 54000.00 1.0476
21700 300.00 -40.35 -20895.63 3350.00 54000.00 1.0476
21800 300.00 -40.35 -20895.63 3350.00 54000.00 1.0476
21900 300.00 -40.35 -20895.63 3350.00 54000.00 1.0476
22000 300.00 -40.35 -20895.63 3350.00 54000.00 1.0476
22100 300.00 -40.35 -20895.63 3350.00 54000.00 1.0476
22200 300.00 -40.35 -20895.63 3350.00 54000.00 1.0476
22300 300.00 -40.35 -20895.63 3350.00 54000.00 1.0476
22400 300.00 -40.35 -20895.63 3350.00 54000.00 1.0476
22500 300.00 -40.35 -20895.63 3350.00 54000.00 1.0476
22600 300.00 -40.35 -20895.63 3350.00 54000.00 1.0476
22700 300.00 -40.35 -20895.63 3350.00 54000.00 1.0476
22800 300.00 -40.35 -20895.63 3350.00 54000.00 1.0476
22900 300.00 -40.35 -20895.63 3350.00 54000.00 1.0476
23000 300.00 -40.35 -20895.63 3350.00 54000.00 1.0476
23100 300.00 -40.35 -20895.63 3350.00 54000.00 1.0476
23200 300.00 -40.35 -20895.63 3350.00 54000.00 1.0476
23300 300.00 -40.35 -20895.63 3350.00 54000.00 1.0476
23400 300.00 -40.35 -20895.63 3350.00 54000.00 1.0476
23500 300.00 -40.35 -20895.63 3350.00 54000.00 1.0476
23600 300.00 -40.35 -20895.63 3350.00 54000.00 1.0476
23700 300.00 -40.35 -20895.63 3350.00 54000.00 1.0476
23800 300.00 -40.35 -20895.63 3350.00 54000.00 1.0476
23900 300.00 -40.35 -20895.63 3350.00 54000.00 1.0476
24000 300.00 -40.35 -20895.63 3350.00 54000.00 1.0476
24100 300.00 -40.35 -20895.63 3350.00 54000.00 1.0476
24200 300.00 -40.35 -20895.63 3350.00 54000.00 1.0476
24300 300.00 -40.35 -20895.63 3350.00 54000.00 1.0476
24400 300.00 -40.35 -20895.63 3350.00 54000.00 1.0476
24500 300.00 -40.35 -20895.63 3350.00 54000.00 1.0476
24600 300.00 -40.35 -20895.63 3350.00 54000.00 1.0476
24700 300.00 -40.35 -20895.63 3350.00 54000.00 1.0476
24800 300.00 -40.35 -20895.63 3350.00 54000.00 1.0476
24900 300.00 -40.35 -20895.63 3350.00 54000.00 1.0476
25000 300.00 -40.35 -20895.63 3350.00 54000.00 1.0476
25100 300.00 -40.35 -20895.63 3350.00 54000.00 1.0476
25200 300.00 -40.35 -20895.63 3350.00 54000.00 1.0476
25300 300.00 -40.35 -20895.63 3350.00 54000.00 1.0476
25400 300.00 -40.35 -20895.63 3350.00 54000.00 1.0476
25500 300.00 -40.35 -20895.63 3350.00 54000.00 1.0476
25600 300.00 -40.35 -20895.63 3350.00 54000.00 1.0476
25700 300.00 -40.35 -20895.63 3350.00 54000.00 1.0476
25800 300.00 -40.35 -20895.63 3350.00 54000.00 1.0476
25900 300.00 -40.35 -20895.63 3350.00 54000.00 1.0476
26000 300.00 -40.35 -20895.63 3350.00 54000.00 1.0476
26100 300.00 -40.35 -20895.63 3350.00 54000.00 1.0476
26200 300.00 -40.35 -20895.63 3350.00 54000.00 1.0476
26300 300.00 -40.35 -20895.63 3350.00 54000.00 1.0476
26400 300.00 -40.35 -20895.63 3350.00 54000.00 1.0476
26500 300.00 -40.35 -20895.63 3350.00 54000.00 1.0476
26600 300.00 -40.35 -20895.63 3350.00 54000.00 1.0476
26700 300.00 -40.35 -20895.63 3350.00 54000.00 1.0476
26800 300.00 -40.35 -20895.63 3350.00 54000.00 1.0476
26900 300.00 -40.35 -20895.63 3350.00 54000.00 1.0476
27000 300.00 -40.35 -20895.63 3350.00 54000.00 1.0476
27100 300.00 -40.35 -20895.63 3350.00 54000.00 1.0476
27200 300.00 -40.35 -20895.63 3350.00 54000.00 1.0476
27300 300.00 -40.35 -20895.63 3350.00 54000.00 1.0476
27400 300.00 -40.35 -20895.63 3350.00 54000.00 1.0476
27500 300.00 -40.35 -20895.63 3350.00 54000.00 1.0476
27600 300.00 -40.35 -20895.63 3350.00 54000.00 1.0476
27700 300.00 -40.35 -20895.63 3350.00 54000.00 1.0476
27800 300.00 -40.35 -20895.63 3350.00 54000.00 1.0476
27900 300.00 -40.35 -20895.63 3350.00 54000.00 1.0476
28000 300.00 -40.35 -20895.63 3350.00 54000.00 1.0476
28100 300.00 -40.35 -20895.63 3350.00 54000.00 1.0476
28200 300.00 -40.35 -20895.63 3350.00 54000.00 1.0476
28300 300.00 -40.35 -20895.63 3350.00 54000.00 1.0476
28400 300.00 -40.35 -20895.63 3350.00 54000.00 1.0476
28500 300.00 -40.35 -20895.63 3350.00 54000.00 1.0476
28600 300.00 -40.35 -20895.63 3350.00 54000.00 1.0476
28700 300.00 -40.35 -20895.63 3350.00 54000.00 1.0476
28800 300.00 -40.35 -20895.63 3350.00 54000.00 1.0476
28900 300.00 -40.35 -20895.63 3350.00 54000.00 1.0476
29000 300.00 -40.35 -20895.63 3350.00 54000.00 1.0476
29100 300.00 -40.35 -20895.63 3350.00 54000.00 1.0476
29200 300.00 -40.35 -20895.63 3350.00 54000.00 1.0476
29300 300.00 -40.35 -20895.63 3350.00 54000.00 1.0476
29400 300.00 -40.35 -20895.63 3350.00 54000.00 1.0476
29500 300.00 -40.35 -20895.63 3350.00 54000.00 1.0476
29600 300.00 -40.35 -20895.63 3350.00 54000.00 1.0476
29700 300.00 -40.35 -20895.63 3350.00 54000.00 1.0476
29800 300.00 -40.35 -20895.63 3350.00 54000.00 1.0476
29900 300.00 -40.35 -20895.63 3350.00 54000.00 1.0476
30000 300.00 -40.35 -20895.63 3350.00 54000.00 1.0476
30100 300.00 -40.35 -20895.63 3350.00 54000.00 1.0476
30200 300.00 -40.35 -20895.63 3350.00 54000.00 1.0476
30300 300.00 -40.35 -20895.63 3350.00 54000.00 1.0476
30400 300.00 -40.35 -20895.63 3350.00 54000.00 1.0476
30500 300.00 -40.35 -20895.63 3350.00 54000.00 1.0476
30600 300.00 -40.35 -20895.63 3350.00 54000.00 1.0476
30700 300.00 -40.35 -20895.63 3350.00 54000.00 1.0476
30800 300.00 -40.35 -20895.63 3350.00 54000.00 1.0476
30900 300.00 -40.35 -20895.63 3350.00 54000.00 1.0476
31000 300.00 -40.35 -20895.63 3350.00 54000.00 1.0476
31100 300.00 -40.35 -20895.63 3350.00 54000.00 1.0476
31200 300.00 -40.35 -20895.63 3350.00 54000.00 1.0476
31300 300.00 -40.35 -20895.63 3350.00 54000.00 1.0476
31400 300.00 -40.35 -20895.63 3350.00 54000.00 1.0476
31500 300.00 -40.35 -20895.63 3350.00 54000.00 1.0476
31600 300.00 -40.35 -20895.63 3350.00 54000.00 1.0476
31700 300.00 -40.35 -20895.63 3350.00 54000.00 1.0476
31800 300.00 -40.35 -20895.63 3350.00 54000.00 1.0476
31900 300.00 -40.35 -20895.63 3350.00 54000.00 1.0476
32000 300.00 -40.35 -20895.63 3350.00 54000.00 1.0476
32100 300.00 -40.35 -20895.63 3350.00 54000.00 1.0476
32200 300.00 -40.35 -20895.63 3350.00 54000.00 1.0476
32300 300.00 -40.35 -20895.63 3350.00 54000.00 1.0476
32400 300.00 -40.35 -20895.63 3350.00 54000.00 1.0476
32500 300.00 -40.35 -20895.63 3350.00 54000.00 1.0476
32600 300.00 -40.35 -20895.63 3350.00 54000.00 1.0476
32700 300.00 -40.35 -20895.63 3350.00 54000.00 1.0476
32800 300.00 -40.35 -20895.63 3350.00 54000.00 1.0476
32900 300.00 -40.35 -20895.63 3350.00 54000.00 1.0476
33000 300.00 -40.35 -20895.63 3350.00 54000.00 1.0476
33100 300.00 -40.35 -20895.63 3350.00 54000.00 1.0476
33200 300.00 -40.35 -20895.63 3350.00 54000.00 1.0476
33300 300.00 -40.35 -20895.63 3350.00 54000.00 1.0476
33400 300.00 -40.35 -20895.63 3350.00 54000.00 1.0476
33500 300.00 -40.35 -20895.63 3350.00 54000.00 1.0476
33600 300.00 -40.35 -20895.63 3350.00 54000.00 1.0476
33700 300.00 -40.35 -20895.63 3350.00 54000.00 1.0476
33800 300.00 -40.35 -20895.63 3350.00 54000.00 1.0476
33900 300.00 -40.35 -20895.63 3350.00 54000.00 1.0476
34000 300.00 -40.35 -20895.63 3350.00 54000.00 1.0476
34100 300.00 -40.35 -20895.63 3350.00 54000.00 1.0476
34200 300.00 -40.35 -20895.63 3350.00 54000.00 1.0476
34300 300.00 -40.35 -20895.63 3350.00 54000.00 1.0476
34400 300.00 -40.35 -20895.63 3350.00 54000.00 1.0476
34500 300.00 -40.35 -20895.63 3350.00 54000.00 1.0476
34600 300.00 -40.35 -20895.63 3350.00 54000.00 1.0476
34700 300.00 -40.35 -20895.63 3350.00 54000.00 1.0476
34800 300.00 -40.35 -20895.63 3350.00 54000.00 1.0476
34900 300.00 -40.35 -20895.63 3350.00 54000.00 1.0476
35000 300.00 -40.35 -20895.63 3350.00 54000.00 1.0476
35100 300.00 -40.35 -20895.63 3350.00 54000.00 1.0476
35200 300.00 -40.35 -20895.63 3350.00 54000.00 1.0476
35300 300.00 -40.35 -20895.63 3350.00 54000.00 1.0476
35400 300.00 -40.35 -20895.63 3350.00 54000.00 1.0476
35500 300.00 -40.35 -20895.63 3350.00 54000.00 1.0476
35600 300.00 -40.35 -20895.63 3350.00 54000.00 1.0476
35700 300.00 -40.35 -20895.63 3350.00 54000.00 1.0476
35800 300.00 -40.35 -20895.63 3350.00 54000.00 1.0476
35900 300.00 -40.35 -20895.63 3350.00 54000.00 1.0476
36000 300.00 -40.35 -20895.63 3350.00 54000.00 1.0476
36100 300.00 -40.35 -20895.63 3350.00 54000.00 1.0476
36200 300.00 -40.35 -20895.63 3350.00 54000.00 1.0476
36300 300.00 -40.35 -20895.63 3350.00 54000.00 1.0476
36400 300.00 -40.35 -20895.63 3350.00 54000.00 1.0476
36500 300.00 -40.35 -20895.63 3350.00 54000.00 1.0476
36600 300.00 -40.35 -20895.63 3350.00 54000.00 1.0476
36700 300.00 -40.35 -20895.63 3350.00 54000.00 1.0476
36800 300.00 -40.35 -20895.63 3350.00 54000.00 1.0476
36900 300.00 -40.35 -20895.63 3350.00 54000.00 1.0476
37000 300.00 -40.35 -20895.63 3350.00 54000.00 1.0476
37100 300.00 -40.35 -20895.63 3350.00 54000.00 1.0476
37200 300.00 -40.35 -20895.63 3350.00 54000.00 1.0476
37300 300.00 -40.35 -20895.63 3350.00 54000.00 1.0476
37400 300.00 -40.35 -20895.63 3350.00 54000.00 1.0476
37500 300.00 -40.35 -20895.63 3350.00 54000.00 1.0476
37600 300.00 -40.35 -20895.63 3350.00 54000.00 1.0476
37700 300.00 -40.35 -20895.63 3350.00 54000.00 1.0476
37800 300.00 -40.35 -20895.63 3350.00 54000.00 1.0476
37900 300.00 -40.35 -20895.63 3350.00 54000.00 1.0476
38000 300.00 -40.35 -20895.63 3350.00 54000.00 1.0476
38100 300.00 -40.35 -20895.63 3350.00 54000.00 1.0476
38200 300.00 -40.35 -20895.63 3350.00 54000.00 1.0476
38300 300.00 -40.35 -20895.63 3350.00 54000.00 1.0476
38400 300.00 -40.35 -20895.63 3350.00 54000.00 1.0476
38500 300.00 -40.35 -20895.63 3350.00 54000.00 1.0476
38600 300.00 -40.35 -20895.63 3350.00 54000.00 1.0476
38700 300.00 -40.35 -20895.63 3350.00 54000.00 1.0476
38800 300.00 -40.35 -20895.63 3350.00 54000.00 1.0476
38900 300.00 -40.35 -20895.63 3350.00 54000.00 1.0476
39000 300.00 -40.35 -20895.63 3350.00 54000.00 1.0476
39100 300.00 -40.35 -20895.63 3350.00 54000.00 1.0476
39200 300.00 -40.35 -20895.63 3350.00 54000.00 1.0476
39300 300.00 -40.35 -20895.63 3350.00 54000.00 1.0476
39400 300.00 -40.35 -20895.63 3350.00 54000.00 1.0476
39500 300.00 -40.35 -20895.63 3350.00 54000.00 1.0476
39600 300.00 -40.35 -20895.63 3350.00 54000.00 1.0476
39700 300.00 -40.35 -20895.63 3350.00 54000.00 1.0476
39800 300.00 -40.35 -20895.63 3350.00 54000.00 1.0476
39900 300.00 -40.35 -20895.63 3350.00 54000.00 1.0476
40000 300.00 -40.35 -20895.63 3350.00 54000.00 1.0476
40100 300.00 -40.35 -20895.63 3350.00 54000.00 1.0476
40200 300.00 -40.35 -20895.63 3350.00 54000.00 1.0476
40300 300.00 -40.35 -20895.63 3350.00 54000.00 1.0476
40400 300.00 -40.35 -20895.63 3350.00 54000.00 1.0476
40500 300.00 -40.35 -20895.63 3350.00 54000.00 1.0476
40600 300.00 -40.35 -20895.63 3350.00 54000.00 1.0476
40700 300.00 -40.35 -20895.63 3350.00 54000.00 1.0476
40800 300.00 -40.35 -20895.63 3350.00 54000.00 1.0476
40900 300.00 -40.35 -20895.63 3350.00 54000.00 1.0476
41000 300.00 -40.35 -20895.63 3350.00 54000.00 1.0476
41100 300.00 -40.35 -20895.63 3350.00 54000.00 1.0476
41200 300.00 -40.35 -20895.63 3350.00 54000.00 1.0476
41300 300.00 -40.35 -20895.63 3350.00 54000.00 1.0476
41400 300.00 -40.35 -20895.63 3350.00 54000.00 1.0476
41500 300.00 -40.35 -20895.63 3350.00 54000.00 1.0476
41600 300.00 -40.35 -20895.63 3350.00 54000.00 1.0476
41700 300.00 -40.35 -20895.63 3350.00 54000.00 1.0476
41800 300.00 -40.35 -20895.63 3350.00 54000.00 1.0476
41900 300.00 -40.35 -20895.63 3350.00 54000.00 1.0476
42000 300.00 -40.35 -20895.63 3350.00 54000.00 1.0476
42100 300.00 -40.35 -20895.63 3350.00 54000.00 1.0476
42200 300.00 -40.35 -20895.63 3350.00 54000.00 1.0476
42300 300.00 -40.35 -20895.63 3350.00 54000.00 1.0476
42400 300.00 -40.35 -20895.63 3350.00 54000.00 1.0476
42500 300.00 -40.35 -20895.63 3350.00 54000.00 1.0476
42600 300.00 -40.35 -20895.63 3350.00 54000.00 1.0476
42700 300.00 -40.35 -20895.63 3350.00 54000.00 1.0476
42800 300.00 -40.35 -20895.63 3350.00 54000.00 1.0476
42900 300.00 -40.35 -20895.63 3350.00 54000.00 1.0476
43000 300.00 -40.35 -20895.63 3350.00 54000.00 1.0476
43100 300.00 -40.35 -20895.63 3350.00 54000.00 1.0476
43200 300.00 -40.35 -20895.63 3350.00 54000.00 1.0476
43300 300.00 -40.35 -20895.63 3350.00 54000.00 1.0476
43400 300.00 -40.35 -20895.63 3350.00 54000.00 1.0476
43500 300.00 -40.35 -20895.63 3350.00 54000.00 1.0476
43600 300.00 -40.35 -20895.63 3350.00 54000.00 1.0476
43700 300.00 -40.35 -20895.63 3350.00 54000.00 1.0476
43800 300.00 -40.35 -20895.63 3350.00 54000.00 1.0476
43900 300.00 -40.35 -20895.63 3350.00 54000.00 1.0476
44000 300.00 -40.35 -20895.63 3350.00 54000.00 1.0476
44100 300.00 -40.35 -20895.63 3350.00 54000.00 1.0476
44200 300.00 -40.35 -20895.63 3350.00 54000.00 1.0476
44300 300.00 -40.35 -20895.63 3350.00 54000.00 1.0476
44400 300.00 -40.35 -20895.63 3350.00 54000.00 1.0476
44500 300.00 -40.35 -20895.63 3350.00 54000.00 1.0476
44600 300.00 -40.35 -20895.63 3350.00 54000.00 1.0476
44700 300.00 -40.35 -20895.63 3350.00 54000.00 1.0476
44800 300.00 -40.35 -20895.63 3350.00 54000.00 1.0476
44900 300.00 -40.35 -20895.63 3350.00 54000.00 1.0476
45000 300.00 -40.35 -20895.63 3350.00 54000.00 1.0476
45100 300.00 -40.35 -20895.63 3350.00 54000.00 1.0476
45200 300.00 -40.35 -20895.63 3350.00 54000.00 1.0476
45300 300.00 -40.35 -20895.63 3350.00 54000.00 1.0476
45400 300.00 -40.35 -20895.63 3350.00 54000.00 1.0476
45500 300.00 -40.35 -20895.63 3350.00 54000.00 1.0476
45600 300.00 -40.35 -20895.63 3350.00 54000.00 1.0476
45700 300.00 -40.35 -20895.63 3350.00 54000.00 1.0476
45800 300.00 -40.35 -20895.63 3350.00 54000.00 1.0476
45900 300.00 -40.35 -20895.63 3350.00 54000.00 1.0476
46000 300.00 -40.35 -20895.63 3350.00 54000.00 1.0476
46100 300.00 -40.35 -20895.63 3350.00 54000.00 1.0476
46200 300.00 -40.35 -20895.63 3350.00 54000.00 1.0476
46300 300.00 -40.35 -20895.63 3350.00 54000.00 1.0476
46400 300.00 -40.35 -20895.63 3350.00 54000.00 1.0476
46500 300.00 -40.35 -20895.63 3350.00 54000.00 1.0476
46600 300.00 -40.35 -20895.63 3350.00 54000.00 1.0476
46700 300.00 -40.35 -20895.63 3350.00 54000.00 1.0476
46800 300.00 -40.35 -20895.63 3350.00 54000.00 1.0476
46900 300.00 -40.35 -20895.63 3350.00 54000.00 1.0476
47000 300.00 -40.35 -20895.63 3350.00 54000.00 1.0476
47100 300.00 -40.35 -20895.63 3350.00 54000.00 1.0476
47200 300.00 -40.35 -20895.63 3350.00 54000.00 1.0476
47300 300.00 -40.35 -20895.63 3350.00 54000.00 1.0476
47400 300.00 -40.35 -20895.63 3350.00 54000.00 1.0476
47500 300.00 -40.35 -20895.63 3350.00 54000.00 1.0476
47600 300.00 -40.35 -20895.63 3350.00 54000.00 1.0476
47700 300.00 -40.35 -20895.63 3350.00 54000.00 1.0476
47800 300.00 -40.35 -20895.63 3350.00 54000.00 1.0476
47900 300.00 -40.35 -20895.63 3350.00 54000.00 1.0476
48000 300.00 -40.35 -20895.63 3350.00 54000.00 1.0476
48100 300.00 -40.35 -20895.63 3350.00 54000.00 1.0476
48200 300.00 -40.35 -20895.63 3350.00 54000.00 1.0476
48300 300.00 -40.35 -20895.63 3350.00 54000.00 1.0476
48400 300.00 -40.35 -20895.63 3350.00 54000.00 1.0476
48500 300.00 -40.35 -20895.63 3350.00 54000.00 1.0476
48600 300.00 -40.35 -20895.63 3350.00 54000.00 1.0476
48700 300.00 -40.35 -20895.63 3350.00 54000.00 1.0476
48800 300.00 -40.35 -20895.63 3350.00 54000.00 1.0476
48900 300.00 -40.35 -20895.63 3350.00 54000.00 1.0476
49000 300.00 -40.35 -20895.63 3350.00 54000.00 1.0476
49100 300.00 -40.35 -20895.63 3350.00 54000.00 1.0476
49200 300.00 -40.35 -20895.63 3350.00 54000.00 1.0476
49300 300.00 -40.35 -20895.63 3350.00 54000.00 1.0476
49400 300.00 -40.35 -20895.63 3350.00 54000.00 1.0476
49500 300.00 -40.35 -20895.63 3350.00 54000.00 1.0476
49600 300.00 -40.35 -20895.63 3350.00 54000.00 1.0476
49700 300.00 -40.35 -20895.63 3350.00 54000.00 1.0476
49800 300.00 -40.35 -20895.63 3350.00 54000.00 1.0476
49900 300.00 -40.35 -20895.63 3350.00 54000.00 1.0476
50000 300.00 -40.35 -20895.63 3350.00 54000.00 1.0476
50100 300.00 -40.35 -20895.63 3350.00 54000.00 1.0476
50200 300.00 -40.35 -20895.63 3350.00 54000.00 1.0476
50300 300.00 -40.35 -20895.63 3350.00 54000.00 1.0476
50400 300.00 -40.35 -20895.63 3350.00 54000.00 1.0476
50500 300.00 -40.35 -20895.63 3350.00 54000.00 1.0476
50600 300.00 -40.35 -20895.63 3350.00 54000.00 1.0476
50700 300.00 -40.35 -20895.63 3350.00 54000.00 1.0476
50800 300.00 -40.35 -20895.63 3350.00 54000.00 1.0476
50900 300.00 -40.35 -20895.63 3350.00 54000.00 1.0476
51000 300.00 -40.35 -20895.63 3350.00 54000.00 1.0476
51100 300.00 -40.35 -20895.63 3350.00 54000.00 1.0476
51200 300.00 -40.35 -20895.63 3350.00 54000.00 1.0476
51300 300.00 -40.35 -20895.63 3350.00 54000.00 1.0476
51400 300.00 -40.35 -20895.63 3350.00 54000.00 1.0476
51500 300.00 -40.35 -20895.63 3350.00 54000.00 1.0476
51600 300.00 -40.35 -20895.63 3350.00 54000.00 1.0476
51700 300.00 -40.35 -20895.63 3350.00 54000.00 1.0476
51800 300.00 -40.35 -20895.63 3350.00 54000.00 1.0476
51900 300.00 -40.35 -20895.63 3350.00 54000.00 1.0476
52000 300.00 -40.35 -20895.63 3350.00 54000.00 1.0476
52100 300.00 -40.35 -20895.63 3350.00 54000.00 1.0476
52200 300.00 -40.35 -20895.63 3350.00 54000.00 1.0476
52300 300.00 -40.35 -20895.63 3350.00 54000.00 1.0476
52400 300.00 -40.35 -20895.63 3350.00 54000.00 1.0476
52500 300.00 -40.35 -20895.63 3350.00 54000.00 1.0476
52600 300.00 -40.35 -20895.63 3350.00 54000.00 1.0476
52700 300.00 -40.35 -20895.63 3350.00 54000.00 1.0476
52800 300.00 -40.35 -20895.63 3350.00 54000.00 1.0476
52900 300.00 -40.35 -20895.63 3350.00 54000.00 1.0476
53000 300.00 -40.35 -20895.63 3350.00 54000.00 1.0476
53100 300.00 -40.35 -20895.63 3350.00 54000.00 1.0476
53200 300.00 -40.35 -20895.63 3350.00 54000.00 1.0476
53300 300.00 -40.35 -20895.63 3350.00 54000.00 1.0476
53400 300.00 -40.35 -20895.63 3350.00 54000.00 1.0476
53500 300.00 -40.35 -20895.63 3350.00 54000.00 1.0476
53600 300.00 -40.35 -20895.63 3350.00 54000.00 1.0476
53700 300.00 -40.35 -20895.63 3350.00 54000.00 1.0476
53800 300.00 -40.35 -20895.63 3350.00 54000.00 1.0476
53900 300.00 -40.35 -20895.63 3350.00 54000.00 1.0476
54000 300.00 -40.35 -20895.63 3350.00 54000.00 1.0476
54100 300.00 -40.35 -20895.63 3350.00 54000.00 1.0476
54200 300.00 -40.35 -20895.63 3350.00 54000.00 1.0476
54300 300.00 -40.35 -20895.63 3350.00 54000.00 1.0476
54400 300.00 -40.35 -20895.63 3350.00 54000.00 1.0476
54500 300.00 -40.35 -20895.63 3350.00 54000.00 1.0476
54600 300.00 -40.35 -20895.63 3350.00 54000.00 1.0476
54700 300.00 -40.35 -20895.63 3350.00 54000.00 1.0476
54800 300.00 -40.35 -20895.63 3350.00 54000.00 1.0476
54900 300.00 -40.35 -20895.63 3350.00 54000.00 1.0476
55000 300.00 -40.35 -20895.63 3350.00 54000.00 1.0476
55100 300.00 -40.35 -20895.63 3350.00 54000.00 1.0476
55200 300.00 -40.35 -20895.63 3350.00 54000.00 1.0476
55300 300.00 -40.35 -20895.63 3350.00 54000.00 1.0476
55400 300.00 -40.35 -20895.63 3350.00 54000.00 1.0476
55500 300.00 -40.35 -20895.63 3350.00 54000.00 1.0476
55600 300.00 -40.35 -20895.63 3350.00 54000.00 1.0476
55700 300.00 -40.35 -20895.63 3350.00 54000.00 1.0476
55800 300.00 -40.35 -20895.63 3350.00 54000.00 1.0476
55900 300.00 -40.35 -20895.63 3350.00 54000.00 1.0476
56000 300.00 -40.35 -20895.63 3350.00 54000.00 1.0476
56100 300.00 -40.35 -20895.63 3350.00 54000.00 1.0476
56200 300.00 -40.35 -20895.63 3350.00 54000.00 1.0476
56300 300.00 -40.35 -20895.63 3350.00 54000.00 1.0476
56400 300.00 -40.35 -20895.63 3350.00 54000.00 1.0476
56500 300.00 -40.35 -20895.63 3350.00 54000.00 1.0476
56600 300.00 -40.35 -20895.63 3350.00 54000.00 1.0476
56700 300.00 -40.35 -20895.63 3350.00 54000.00 1.0476
56800 300.00 -40.35 -20895.63 3350.00 54000.00 1.0476
56900 300.00 -40.35 -20895.63 3350.00 54000.00 1.0476
57000 300.00 -40.35 -20895.63 3350.00 54000.00 1.0476
57100 300.00 -40.35 -20895.63 3350.00 54000.00 1.0476
57200 300.00 -40.35 -20895.63 3350.00 54000.00 1.0476
57300 300.00 -40.35 -20895.63 3350.00 54000.00 1.0476
57400 300.00 -40.35 -20895.63 3350.00 54000.00 1.0476
57500 300.00 -40.35 -20895.63 3350.00 54000.00 1.0476
57600 300.00 -40.35 -20895.63 3350.00 54000.00 1.0476
57700 300.00 -40.35 -20895.63 3350.00 54000.00 1.0476
57800 300.00 -40.35 -20895.63 3350.00 54000.00 1.0476
57900 300.00 -40.35 -20895.63 3350.00 54000.00 1.0476
58000 300.00 -40.35 -20895.63 3350.00 54000.00 1.0476
58100 300.00 -40.35 -20895.63 3350.00 54000.00 1.0476
58200 300.00 -40.35 -20895.63 3350.00 54000.00 1.0476
58300 300.00 -40.35 -20895.63 3350.00 54000.00 1.0476
58400 300.00 -40.35 -20895.63 3350.00 54000.00 1.0476
58500 300.00 -40.35 -20895.63 3350.00 54000.00 1.0476
58600 300.00 -40.35 -20895.63 3350.00 54000.00 1.0476
58700 300.00 -40.35 -20895.63 3350.00 54000.00 1.0476
58800 300.00 -40.35 -20895.63 3350.00 54000.00 1.0476
58900 300.00 -40.35 -20895.63 3350.00 54000.00 1.0476
59000 300.00 -40.35 -20895.63 3350.00 54000.00 1.0476
59100 300.00 -40.35 -20895.63 3350.00 54000.00 1.0476
59200 300.00 -40.35 -20895.63 3350.00 54000.00 1.0476
59300 300.00 -40.35 -20895.63 3350.00 54000.00 1.0476
59400 300.00 -40.35 -20895.63 3350.00 54000.00 1.0476
59500 300.00 -40.35 -20895.63 3350.00 54000.00 1.0476
59600 300.00 -40.35 -20895.63 3350.00 54000.00 1.0476
59700 300.00 -40.35 -20895.63 3350.00 54000.00 1.0476
59800 300.00 -40.35 -20895.63 3350.00 54000.00 1.0476
59900 300.00 -40.35 -20895.63 3350.00 54000.00 1.0476
60000 300.00 -40.35 -20895.63 3350.00 54000.00 1.0476
60100 300.00 -40.35 -20895.63 3350.00 54000.00 1.0476
60200 300.00 -40.35 -20895.63 3350.00 54000.00 1.0476
60300 300.00 -40.35 -20895.63 3350.00 54000.00 1.0476
60400 300.00 -40.35 -20895.63 3350.00 54000.00 1.0476
60500 300.00 -40.35 -20895.63 3350.00 54000.00 1.0476
60600 300.00 -40.35 -20895.63 3350.00 54000.00 1.0476
60700 300.00 -40.35 -20895.63 3350.00 54000.00 1.0476
60800 300.00 -40.35 -20895.63 3350.00 54000.00 1.0476
60900 300.00 -40.35 -20895.63 3350.00 54000.00 1.0476
61000 300.00 -40.35 -20895.63 3350.00 54000.00 1.0476
61100 300.00 -40.35 -20895.63 3350.00 54000.00 1.0476
61200 300.00 -40.35 -20895.63 3350.00 54000.00 1.0476
61300 300.00 -40.35 -20895.63 3350.00 54000.00 1.0476
61400 300.00 -40.35 -20895.63 3350.00 54000.00 1.0476
61500 300.00 -40.35 -20895.63 3350.00 54000.00 1.0476
61600 300.00 -40.35 -20895.63 3350.00 54000.00 1.0476
61700 300.00 -40.35 -20895.63 3350.00 54000.00 1.0476
61800 300.00 -40.35 -20895.63 3350.00 54000.00 1.0476
61900 300.00 -40.35 -20895.63 3350.00 54000.00 1.0476
62000 300.00 -40.35 -20895.63 3350.00 54000.00 1.0476
62100 300.00 -40.35 -20895.63 3350.00 54000.00 1.0476
62200 300.00 -40.35 -20895.63 3350.00 54000.00 1.0476
62300 300.00 -40.35 -20895.63 3350.00 54000.00 1.0476
62400 300.00 -40.35 -20895.63 3350.00 54000.00 1.0476
62500 300.00 -40.35 -20895.63 3350.00 54000.00 1.0476
62600 300.00 -40.35 -20895.63 3350.00 54000.00 1.0476
62700 300.00 -40.35 -20895.63 3350.00 54000.00 1.0476
62800 300.00 -40.35 -20895.63 3350.00 54000.00 1.0476
62900 300.00 -40.35 -20895.63 3350.00 54000.00 1.0476
63000 300.00 -40.35 -20895.63 3350.00 54000.00 1.0476
63100 300.00 -40.35 -20895.63 3350.00 54000.00 1.0476
63200 300.00 -40.35 -20895.63 3350.00 54000.00 1.0476
63300 300.00 -40.35 -20895.63 3350.00 54000.00 1.0476
63400 300.00 -40.35 -20895.63 3350.00 54000.00 1.0476
63500 300.00 -40.35 -20895.63 3350.00 54000.00 1.0476
63600 300.00 -40.35 -20895.63 3350.00 54000.00 1.0476
63700 300.00 -40.35 -20895.63 3350.00 54000.00 1.0476
63800 300.00 -40.35 -20895.63 3350.00 54000.00 1.0476
63900 300.00 -40.35 -20895.63 3350.00 54000.00 1.0476
64000 300.00 -40.35 -20895.63 3350.00 54000.00 1.0476
64100 300.00 -40.35 -20895.63 3350.00 54000.00 1.0476
64200 300.00 -40.35 -20895.63 3350.00 54000.00 1.0476
64300 300.00 -40.35 -20895.63 3350.00 54000.00 1.0476
64400 300.00 -40.35 -20895.63 3350.00 54000.00 1.0476
64500 300.00 -40.35 -20895.63 3350.00 54000.00 1.0476
64600 300.00 -40.35 -20895.63 3350.00 54000.00 1.0476
64700 300.00 -40.35 -20895.63 3350.00 54000.00 1.0476
64800 300.00 -40.35 -20895.63 3350.00 54000.00 1.0476
64900 300.00 -40.35 -20895.63 3350.00 54000.00 1.0476
65000 300.00 -40.35 -20895.63 3350.00 54000.00 1.0476
65100 300.00 -40.35 -20895.63 3350.00 54000.00 1.0476
65200 300.00 -40.35 -20895.63 3350.00 54000.00 1.0476
65300 300.00 -40.35 -20895.63 3350.00 54000.00 1.0476
65400 300.00 -40.35 -20895.63 3350.00 54000.00 1.0476
65500 300.00 -40.35 -20895.63 3350.00 54000.00 1.0476
65600 300.00 -40.35 -20895.63 3350.00 54000.00 1.0476
65700 300.00 -40.35 -20895.63 3350.00 54000.00 1.0476
65800 300.00 -40.35 -20895.63 3350.00 54000.00 1.0476
65900 300.00 -40.35 -20895.63 3350.00 54000.00 1.0476
66000 300.00 -40.35 -20895.63 3350.00 54000.00 1.0476
66100 300.00 -40.35 -20895.63 3350.00 54000.00 1.0476
66200 300.00 -40.35 -20895.63 3350.00 54000.00 1.0476
66300 300.00 -40.35 -20895.63 3350.00 54000.00 1.0476
66400 300.00 -40.35 -20895.63 3350.00 54000.00 1.0476
66500 300.00 -40.35 -20895.63 3350.00 54000.00 1.0476
66600 300.00 -40.35 -20895.63 3350.00 54000.00 1.0476
66700 300.00 -40.35 -20895.63 3350.00 54000.00 1.0476
66800 300.00 -40.35 -20895.63 3350.00 54000.00 1.0476
66900 300.00 -40.35 -20895.63 3350.00 54000.00 1.0476
67000 300.00 -40.35 -20895.63 3350.00 54000.00 1.0476
67100 300.00 -40.35 -20895.63 3350.00 54000.00 1.0476
67200 300.00 -40.35 -20895.63 3350.00 54000.00 1.0476
67300 300.00 -40.35 -20895.63 3350.00 54000.00 1.0476
67400 300.00 -40.35 -20895.63 3350.00 54000.00 1.0476
67500 300.00 -40.35 -20895.63 3350.00 54000.00 1.0476
67600 300.00 -40.35 -20895.63 3350.00 54000.00 1.0476
67700 300.00 -40.35 -20895.63 3350.00 54000.00 1.0476
67800 300.00 -40.35 -20895.63 3350.00 54000.00 1.0476
67900 300.00 -40.35 -20895.63 3350.00 54000.00 1.0476
68000 300.00 -40.35 -20895.63 3350.00 54000.00 1.0476
68100 300.00 -40.35 -20895.63 3350.00 54000.00 1.0476
68200 300.00 -40.35 -20895.63 3350.00 54000.00 1.0476
68300 300.00 -40.35 -20895.63 3350.00 54000.00 1.0476
68400 300.00 -40.35 -20895.63 3350.00 54000.00 1.0476
68500 300.00 -40.35 -20895.63 3350.00 54000.00 1.0476
68600 300.00 -40.35 -20895.63 3350.00 54000.00 1.0476
68700 300.00 -40.35 -20895.63 3350.00 54000.00 1.0476
68800 300.00 -40.35 -20895.63 3350.00 54000.00 1.0476
68900 300.00 -40.35 -20895.63 3350.00 54000.00 1.0476
69000 300.00 -40.35 -20895.63 3350.00 54000.00 1.0476
69100 300.00 -40.35 -20895.63 3350.00 54000.00 1.0476
69200 300.00 -40.35 -20895.63 3350.00 54000.00 1.0476
69300 300.00 -40.35 -20895.63 3350.00 54000.00 1.0476
69400 300.00 -40.35 -20895.63 3350.00 54000.00 1.0476
69500 300.00 -40.35 -20895.63 3350.00 54000.00 1.0476
69600 300.00 -40.35 -20895.63 3350.00 54000.00 1.0476
69700 300.00 -40.35 -20895.63 3350.00 54000.00 1.0476
69800 300.00 -40.35 -20895.63 3350.00 54000.00 1.0476
69900 300.00 -40.35 -20895.63 3350.00 54000.00 1.0476
70000 300.00 -40.35 -20895.63 3350.00 54000.00 1.0476
70100 300.00 -40.35 -20895.63 3350.00 54000.00 1.0476
70200 300.00 -40.35 -20895.63 3350.00 54000.00 1.0476
70300 300.00 -40.35 -20895.63 3350.00 54000.00 1.0476
70400 300.00 -40.35 -20895.63 3350.00 54000.00 1.0476
70500 300.00 -40.35 -20895.63 3350.00 54000.00 1.0476
70600 300.00 -40.35 -20895.63 3350.00 54000.00 1.0476
70700 300.00 -40.35 -20895.63 3350.00 54000.00 1.0476
70800 300.00 -40.35 -20895.63 3350.00 54000.00 1.0476
70900 300.00 -40.35 -20895.63 3350.00 54000.00 1.0476
71000 300.00 -40.35 -20895.63 3350.00 54000.00 1.0476
71100 300.00 -40.35 -20895.63 3350.00 54000.00 1.0476
71200 300.00 -40.35 -20895.63 3350.00 54000.00 1.0476
71300 300.00 -40.35 -20895.63 3350.00 54000.00 1.0476
71400 300.00 -40.35 -20895.63 3350.00 54000.00 1.0476
71500 300.00 -40.35 -20895.63 3350.00 54000.00 1.0476
71600 300.00 -40.35 -20895.63 3350.00 54000.00 1.0476
71700 300.00 -40.35 -20895.63 3350.00 54000.00 1.0476
71800 300.00 -40.35 -20895.63 3350.00 54000.00 1.0476
71900 300.00 -40.35 -20895.63 3350.00 54000.00 1.0476
72000 300.00 -40.35 -20895.63 3350.00 54000.00 1.0476
72100 300.00 -40.35 -20895.63 3350.00 54000.00 1.0476
72200 300.00 -40.35 -20895.63 3350.00 54000.00 1.0476
72300 300.00 -40.35 -20895.63 3350.00 54000.00 1.0476
72400 300.00 -40.35 -20895.63 3350.00 54000.00 1.0476
72500 300.00 -40.35 -20895.63 3350.00 54000.00 1.0476
72600 300.00 -40.35 -20895.63 3350.00 54000.00 1.0476
72700 300.00 -40.35 -20895.63 3350.00 54000.00 1.0476
72800 300.00 -40.35 -20895.63 3350.00 54000.00 1.0476
72900 300.00 -40.35 -20895.63 3350.00 54000.00 1.0476
73000 300.00 -40.35 -20895.63 3350.00 54000.00 1.0476
73100 300.00 -40.35 -20895.63 3350.00 54000.00 1.0476
73200 300.00 -40.35 -20895.63 3350.00 54000.00 1.0476
73300 300.00 -40.35 -20895.63 3350.00 54000.00 1.0476
73400 300.00 -40.35 -20895.63 3350.00 54000.00 1.0476
73500 300.00 -40.35 -20895.63 3350.00 54000.00 1.0476
73600 300.00 -40.35 -20895.63 3350.00 54000.00 1.0476
73700 300.00 -40.35 -20895.63 3350.00 54000.00 1.0476
73800 300.00 -40.35 -20895.63 3350.00 54000.00 1.0476
73900 300.00 -40.35 -20895.63 3350.00 54000.00 1.0476
74000 300.00 -40.35 -20895.63 3350.00 54000.00 1.0476
74100 300.00 -40.35 -20895.63 3350.00 54000.00 1.0476
74200 300.00 -40.35 -20895.63 3350.00 54000.00 1.0476
74300 300.00 -40.35 -20895.63 3350.00 54000.00 1.0476
74400 300.00 -40.35 -20895.63 3350.00 54000.00 1.0476
74500 300.00 -40.35 -20895.63 3350.00 54000.00 1.0476
74600 300.00 -40.35 -20895.63 3350.00 54000.00 1.0476
74700 300.00 -40.35 -20895.63 3350.00 54000.00 1.0476
74800 300.00 -40.35 -20895.63 3350.00 54000.00 1.0476
74900 300.00 -40.35 -20895.63 3350.00 54000.00 1.0476
75000 300.00 -40.35 -20895.63 3350.00 54000.00 1.0476
75100 300.00 -40.35 -20895.63 3350.00 54000.00 1.0476
75200 300.00 -40.35 -20895.63 3350.00 54000.00 1.0476
75300 300.00 -40.35 -20895.63 3350.00 54000.00 1.0476
75400 300.00 -40.35 -20895.63 3350.00 54000.00 1.0476
75500 300.00 -40.35 -20895.63 3350.00 54000.00 1.0476
75600 300.00 -40.35 -20895.63 3350.00 54000.00 1.0476
75700 300.00 -40.35 -20895.63 3350.00 54000.00 1.0476
75800 300.00 -40.35 -20895.63 3350.00 54000.00 1.0476
75900 300.00 -40.35 -20895.63 3350.00 54000.00 1.0476
76000 300.00 -40.35 -20895.63 3350.00 54000.00 1.0476
76100 300.00 -40.35 -20895.63 3350.00 54000.00 1.0476
76200 300.00 -40.35 -20895.63 3350.00 54000.00 1.0476
76300 300.00 -40.35 -20895.63 3350.00 54000.00 1.0476
76400 300.00 -40.35 -20895.63 3350.00 54000.00 1.0476
76500 300.00 -40.35 -20895.63 3350.00 54000.00 1.0476
76600 300.00 -40.35 -20895.63 3350.00 54000.00 1.0476
76700 300.00 -40.35 -20895.63 3350.00 54000.00 1.0476
76800 300.00 -40.35 -20895.63 3350.00 54000.00 1.0476
76900 300.00 -40.35 -20895.63 3350.00 54000.00 1.0476
77000 300.00 -40.35 -20895.63 3350.00 54000.00 1.0476
77100 300.00 -40.35 -20895.63 3350.00 54000.00 1.0476
77200 300.00 -40.35 -20895.63 3350.00 54000.00 1.0476
77300 300.00 -40.35 -20895.63 3350.00 54000.00 1.0476
77400 300.00 -40.35 -20895.63 3350.00 54000.00 1.0476
77500 300.00 -40.35 -20895.63 3350.00 54000.00 1.0476
77600 300.00 -40.35 -20895.63 3350.00 54000.00 1.0476
77700 300.00 -40.35 -20895.63 3350.00 54000.00 1.0476
77800 300.00 -40.35 -20895.63 3350.00 54000.00 1.0476
77900 300.00 -40.35 -20895.63 3350.00 54000.00 1.0476
78000 300.00 -40.35 -20895.63 3350.00 54000.00 1.0476
78100 300.00 -40.35 -20895.63 3350.00 54000.00 1.0476
78200 300.00 -40.35 -20895.63 3350.00 54000.00 1.0476
78300 300.00 -40.35 -20895.63 3350.00 54000.00 1.0476
78400 300.00 -40.35 -20895.63 3350.00 54000.00 1.0476
78500 300.00 -40.35 -20895.63 3350.00 54000.00 1.0476
78600 300.00 -40.35 -20895.63 3350.00 54000.00 1.0476
78700 300.00 -40.35 -20895.63 3350.00 54000.00 1.0476
78800 300.00 -40.35 -20895.63 3350.00 54000.00 1.0476
78900 300.00 -40.35 -20895.63 3350.00 54000.00 1.0476
79000 300.00 -40.35 -20895.63 3350.00 54000.00 1.0476
79100 300.00 -40.35 -20895.63 3350.00 54000.00 1.0476
79200 300.00 -40.35 -20895.63 3350.00 54000.00 1.0476
79300 300.00 -40.35 -20895.63 3350.00 54000.00 1.0476
79400 300.00 -40.35 -20895.63 3350.00 54000.00 1.0476
79500 300.00 -40.35 -20895.63 3350.00 54000.00 1.0476
79600 300.00 -40.35 -20895.63 3350.00 54000.00 1.0476
79700 300.00 -40.35 -20895.63 3350.00 54000.00 1.0476
79800 300.00 -40.35 -20895.63 3350.00 54000.00 1.0476
79900 300.00 -40.35 -20895.63 3350.00 54000.00 1.0476
80000 300.00 -40.35 -20895.63 3350.00 54000.00 1.0476
80100 300.00 -40.35 -20895.63 3350.00 54000.00 1.0476
80200 300.00 -40.35 -20895.63 3350.00 54000.00 1.0476
80300 300.00 -40.35 -20895.63 3350.00 54000.00 1.0476
80400 300.00 -40.35 -20895.63 3350.00 54000.00 1.0476
80500 300.00 -40.35 -20895.63 3350.00 54000.00 1.0476
80600 300.00 -40.35 -20895.63 3350.00 54000.00 1.0476
80700 300.00 -40.35 -20895.63 3350.00 54000.00 1.0476
80800 300.00 -40.35 -20895.63 3350.00 54000.00 1.0476
80900 300.00 -40.35 -20895.63 3350.00 54000.00 1.0476
81000 300.00 -40.35 -20895.63 3350.00 54000.00 1.0476
81100 300.00 -40.35 -20895.63 3350.00 54000.00 1.0476
81200 300.00 -40.35 -20895.63 3350.00 54000.00 1.0476
81300 300.00 -40.35 -20895.63 3350.00 54000.00 1.0476
81400 300.00 -40.35 -20895.63 3350.00 54000.00 1.0476
81500 300.00 -40.35 -20895.63 3350.00 54000.00 1.0476
81600 300.00 -40.35 -20895.63 3350.00 54000.00 1.0476
81700 300.00 -40.35 -20895.63 3350.00 54000.00 1.0476
81800 300.00 -40.35 -20895.63 3350.00 54000.00 1.0476
81900 300.00 -40.35 -20895.63 3350.00 54000.00 1.0476
82000 300.00 -40.35 -20895.63 3350.00 54000.00 1.0476
82100 300.00 -40.35 -20895.63 3350.00 54000.00 1.0476
82200 300.00 -40.35 -20895.63 3350.00 54000.00 1.0476
82300 300.00 -40.35 -20895.63 3350.00 54000.00 1.0476
82400 300.00 -40.35 -20895.63 3350.00 54000.00 1.0476
82500 300.00 -40.35 -20895.63 3350.00 54000.00 1.0476
82600 300.00 -40.35 -20895.63 3350.00 54000.00 1.0476
82700 300.00 -40.35 -20895.63 3350.00 54000.00 1.0476
82800 300.00 -40.35 -20895.63 3350.00 54000.00 1.0476
82900 300.00 -40.35 -20895.63 3350.00 54000.00 1.0476
83000 300.00 -40.35 -20895.63 3350.00 54000.00 1.0476
83100 300.00 -40.35 -20895.63 3350.00 54000.00 1.0476
83200 300.00 -40.35 -20895.63 3350.00 54000.00 1.0476
83300 300.00 -40.35 -20895.63 3350.00 54000.00 1.0476
83400 300.00 -40.35 -20895.63 3350.00 54000.00 1.0476
83500 300.00 -40.35 -20895.63 3350.00 54000.00 1.0476
83600 300.00 -40.35 -20895.63 3350.00 54000.00 1.0476
83700 300.00 -40.35 -20895.63 3350.00 54000.00 1.0476
83800 300.00 -40.35 -20895.63 3350.00 54000.00 1.0476
83900 300.00 -40.35 -20895.63 3350.00 54000.00 1.0476
84000 300.00 -40.35 -20895.63 3350.00 54000.00 1.0476
84100 300.00 -40.35 -20895.63 3350.00 54000.00 1.0476
84200 300.00 -40.35 -20895.63 3350.00 54000.00 1.0476
84300 300.00 -40.35 -20895.63 3350.00 54000.00 1.0476
84400 300.00 -40.35 -20895.63 3350.00 54000.00 1.0476
84500 300.00 -40.35 -20895.63 3350.00 54000.00 1.0476
84600 300.00 -40.35 -20895.63 3350.00 54000.00 1.0476
84700 300.00 -40.35 -20895.63 3350.00 54000.00 1.0476
84800 300.00 -40.35 -20895.63 3350.00 54000.00 1.0476
84900 300.00 -40.35 -20895.63 3350.00 54000.00 1.0476
85000 300.00 -40.35 -20895.63 3350.00 54000.00 1.0476
85100 300.00 -40.35 -20895.63 3350.00 54000.00 1.0476
85200 300.00 -40.35 -20895.63 3350.00 54000.00 1.0476
85300 300.00 -40.35 -20895.63 3350.00 54000.00 1.0476
85400 300.00 -40.35 -20895.63 3350.00 54000.00 1.0476
85500 300.00 -40.35 -20895.63 3350.00 54000.00 1.0476
85600 300.00 -40.35 -20895.63 3350.00 54000.00 1.0476
85700 300.00 -40.35 -20895.63 3350.00 54000.00 1.0476
85800 300.00 -40.35 -20895.63 3350.00 54000.00 1.0476
85900 300.00 -40.35 -20895.63 3350.00 54000.00 1.0476
86000 300.00 -40.35 -20895.63 3350.00 54000.00 1.0476
86100 300.00 -40.35 -20895.63 3350.00 54000.00 1.0476
86200 300.00 -40.35 -20895.63 3350.00 54000.00 1.0476
86300 300.00 -40.35 -20895.63 3350.00 54000.00 1.0476
86400 300.00 -40.35 -20895.63 3350.00 54000.00 1.0476
86500 300.00 -40.35 -20895.63 3350.00 54000.00 1.0476
86600 300.00 -40.35 -20895.63 3350.00 54000.00 1.0476
86700 300.00 -40.35 -20895.63 3350.00 54000.00 1.0476
86800 300.00 -40.35 -20895.63 3350.00 54000.00 1.0476
86900 300.00 -40.35 -20895.63 3350.00 54000.00 1.0476
87000 300.00 -40.35 -20895.63 3350.00 54000.00 1.0476
87100 300.00 -40.35 -20895.63 3350.00 54000.00 1.0476
87200 300.00 -40.35 -20895.63 3350.00 54000.00 1.0476
87300 300.00 -40.35 -20895.63 3350.00 54000.00 1.0476
87400 300.00 -40.35 -20895.63 3350.00 54000.00 1.0476
87500 300.00 -40.35 -20895.63 3350.00 54000.00 1.0476
87600 300.00 -40.35 -20895.63 3350.00 54000.00 1.0476
87700 300.00 -40.35 -20895.63 3350.00 54000.00 1.0476
87800 300.00 -40.35 -20895.63 3350.00 54000.00 1.0476
87900 300.00 -40.35 -20895.63 3350.00 54000.00 1.0476
88000 300.00 -40.35 -20895.63 3350.00 54000.00 1.0476
88100 300.00 -40.35 -20895.63 3350.00 54000.00 1.0476
88200 300.00 -40.35 -20895.63 3350.00 54000.00 1.0476
88300 300.00 -40.35 -20895.63 3350.00 54000.00 1.0476
88400 300.00 -40.35 -20895.63 3350.00 54000.00 1.0476
88500 300.00 -40.35 -20895.63 3350.00 54000.00 1.0476
88600 300.00 -40.35 -20895.63 3350.00 54000.00 1.0476
88700 300.00 -40.35 -20895.63 3350.00 54000.00 1.0476
88800 300.00 -40.35 -20895.63 3350.00 54000.00 1.0476
88900 300.00 -40.35 -20895.63 3350.00 54000.00 1.0476
89000 300.00 -40.35 -20895.63 3350.00 54000.00 1.0476
89100 300.00 -40.35 -20895.63 3350.00 54000.00 1.0476
89200 300.00 -40.35 -20895.63 3350.00 54000.00 1.0476
89300 300.00 -40.35 -20895.63 3350.00 54000.00 1.0476
89400 300.00 -40.35 -20895.63 3350.00 54000.00 1.0476
89500 300.00 -40.35 -20895.63 3350.00 54000.00 1.0476
89600 300.00 -40.35 -20895.63 3350.00 54000.00 1.0476
89700 300.00 -40.35 -20895.63 3350.00 54000.00 1.0476
89800 300.00 -40.35 -20895.63 3350.00 54000.00 1.0476
89900 300.00 -40.35 -20895.63 3350.00 54000.00 1.0476
90000 300.00 -40.35 -20895.63 3350.00 54000.00 1.0476
90100 300.00 -40.35 -20895.63 3350.00 54000.00 1.0476
90200 300.00 -40.35 -20895.63 3350.00 54000.00 1.0476
90300 300.00 -40.35 -20895.63 3350.00 54000.00 1.0476
90400 300.00 -40.35 -20895.63 3350.00 54000.00 1.0476
90500 300.00 -40.35 -20895.63 3350.00 54000.00 1.0476
90600 300.00 -40.35 -20895.63 3350.00 54000.00 1.0476
90700 300.00 -40.35 -20895.63 3350.00 54000.00 1.0476
90800 300.00 -40.35 -20895.63 3350.00 54000.00 1.0476
90900 300.00 -40.35 -20895.63 3350.00 54000.00 1.0476
91000 300.00 -40.35 -20895.63 3350.00 54000.00 1.0476
91100 300.00 -40.35 -20895.63 3350.00 54000.00 1.0476
91200 300.00 -40.35 -20895.63 3350.00 54000.00 1.0476
91300 300.00 -40.35 -20895.63 3350.00 54000.00 1.0476
91400 300.00 -40.35 -20895.63 3350.00 54000.00 1.0476
91500 300.00 -40.35 -20895.63 3350.00 54000.00 1.0476
91600 300.00 -40.35 -20895.63 3350.00 54000.00 1.0476
91700 300.00 -40.35 -20895.63 3350.00 54000.00 1.0476
91800 300.00 -40.35 -20895.63 3350.00 54000.00 1.0476
91900 300.00 -40.35 -20895.63 3350.00 54000.00 1.0476
92000 300.00 -40.35 -20895.63 3350.00 54000.00 1.0476
92100 300.00 -40.35 -20895.63 3350.00 54000.00 1.0476
92200 300.00 -40.35 -20895.63 3350.00 54000.00 1.0476
92300 300.00 -40.35 -20895.63 3350.00 54000.00 1.0476
92400 300.00 -40.35 -20895.63 3350.00 54000.00 1.0476
92500 300.00 -40.35 -20895.63 3350.00 54000.00 1.0476
92600 300.00 -40.35 -20895.63 3350.00 54000.00 1.0476
92700 300.00 -40.35 -20895.63 3350.00 54000.00 1.0476
92800 300.00 -40.35 -20895.63 3350.00 54000.00 1.0476
92900 300.00 -40.35 -20895.63 3350.00 54000.00 1.0476
93000 300.00 -40.35 -20895.63 3350.00 54000.00 1.0476
93100 300.00 -40.35 -20895.63 3350.00 54000.00 1.0476
93200 300.00 -40.35 -20895.63 3350.00 54000.00 1.0476
93300 300.00 -40.35 -20895.63 3350.00 54000.00 1.0476
93400 300.00 -40.35 -20895.63 3350.00 54000.00 1.0476
93500 300.00 -40.35 -20895.63 3350.00 54000.00 1.0476
93600 300.00 -40.35 -20895.63 3350.00 54000.00 1.0476
93700 300.00 -40.35 -20895.63 3350.00 54000.00 1.0476
93800 300.00 -40.35 -20895.63 3350.00 54000.00 1.0476
93900 300.00 -40.35 -20895.63 3350.00 54000.00 1.0476
94000 300.00 -40.35 -20895.63 3350.00 54000.00 1.0476
94100 300.00 -40.35 -20895.63 3350.00 54000.00 1.0476
94200 300.00 -40.35 -20895.63 3350.00 54000.00 1.0476
94300 300.00 -40.35 -20895.63 3350.00 54000.00 1.0476
94400 300.00 -40.35 -20895.63 3350.00 54000.00 1.0476
94500 300.00 -40.35 -20895.63 3350.00 54000.00 1.0476
94600 300.00 -40.35 -20895.63 3350.00 54000.00 1.0476
94700 300.00 -40.35 -20895.63 3350.00 54000.00 1.0476
94800 300.00 -40.35 -20895.63 3350.00 54000.00 1.0476
94900 300.00 -40.35 -20895.63 3350.00 54000.00 1.0476
95000 300.00 -40.35 -20895.63 3350.00 54000.00 1.0476
95100 300.00 -40.35 -20895.63 3350.00 54000.00 1.0476
95200 300.00 -40.35 -20895.63 3350.00 54000.00 1.0476
95300 300.00 -40.35 -20895.63 3350.00 54000.00 1.0476
95400 300.00 -40.35 -20895.63 3350.00 54000.00 1.0476
95500 300.00 -40.35 -20895.63 3350.00 54000.00 1.0476
95600 300.00 -40.35 -20895.63 3350.00 54000.00 1.0476
95700 300.00 -40.35 -20895.63 3350.00 54000.00 1.0476
95800 300.00 -40.35 -20895.63 3350.00 54000.00 1.0476
95900 300.00 -40.35 -20895.63 3350.00 54000.00 1.0476
96000 300.00 -40.35 -20895.63 3350.00 54000.00 1.0476
96100 300.00 -40.35 -20895.63 3350.00 54000.00 1.0476
96200 300.00 -40.35 -20895.63 3350.00 54000.00 1.0476
96300 300.00 -40.35 -20895.63 3350.00 54000.00 1.0476
96400 300.00 -40.35 -20895.63 3350.00 54000.00 1.0476
96500 300.00 -40.35 -20895.63 3350.00 54000.00 1.0476
96600 300.00 -40.35 -20895.63 3350.00 54000.00 1.0476
96700 300.00 -40.35 -20895.63 3350.00 54000.00 1.0476
96800 300.00 -40.35 -20895.63 3350.00 54000.00 1.0476
96900 300.00 -40.35 -20895.63 3350.00 54000.00 1.0476
97000 300.00 -40.35 -20895.63 3350.00 54000.00 1.0476
97100 300.00 -40.35 -20895.63 3350.00 54000.00 1.0476
97200 300.00 -40.35 -20895.63 3350.00 54000.00 1.0476
97300 300.00 -40.35 -20895.63 3350.00 54000.00 1.0476
97400 300.00 -40.35 -20895.63 3350.00 54000.00 1.0476
97500 300.00 -40.35 -20895.63 3350.00 54000.00 1.0476
97600 300.00 -40.35 -20895.63 3350.00 54000.00 1.0476
97700 300.00 -40.35 -20895.63 3350.00 54000.00 1.0476
97800 300.00 -40.35 -20895.63 3350.00 54000.00 1.0476
97900 300.00 -40.35 -20895.63 3350.00 54000.00 1.0476
98000 300.00 -40.35 -20895.63 3350.00 54000.00 1.0476
98100 300.00 -40.35 -20895.63 3350.00 54000.00 1.0476
98200 300.00 -40.35 -20895.63 3350.00 54000.00 1.0476
98300 300.00 -40.35 -20895.63 3350.00 54000.00 1.0476
98400 300.00 -40.35 -20895.63 3350.00 54000.00 1.0476
98500 300.00 -40.35 -20895.63 3350.00 54000.00 1.0476
98600 300.00 -40.35 -20895.63 3350.00 54000.00 1.0476
98700 300.00 -40.35 -20895.63 3350.00 54000.00 1.0476
98800 300.00 -40.35 -20895.63 3350.00 54000.00 1.0476
98900 300.00 -40.35 -20895.63 3350.00 54000.00 1.0476
99000 300.00 -40.35 -20895.63 3350.00 54000.00 1.0476
99100 300.00 -40.35 -20895.63 3350.00 54000.00 1.0476
99200 300.00 -40.35 -20895.63 3350.00 54000.00 1.0476
99300 300.00 -40.35 -20895.63 3350.00 54000.00 1.0476
99400 300.00 -40.35 -20895.63 3350.00 54000.00 1.0476
99500 300.00 -40.35 -20895.63 3350.00 54000.00 1.0476
99600 300.00 -40.35 -20895.63 3350.00 54000.00 1.0476
99700 300.00 -40.35 -20895.63 3350.00 54000.00 1.0476
99800 300.00 -40.35 -20895.63 3350.00 54000.00 1.0476
99900 300.00 -40.35 -20895.63 3350.00 54000.00 1.0476
