# TimeStep Temp Press PotEng KinEng Volume Density
0 297.13 -49.74 -21136.56 3350.00 54000.00 1.0447
100 298.28 -156.45 -21063.40 3350.00 54000.00 1.0471
200 298.84 -162.05 -21039.09 3350.00 54000.00 1.0474
300 299.24 -157.17 -21014.59 3350.00 54000.00 1.0477
400 299.50 -148.17 -20992.31 3350.00 54000.00 1.0479
500 299.68 -138.51 -20973.67 3350.00 54000.00 1.0479
600 299.80 -129.71 -20958.77 3350.00 54000.00 1.0480
700 299.88 -122.28 -20947.17 3350.00 54000.00 1.0479
800 299.94 -116.28 -20938.30 3350.00 54000.00 1.0479
900 299.98 -111.58 -20931.58 3350.00 54000.00 1.0479
1000 300.00 -107.96 -20926.53 3350.00 54000.00 1.0479
1100 300.02 -105.21 -20922.75 3350.00 54000.00 1.0478
1200 300.04 -103.14 -20919.93 3350.00 54000.00 1.0478
1300 300.05 -101.58 -20917.82 3350.00 54000.00 1.0478
1400 300.05 -100.42 -20916.24 3350.00 54000.00 1.0478
1500 300.06 -99.55 -20915.06 3350.00 54000.00 1.0478
1600 300.06 -98.90 -20914.18 3350.00 54000.00 1.0478
1700 300.06 -98.42 -20913.51 3350.00 54000.00 1.0478
1800 300.07 -98.05 -20913.00 3350.00 54000.00 1.0478
1900 300.07 -97.78 -20912.62 3350.00 54000.00 1.0478
2000 300.07 -97.58 -20912.32 3350.00 54000.00 1.0478
2100 300.07 -97.43 -20912.09 3350.00 54000.00 1.0478
2200 300.07 -97.31 -20911.91 3350.00 54000.00 1.0478
2300 300.07 -97.22 -20911.77 3350.00 54000.00 1.0478
2400 300.07 -97.16 -20911.66 3350.00 54000.00 1.0478
2500 300.07 -97.11 -20911.57 3350.00 54000.00 1.0478
2600 300.07 -97.07 -20911.50 3350.00 54000.00 1.0478
2700 300.07 -97.03 -20911.45 3350.00 54000.00 1.0478
2800 300.07 -97.01 -20911.40 3350.00 54000.00 1.0478
2900 300.07 -96.99 -20911.37 3350.00 54000.00 1.0478
3000 300.07 -96.98 -20911.34 3350.00 54000.00 1.0478
3100 300.07 -96.97 -20911.32 3350.00 54000.00 1.0478
3200 300.07 -96.96 -20911.30 3350.00 54000.00 1.0478
3300 300.07 -96.96 -20911.29 3350.00 54000.00 1.0478
3400 300.07 -96.95 -20911.28 3350.00 54000.00 1.0478
3500 300.07 -96.95 -20911.27 3350.00 54000.00 1.0478
3600 300.07 -96.94 -20911.26 3350.00 54000.00 1.0478
3700 300.07 -96.94 -20911.26 3350.00 54000.00 1.0478
3800 300.07 -96.93 -20911.25 3350.00 54000.00 1.0478
3900 300.07 -96.93 -20911.25 3350.00 54000.00 1.0478
4000 300.07 -96.93 -20911.24 3350.00 54000.00 1.0478
4100 300.07 -96.93 -20911.24 3350.00 54000.00 1.0478
4200 300.07 -96.93 -20911.24 3350.00 54000.00 1.0478
4300 300.07 -96.93 -20911.23 3350.00 54000.00 1.0478
4400 300.07 -96.93 -20911.23 3350.00 54000.00 1.0478
4500 300.07 -96.93 -20911.23 3350.00 54000.00 1.0478
4600 300.07 -96.93 -20911.24 3350.00 54000.00 1.0478
4700 300.07 -96.93 -20911.24 3350.00 54000.00 1.0478
4800 300.07 -96.93 -20911.24 3350.00 54000.00 1.0478
4900 300.07 -96.93 -20911.24 3350.00 54000.00 1.0478
5000 300.07 -96.93 -20911.25 3350.00 54000.00 1.0478
5100 300.07 -96.93 -20911.25 3350.00 54000.00 1.0478
5200 300.07 -96.93 -20911.25 3350.00 54000.00 1.0478
5300 300.07 -96.94 -20911.25 3350.00 54000.00 1.0478
5400 300.07 -96.94 -20911.25 3350.00 54000.00 1.0478
5500 300.07 -96.94 -20911.25 3350.00 54000.00 1.0478
5600 300.07 -96.94 -20911.25 3350.00 54000.00 1.0478
5700 300.07 -96.94 -20911.25 3350.00 54000.00 1.0478
5800 300.07 -96.94 -20911.25 3350.00 54000.00 1.0478
5900 300.07 -96.94 -20911.25 3350.00 54000.00 1.0478
6000 300.07 -96.94 -20911.25 3350.00 54000.00 1.0478
6100 300.07 -96.94 -20911.25 3350.00 54000.00 1.0478
6200 300.07 -96.94 -20911.25 3350.00 54000.00 1.0478
6300 300.07 -96.94 -20911.25 3350.00 54000.00 1.0478
6400 300.07 -96.94 -20911.25 3350.00 54000.00 1.0478
6500 300.07 -96.94 -20911.25 3350.00 54000.00 1.0478
6600 300.07 -96.94 -20911.25 3350.00 54000.00 1.0478
6700 300.07 -96.94 -20911.25 3350.00 54000.00 1.0478
6800 300.07 -96.94 -20911.25 3350.00 54000.00 1.0478
6900 300.07 -96.94 -20911.25 3350.00 54000.00 1.0478
7000 300.07 -96.94 -20911.25 3350.00 54000.00 1.0478
7100 300.07 -96.94 -20911.25 3350.00 54000.00 1.0478
7200 300.07 -96.94 -20911.25 3350.00 54000.00 1.0478
7300 300.07 -96.94 -20911.25 3350.00 54000.00 1.0478
7400 300.07 -96.94 -20911.25 3350.00 54000.00 1.0478
7500 300.07 -96.94 -20911.25 3350.00 54000.00 1.0478
7600 300.07 -96.94 -20911.25 3350.00 54000.00 1.0478
7700 300.07 -96.94 -20911.25 3350.00 54000.00 1.0478
7800 300.07 -96.94 -20911.25 3350.00 54000.00 1.0478
7900 300.07 -96.94 -20911.25 3350.00 54000.00 1.0478
8000 300.07 -96.94 -20911.25 3350.00 54000.00 1.0478
8100 300.07 -96.94 -20911.25 3350.00 54000.00 1.0478
8200 300.07 -96.94 -20911.25 3350.00 54000.00 1.0478
8300 300.07 -96.94 -20911.25 3350.00 54000.00 1.0478
8400 300.07 -96.94 -20911.25 3350.00 54000.00 1.0478
8500 300.07 -96.94 -20911.25 3350.00 54000.00 1.0478
8600 300.07 -96.94 -20911.25 3350.00 54000.00 1.0478
8700 300.07 -96.94 -20911.25 3350.00 54000.00 1.0478
8800 300.07 -96.94 -20911.25 3350.00 54000.00 1.0478
8900 300.07 -96.94 -20911.25 3350.00 54000.00 1.0478
9000 300.07 -96.94 -20911.25 3350.00 54000.00 1.0478
9100 300.07 -96.94 -20911.25 3350.00 54000.00 1.0478
9200 300.07 -96.94 -20911.25 3350.00 54000.00 1.0478
9300 300.07 -96.94 -20911.25 3350.00 54000.00 1.0478
9400 300.07 -96.94 -20911.25 3350.00 54000.00 1.0478
9500 300.07 -96.94 -20911.25 3350.00 54000.00 1.0478
9600 300.07 -96.94 -20911.25 3350.00 54000.00 1.0478
9700 300.07 -96.94 -20911.24 3350.00 54000.00 1.0478
9800 300.07 -96.94 -20911.24 3350.00 54000.00 1.0478
9900 300.07 -96.94 -20911.24 3350.00 54000.00 1.0478
10000 300.07 -96.94 -20911.24 3350.00 54000.00 1.0478
10100 300.07 -96.94 -20911.24 3350.00 54000.00 1.0478
10200 300.07 -96.94 -20911.24 3350.00 54000.00 1.0478
10300 300.07 -96.94 -20911.24 3350.00 54000.00 1.0478
10400 300.07 -96.94 -20911.24 3350.00 54000.00 1.0478
10500 300.07 -96.94 -20911.24 3350.00 54000.00 1.0478
10600 300.07 -96.94 -20911.24 3350.00 54000.00 1.0478
10700 300.07 -96.94 -20911.24 3350.00 54000.00 1.0478
10800 300.07 -96.94 -20911.24 3350.00 54000.00 1.0478
10900 300.07 -96.94 -20911.24 3350.00 54000.00 1.0478
11000 300.07 -96.94 -20911.24 3350.00 54000.00 1.0478
11100 300.07 -96.94 -20911.24 3350.00 54000.00 1.0478
11200 300.07 -96.94 -20911.24 3350.00 54000.00 1.0478
11300 300.07 -96.94 -20911.24 3350.00 54000.00 1.0478
11400 300.07 -96.94 -20911.24 3350.00 54000.00 1.0478
11500 300.07 -96.94 -20911.24 3350.00 54000.00 1.0478
11600 300.07 -96.94 -20911.25 3350.00 54000.00 1.0478
11700 300.07 -96.94 -20911.25 3350.00 54000.00 1.0478
11800 300.07 -96.94 -20911.25 3350.00 54000.00 1.0478
11900 300.07 -96.94 -20911.25 3350.00 54000.00 1.0478
12000 300.07 -96.94 -20911.25 3350.00 54000.00 1.0478
12100 300.07 -96.94 -20911.25 3350.00 54000.00 1.0478
12200 300.07 -96.94 -20911.25 3350.00 54000.00 1.0478
12300 300.07 -96.94 -20911.25 3350.00 54000.00 1.0478
12400 300.07 -96.94 -20911.25 3350.00 54000.00 1.0478
12500 300.07 -96.94 -20911.25 3350.00 54000.00 1.0478
12600 300.07 -96.94 -20911.25 3350.00 54000.00 1.0478
12700 300.07 -96.94 -20911.25 3350.00 54000.00 1.0478
12800 300.07 -96.94 -20911.25 3350.00 54000.00 1.0478
12900 300.07 -96.94 -20911.25 3350.00 54000.00 1.0478
13000 300.07 -96.94 -20911.25 3350.00 54000.00 1.0478
13100 300.07 -96.94 -20911.25 3350.00 54000.00 1.0478
13200 300.07 -96.94 -20911.25 3350.00 54000.00 1.0478
13300 300.07 -96.94 -20911.25 3350.00 54000.00 1.0478
13400 300.07 -96.94 -20911.25 3350.00 54000.00 1.0478
13500 300.07 -96.94 -20911.25 3350.00 54000.00 1.0478
13600 300.07 -96.94 -20911.25 3350.00 54000.00 1.0478
13700 300.07 -96.94 -20911.25 3350.00 54000.00 1.0478
13800 300.07 -96.94 -20911.25 3350.00 54000.00 1.0478
13900 300.07 -96.94 -20911.25 3350.00 54000.00 1.0478
14000 300.07 -96.94 -20911.25 3350.00 54000.00 1.0478
14100 300.07 -96.94 -20911.25 3350.00 54000.00 1.0478
14200 300.07 -96.94 -20911.25 3350.00 54000.00 1.0478
14300 300.07 -96.94 -20911.25 3350.00 54000.00 1.0478
14400 300.07 -96.94 -20911.25 3350.00 54000.00 1.0478
14500 300.07 -96.94 -20911.25 3350.00 54000.00 1.0478
14600 300.07 -96.94 -20911.25 3350.00 54000.00 1.0478
14700 300.07 -96.94 -20911.25 3350.00 54000.00 1.0478
14800 300.07 -96.94 -20911.25 3350.00 54000.00 1.0478
14900 300.07 -96.94 -20911.25 3350.00 54000.00 1.0478
15000 300.07 -96.94 -20911.25 3350.00 54000.00 1.0478
15100 300.07 -96.94 -20911.25 3350.00 54000.00 1.0478
15200 300.07 -96.94 -20911.25 3350.00 54000.00 1.0478
15300 300.07 -96.94 -20911.25 3350.00 54000.00 1.0478
15400 300.07 -96.94 -20911.25 3350.00 54000.00 1.0478
15500 300.07 -96.94 -20911.25 3350.00 54000.00 1.0478
15600 300.07 -96.94 -20911.25 3350.00 54000.00 1.0478
15700 300.07 -96.94 -20911.25 3350.00 54000.00 1.0478
15800 300.07 -96.94 -20911.25 3350.00 54000.00 1.0478
15900 300.07 -96.94 -20911.25 3350.00 54000.00 1.0478
16000 300.07 -96.94 -20911.25 3350.00 54000.00 1.0478
16100 300.07 -96.94 -20911.25 3350.00 54000.00 1.0478
16200 300.07 -96.94 -20911.25 3350.00 54000.00 1.0478
16300 300.07 -96.94 -20911.25 3350.00 54000.00 1.0478
16400 300.07 -96.94 -20911.25 3350.00 54000.00 1.0478
16500 300.07 -96.94 -20911.25 3350.00 54000.00 1.0478
16600 300.07 -96.94 -20911.25 3350.00 54000.00 1.0478
16700 300.07 -96.94 -20911.25 3350.00 54000.00 1.0478
16800 300.07 -96.94 -20911.25 3350.00 54000.00 1.0478
16900 300.07 -96.94 -20911.25 3350.00 54000.00 1.0478
17000 300.07 -96.94 -20911.25 3350.00 54000.00 1.0478
17100 300.07 -96.94 -20911.25 3350.00 54000.00 1.0478
17200 300.07 -96.94 -20911.25 3350.00 54000.00 1.0478
17300 300.07 -96.94 -20911.25 3350.00 54000.00 1.0478
17400 300.07 -96.94 -20911.25 3350.00 54000.00 1.0478
17500 300.07 -96.94 -20911.25 3350.00 54000.00 1.0478
17600 300.07 -96.94 -20911.25 3350.00 54000.00 1.0478
17700 300.07 -96.94 -20911.25 3350.00 54000.00 1.0478
17800 300.07 -96.94 -20911.25 3350.00 54000.00 1.0478
17900 300.07 -96.94 -20911.25 3350.00 54000.00 1.0478
18000 300.07 -96.94 -20911.25 3350.00 54000.00 1.0478
18100 300.07 -96.94 -20911.25 3350.00 54000.00 1.0478
18200 300.07 -96.94 -20911.25 3350.00 54000.00 1.0478
18300 300.07 -96.94 -20911.25 3350.00 54000.00 1.0478
18400 300.07 -96.94 -20911.25 3350.00 54000.00 1.0478
18500 300.07 -96.94 -20911.25 3350.00 54000.00 1.0478
18600 300.07 -96.94 -20911.25 3350.00 54000.00 1.0478
18700 300.07 -96.94 -20911.25 3350.00 54000.00 1.0478
18800 300.07 -96.94 -20911.25 3350.00 54000.00 1.0478
18900 300.07 -96.94 -20911.25 3350.00 54000.00 1.0478
19000 300.07 -96.94 -20911.25 3350.00 54000.00 1.0478
19100 300.07 -96.94 -20911.25 3350.00 54000.00 1.0478
19200 300.07 -96.94 -20911.25 3350.00 54000.00 1.0478
19300 300.07 -96.94 -20911.25 3350.00 54000.00 1.0478
19400 300.07 -96.94 -20911.25 3350.00 54000.00 1.0478
19500 300.07 -96.94 -20911.25 3350.00 54000.00 1.0478
19600 300.07 -96.94 -20911.25 3350.00 54000.00 1.0478
19700 300.07 -96.94 -20911.25 3350.00 54000.00 1.0478
19800 300.07 -96.94 -20911.25 3350.00 54000.00 1.0478
19900 300.07 -96.94 -20911.25 3350.00 54000.00 1.0478
20000 300.07 -96.94 -20911.25 3350.00 54000.00 1.0478
20100 300.07 -96.94 -20911.25 3350.00 54000.00 1.0478
20200 300.07 -96.94 -20911.25 3350.00 54000.00 1.0478
20300 300.07 -96.94 -20911.25 3350.00 54000.00 1.0478
20400 300.07 -96.94 -20911.25 3350.00 54000.00 1.0478
20500 300.07 -96.94 -20911.25 3350.00 54000.00 1.0478
20600 300.07 -96.94 -20911.25 3350.00 54000.00 1.0478
20700 300.07 -96.94 -20911.25 3350.00 54000.00 1.0478
20800 300.07 -96.94 -20911.25 3350.00 54000.00 1.0478
20900 300.07 -96.94 -20911.25 3350.00 54000.00 1.0478
21000 300.07 -96.94 -20911.25 3350.00 54000.00 1.0478
21100 300.07 -96.94 -20911.25 3350.00 54000.00 1.0478
21200 300.07 -96.94 -20911.25 3350.00 54000.00 1.0478
21300 300.07 -96.94 -20911.25 3350.00 54000.00 1.0478
21400 300.07 -96.94 -20911.25 3350.00 54000.00 1.0478
21500 300.07 -96.94 -20911.25 3350.00 54000.00 1.0478
21600 300.07 -96.94 -20911.25 3350.00 54000.00 1.0478
21700 300.07 -96.94 -20911.25 3350.00 54000.00 1.0478
21800 300.07 -96.94 -20911.25 3350.00 54000.00 1.0478
21900 300.07 -96.94 -20911.25 3350.00 54000.00 1.0478
22000 300.07 -96.94 -20911.25 3350.00 54000.00 1.0478
22100 300.07 -96.94 -20911.25 3350.00 54000.00 1.0478
22200 300.07 -96.94 -20911.25 3350.00 54000.00 1.0478
22300 300.07 -96.94 -20911.25 3350.00 54000.00 1.0478
22400 300.07 -96.94 -20911.25 3350.00 54000.00 1.0478
22500 300.07 -96.94 -20911.25 3350.00 54000.00 1.0478
22600 300.07 -96.94 -20911.25 3350.00 54000.00 1.0478
22700 300.07 -96.94 -20911.25 3350.00 54000.00 1.0478
22800 300.07 -96.94 -20911.25 3350.00 54000.00 1.0478
22900 300.07 -96.94 -20911.25 3350.00 54000.00 1.0478
23000 300.07 -96.94 -20911.25 3350.00 54000.00 1.0478
23100 300.07 -96.94 -20911.25 3350.00 54000.00 1.0478
23200 300.07 -96.94 -20911.25 3350.00 54000.00 1.0478
23300 300.07 -96.94 -20911.25 3350.00 54000.00 1.0478
23400 300.07 -96.94 -20911.25 3350.00 54000.00 1.0478
23500 300.07 -96.94 -20911.25 3350.00 54000.00 1.0478
23600 300.07 -96.94 -20911.25 3350.00 54000.00 1.0478
23700 300.07 -96.94 -20911.25 3350.00 54000.00 1.0478
23800 300.07 -96.94 -20911.25 3350.00 54000.00 1.0478
23900 300.07 -96.94 -20911.25 3350.00 54000.00 1.0478
24000 300.07 -96.94 -20911.25 3350.00 54000.00 1.0478
24100 300.07 -96.94 -20911.25 3350.00 54000.00 1.0478
24200 300.07 -96.94 -20911.25 3350.00 54000.00 1.0478
24300 300.07 -96.94 -20911.25 3350.00 54000.00 1.0478
24400 300.07 -96.94 -20911.25 3350.00 54000.00 1.0478
24500 300.07 -96.94 -20911.25 3350.00 54000.00 1.0478
24600 300.07 -96.94 -20911.25 3350.00 54000.00 1.0478
24700 300.07 -96.94 -20911.25 3350.00 54000.00 1.0478
24800 300.07 -96.94 -20911.25 3350.00 54000.00 1.0478
24900 300.07 -96.94 -20911.25 3350.00 54000.00 1.0478
25000 300.07 -96.94 -20911.25 3350.00 54000.00 1.0478
25100 300.07 -96.94 -20911.25 3350.00 54000.00 1.0478
25200 300.07 -96.94 -20911.25 3350.00 54000.00 1.0478
25300 300.07 -96.94 -20911.25 3350.00 54000.00 1.0478
25400 300.07 -96.94 -20911.25 3350.00 54000.00 1.0478
25500 300.07 -96.94 -20911.25 3350.00 54000.00 1.0478
25600 300.07 -96.94 -20911.25 3350.00 54000.00 1.0478
25700 300.07 -96.94 -20911.25 3350.00 54000.00 1.0478
25800 300.07 -96.94 -20911.25 3350.00 54000.00 1.0478
25900 300.07 -96.94 -20911.25 3350.00 54000.00 1.0478
26000 300.07 -96.94 -20911.25 3350.00 54000.00 1.0478
26100 300.07 -96.94 -20911.25 3350.00 54000.00 1.0478
26200 300.07 -96.94 -20911.25 3350.00 54000.00 1.0478
26300 300.07 -96.94 -20911.25 3350.00 54000.00 1.0478
26400 300.07 -96.94 -20911.25 3350.00 54000.00 1.0478
26500 300.07 -96.94 -20911.25 3350.00 54000.00 1.0478
26600 300.07 -96.94 -20911.25 3350.00 54000.00 1.0478
26700 300.07 -96.94 -20911.25 3350.00 54000.00 1.0478
26800 300.07 -96.94 -20911.25 3350.00 54000.00 1.0478
26900 300.07 -96.94 -20911.25 3350.00 54000.00 1.0478
27000 300.07 -96.94 -20911.25 3350.00 54000.00 1.0478
27100 300.07 -96.94 -20911.25 3350.00 54000.00 1.0478
27200 300.07 -96.94 -20911.25 3350.00 54000.00 1.0478
27300 300.07 -96.94 -20911.25 3350.00 54000.00 1.0478
27400 300.07 -96.94 -20911.25 3350.00 54000.00 1.0478
27500 300.07 -96.94 -20911.25 3350.00 54000.00 1.0478
27600 300.07 -96.94 -20911.25 3350.00 54000.00 1.0478
27700 300.07 -96.94 -20911.25 3350.00 54000.00 1.0478
27800 300.07 -96.94 -20911.25 3350.00 54000.00 1.0478
27900 300.07 -96.94 -20911.25 3350.00 54000.00 1.0478
28000 300.07 -96.94 -20911.25 3350.00 54000.00 1.0478
28100 300.07 -96.94 -20911.25 3350.00 54000.00 1.0478
28200 300.07 -96.94 -20911.25 3350.00 54000.00 1.0478
28300 300.07 -96.94 -20911.25 3350.00 54000.00 1.0478
28400 300.07 -96.94 -20911.25 3350.00 54000.00 1.0478
28500 300.07 -96.94 -20911.25 3350.00 54000.00 1.0478
28600 300.07 -96.94 -20911.25 3350.00 54000.00 1.0478
28700 300.07 -96.94 -20911.25 3350.00 54000.00 1.0478
28800 300.07 -96.94 -20911.25 3350.00 54000.00 1.0478
28900 300.07 -96.94 -20911.25 3350.00 54000.00 1.0478
29000 300.07 -96.94 -20911.25 3350.00 54000.00 1.0478
29100 300.07 -96.94 -20911.25 3350.00 54000.00 1.0478
29200 300.07 -96.94 -20911.25 3350.00 54000.00 1.0478
29300 300.07 -96.94 -20911.25 3350.00 54000.00 1.0478
29400 300.07 -96.94 -20911.25 3350.00 54000.00 1.0478
29500 300.07 -96.94 -20911.25 3350.00 54000.00 1.0478
29600 300.07 -96.94 -20911.25 3350.00 54000.00 1.0478
29700 300.07 -96.94 -20911.25 3350.00 54000.00 1.0478
29800 300.07 -96.94 -20911.25 3350.00 54000.00 1.0478
29900 300.07 -96.94 -20911.25 3350.00 54000.00 1.0478
30000 300.07 -96.94 -20911.25 3350.00 54000.00 1.0478
30100 300.07 -96.94 -20911.25 3350.00 54000.00 1.0478
30200 300.07 -96.94 -20911.25 3350.00 54000.00 1.0478
30300 300.07 -96.94 -20911.25 3350.00 54000.00 1.0478
30400 300.07 -96.94 -20911.25 3350.00 54000.00 1.0478
30500 300.07 -96.94 -20911.25 3350.00 54000.00 1.0478
30600 300.07 -96.94 -20911.25 3350.00 54000.00 1.0478
30700 300.07 -96.94 -20911.25 3350.00 54000.00 1.0478
30800 300.07 -96.94 -20911.25 3350.00 54000.00 1.0478
30900 300.07 -96.94 -20911.25 3350.00 54000.00 1.0478
31000 300.07 -96.94 -20911.25 3350.00 54000.00 1.0478
31100 300.07 -96.94 -20911.25 3350.00 54000.00 1.0478
31200 300.07 -96.94 -20911.25 3350.00 54000.00 1.0478
31300 300.07 -96.94 -20911.25 3350.00 54000.00 1.0478
31400 300.07 -96.94 -20911.25 3350.00 54000.00 1.0478
31500 300.07 -96.94 -20911.25 3350.00 54000.00 1.0478
31600 300.07 -96.94 -20911.25 3350.00 54000.00 1.0478
31700 300.07 -96.94 -20911.25 3350.00 54000.00 1.0478
31800 300.07 -96.94 -20911.25 3350.00 54000.00 1.0478
31900 300.07 -96.94 -20911.25 3350.00 54000.00 1.0478
32000 300.07 -96.94 -20911.25 3350.00 54000.00 1.0478
32100 300.07 -96.94 -20911.25 3350.00 54000.00 1.0478
32200 300.07 -96.94 -20911.25 3350.00 54000.00 1.0478
32300 300.07 -96.94 -20911.25 3350.00 54000.00 1.0478
32400 300.07 -96.94 -20911.25 3350.00 54000.00 1.0478
32500 300.07 -96.94 -20911.25 3350.00 54000.00 1.0478
32600 300.07 -96.94 -20911.25 3350.00 54000.00 1.0478
32700 300.07 -96.94 -20911.25 3350.00 54000.00 1.0478
32800 300.07 -96.94 -20911.25 3350.00 54000.00 1.0478
32900 300.07 -96.94 -20911.25 3350.00 54000.00 1.0478
33000 300.07 -96.94 -20911.25 3350.00 54000.00 1.0478
33100 300.07 -96.94 -20911.25 3350.00 54000.00 1.0478
33200 300.07 -96.94 -20911.25 3350.00 54000.00 1.0478
33300 300.07 -96.94 -20911.25 3350.00 54000.00 1.0478
33400 300.07 -96.94 -20911.25 3350.00 54000.00 1.0478
33500 300.07 -96.94 -20911.25 3350.00 54000.00 1.0478
33600 300.07 -96.94 -20911.25 3350.00 54000.00 1.0478
33700 300.07 -96.94 -20911.25 3350.00 54000.00 1.0478
33800 300.07 -96.94 -20911.25 3350.00 54000.00 1.0478
33900 300.07 -96.94 -20911.25 3350.00 54000.00 1.0478
34000 300.07 -96.94 -20911.25 3350.00 54000.00 1.0478
34100 300.07 -96.94 -20911.25 3350.00 54000.00 1.0478
34200 300.07 -96.94 -20911.25 3350.00 54000.00 1.0478
34300 300.07 -96.94 -20911.25 3350.00 54000.00 1.0478
34400 300.07 -96.94 -20911.25 3350.00 54000.00 1.0478
34500 300.07 -96.94 -20911.25 3350.00 54000.00 1.0478
34600 300.07 -96.94 -20911.25 3350.00 54000.00 1.0478
34700 300.07 -96.94 -20911.25 3350.00 54000.00 1.0478
34800 300.07 -96.94 -20911.25 3350.00 54000.00 1.0478
34900 300.07 -96.94 -20911.25 3350.00 54000.00 1.0478
35000 300.07 -96.94 -20911.25 3350.00 54000.00 1.0478
35100 300.07 -96.94 -20911.25 3350.00 54000.00 1.0478
35200 300.07 -96.94 -20911.25 3350.00 54000.00 1.0478
35300 300.07 -96.94 -20911.25 3350.00 54000.00 1.0478
35400 300.07 -96.94 -20911.25 3350.00 54000.00 1.0478
35500 300.07 -96.94 -20911.25 3350.00 54000.00 1.0478
35600 300.07 -96.94 -20911.25 3350.00 54000.00 1.0478
35700 300.07 -96.94 -20911.25 3350.00 54000.00 1.0478
35800 300.07 -96.94 -20911.25 3350.00 54000.00 1.0478
35900 300.07 -96.94 -20911.25 3350.00 54000.00 1.0478
36000 300.07 -96.94 -20911.25 3350.00 54000.00 1.0478
36100 300.07 -96.94 -20911.25 3350.00 54000.00 1.0478
36200 300.07 -96.94 -20911.25 3350.00 54000.00 1.0478
36300 300.07 -96.94 -20911.25 3350.00 54000.00 1.0478
36400 300.07 -96.94 -20911.25 3350.00 54000.00 1.0478
36500 300.07 -96.94 -20911.25 3350.00 54000.00 1.0478
36600 300.07 -96.94 -20911.25 3350.00 54000.00 1.0478
36700 300.07 -96.94 -20911.25 3350.00 54000.00 1.0478
36800 300.07 -96.94 -20911.25 3350.00 54000.00 1.0478
36900 300.07 -96.94 -20911.25 3350.00 54000.00 1.0478
37000 300.07 -96.94 -20911.25 3350.00 54000.00 1.0478
37100 300.07 -96.94 -20911.25 3350.00 54000.00 1.0478
37200 300.07 -96.94 -20911.25 3350.00 54000.00 1.0478
37300 300.07 -96.94 -20911.25 3350.00 54000.00 1.0478
37400 300.07 -96.94 -20911.25 3350.00 54000.00 1.0478
37500 300.07 -96.94 -20911.25 3350.00 54000.00 1.0478
37600 300.07 -96.94 -20911.25 3350.00 54000.00 1.0478
37700 300.07 -96.94 -20911.25 3350.00 54000.00 1.0478
37800 300.07 -96.94 -20911.25 3350.00 54000.00 1.0478
37900 300.07 -96.94 -20911.25 3350.00 54000.00 1.0478
38000 300.07 -96.94 -20911.25 3350.00 54000.00 1.0478
38100 300.07 -96.94 -20911.25 3350.00 54000.00 1.0478
38200 300.07 -96.94 -20911.25 3350.00 54000.00 1.0478
38300 300.07 -96.94 -20911.25 3350.00 54000.00 1.0478
38400 300.07 -96.94 -20911.25 3350.00 54000.00 1.0478
38500 300.07 -96.94 -20911.25 3350.00 54000.00 1.0478
38600 300.07 -96.94 -20911.25 3350.00 54000.00 1.0478
38700 300.07 -96.94 -20911.25 3350.00 54000.00 1.0478
38800 300.07 -96.94 -20911.25 3350.00 54000.00 1.0478
38900 300.07 -96.94 -20911.25 3350.00 54000.00 1.0478
39000 300.07 -96.94 -20911.25 3350.00 54000.00 1.0478
39100 300.07 -96.94 -20911.25 3350.00 54000.00 1.0478
39200 300.07 -96.94 -20911.25 3350.00 54000.00 1.0478
39300 300.07 -96.94 -20911.25 3350.00 54000.00 1.0478
39400 300.07 -96.94 -20911.25 3350.00 54000.00 1.0478
39500 300.07 -96.94 -20911.25 3350.00 54000.00 1.0478
39600 300.07 -96.94 -20911.25 3350.00 54000.00 1.0478
39700 300.07 -96.94 -20911.25 3350.00 54000.00 1.0478
39800 300.07 -96.94 -20911.25 3350.00 54000.00 1.0478
39900 300.07 -96.94 -20911.25 3350.00 54000.00 1.0478
40000 300.07 -96.94 -20911.25 3350.00 54000.00 1.0478
40100 300.07 -96.94 -20911.25 3350.00 54000.00 1.0478
40200 300.07 -96.94 -20911.25 3350.00 54000.00 1.0478
40300 300.07 -96.94 -20911.25 3350.00 54000.00 1.0478
40400 300.07 -96.94 -20911.25 3350.00 54000.00 1.0478
40500 300.07 -96.94 -20911.25 3350.00 54000.00 1.0478
40600 300.07 -96.94 -20911.25 3350.00 54000.00 1.0478
40700 300.07 -96.94 -20911.25 3350.00 54000.00 1.0478
40800 300.07 -96.94 -20911.25 3350.00 54000.00 1.0478
40900 300.07 -96.94 -20911.25 3350.00 54000.00 1.0478
41000 300.07 -96.94 -20911.25 3350.00 54000.00 1.0478
41100 300.07 -96.94 -20911.25 3350.00 54000.00 1.0478
41200 300.07 -96.94 -20911.25 3350.00 54000.00 1.0478
41300 300.07 -96.94 -20911.25 3350.00 54000.00 1.0478
41400 300.07 -96.94 -20911.25 3350.00 54000.00 1.0478
41500 300.07 -96.94 -20911.25 3350.00 54000.00 1.0478
41600 300.07 -96.94 -20911.25 3350.00 54000.00 1.0478
41700 300.07 -96.94 -20911.25 3350.00 54000.00 1.0478
41800 300.07 -96.94 -20911.25 3350.00 54000.00 1.0478
41900 300.07 -96.94 -20911.25 3350.00 54000.00 1.0478
42000 300.07 -96.94 -20911.25 3350.00 54000.00 1.0478
42100 300.07 -96.94 -20911.25 3350.00 54000.00 1.0478
42200 300.07 -96.94 -20911.25 3350.00 54000.00 1.0478
42300 300.07 -96.94 -20911.25 3350.00 54000.00 1.0478
42400 300.07 -96.94 -20911.25 3350.00 54000.00 1.0478
42500 300.07 -96.94 -20911.25 3350.00 54000.00 1.0478
42600 300.07 -96.94 -20911.25 3350.00 54000.00 1.0478
42700 300.07 -96.94 -20911.25 3350.00 54000.00 1.0478
42800 300.07 -96.94 -20911.25 3350.00 54000.00 1.0478
42900 300.07 -96.94 -20911.25 3350.00 54000.00 1.0478
43000 300.07 -96.94 -20911.25 3350.00 54000.00 1.0478
43100 300.07 -96.94 -20911.25 3350.00 54000.00 1.0478
43200 300.07 -96.94 -20911.25 3350.00 54000.00 1.0478
43300 300.07 -96.94 -20911.25 3350.00 54000.00 1.0478
43400 300.07 -96.94 -20911.25 3350.00 54000.00 1.0478
43500 300.07 -96.94 -20911.25 3350.00 54000.00 1.0478
43600 300.07 -96.94 -20911.25 3350.00 54000.00 1.0478
43700 300.07 -96.94 -20911.25 3350.00 54000.00 1.0478
43800 300.07 -96.94 -20911.25 3350.00 54000.00 1.0478
43900 300.07 -96.94 -20911.25 3350.00 54000.00 1.0478
44000 300.07 -96.94 -20911.25 3350.00 54000.00 1.0478
44100 300.07 -96.94 -20911.25 3350.00 54000.00 1.0478
44200 300.07 -96.94 -20911.25 3350.00 54000.00 1.0478
44300 300.07 -96.94 -20911.25 3350.00 54000.00 1.0478
44400 300.07 -96.94 -20911.25 3350.00 54000.00 1.0478
44500 300.07 -96.94 -20911.25 3350.00 54000.00 1.0478
44600 300.07 -96.94 -20911.25 3350.00 54000.00 1.0478
44700 300.07 -96.94 -20911.25 3350.00 54000.00 1.0478
44800 300.07 -96.94 -20911.25 3350.00 54000.00 1.0478
44900 300.07 -96.94 -20911.25 3350.00 54000.00 1.0478
45000 300.07 -96.94 -20911.25 3350.00 54000.00 1.0478
45100 300.07 -96.94 -20911.25 3350.00 54000.00 1.0478
45200 300.07 -96.94 -20911.25 3350.00 54000.00 1.0478
45300 300.07 -96.94 -20911.25 3350.00 54000.00 1.0478
45400 300.07 -96.94 -20911.25 3350.00 54000.00 1.0478
45500 300.07 -96.94 -20911.25 3350.00 54000.00 1.0478
45600 300.07 -96.94 -20911.25 3350.00 54000.00 1.0478
45700 300.07 -96.94 -20911.25 3350.00 54000.00 1.0478
45800 300.07 -96.94 -20911.25 3350.00 54000.00 1.0478
45900 300.07 -96.94 -20911.25 3350.00 54000.00 1.0478
46000 300.07 -96.94 -20911.25 3350.00 54000.00 1.0478
46100 300.07 -96.94 -20911.25 3350.00 54000.00 1.0478
46200 300.07 -96.94 -20911.25 3350.00 54000.00 1.0478
46300 300.07 -96.94 -20911.25 3350.00 54000.00 1.0478
46400 300.07 -96.94 -20911.25 3350.00 54000.00 1.0478
46500 300.07 -96.94 -20911.25 3350.00 54000.00 1.0478
46600 300.07 -96.94 -20911.25 3350.00 54000.00 1.0478
46700 300.07 -96.94 -20911.25 3350.00 54000.00 1.0478
46800 300.07 -96.94 -20911.25 3350.00 54000.00 1.0478
46900 300.07 -96.94 -20911.25 3350.00 54000.00 1.0478
47000 300.07 -96.94 -20911.25 3350.00 54000.00 1.0478
47100 300.07 -96.94 -20911.25 3350.00 54000.00 1.0478
47200 300.07 -96.94 -20911.25 3350.00 54000.00 1.0478
47300 300.07 -96.94 -20911.25 3350.00 54000.00 1.0478
47400 300.07 -96.94 -20911.25 3350.00 54000.00 1.0478
47500 300.07 -96.94 -20911.25 3350.00 54000.00 1.0478
47600 300.07 -96.94 -20911.25 3350.00 54000.00 1.0478
47700 300.07 -96.94 -20911.25 3350.00 54000.00 1.0478
47800 300.07 -96.94 -20911.25 3350.00 54000.00 1.0478
47900 300.07 -96.94 -20911.25 3350.00 54000.00 1.0478
48000 300.07 -96.94 -20911.25 3350.00 54000.00 1.0478
48100 300.07 -96.94 -20911.25 3350.00 54000.00 1.0478
48200 300.07 -96.94 -20911.25 3350.00 54000.00 1.0478
48300 300.07 -96.94 -20911.25 3350.00 54000.00 1.0478
48400 300.07 -96.94 -20911.25 3350.00 54000.00 1.0478
48500 300.07 -96.94 -20911.25 3350.00 54000.00 1.0478
48600 300.07 -96.94 -20911.25 3350.00 54000.00 1.0478
48700 300.07 -96.94 -20911.25 3350.00 54000.00 1.0478
48800 300.07 -96.94 -20911.25 3350.00 54000.00 1.0478
48900 300.07 -96.94 -20911.25 3350.00 54000.00 1.0478
49000 300.07 -96.94 -20911.25 3350.00 54000.00 1.0478
49100 300.07 -96.94 -20911.25 3350.00 54000.00 1.0478
49200 300.07 -96.94 -20911.25 3350.00 54000.00 1.0478
49300 300.07 -96.94 -20911.25 3350.00 54000.00 1.0478
49400 300.07 -96.94 -20911.25 3350.00 54000.00 1.0478
49500 300.07 -96.94 -20911.25 3350.00 54000.00 1.0478
49600 300.07 -96.94 -20911.25 3350.00 54000.00 1.0478
49700 300.07 -96.94 -20911.25 3350.00 54000.00 1.0478
49800 300.07 -96.94 -20911.25 3350.00 54000.00 1.0478
49900 300.07 -96.94 -20911.25 3350.00 54000.00 1.0478
50000 300.07 -96.94 -20911.25 3350.00 54000.00 1.0478
50100 300.07 -96.94 -20911.25 3350.00 54000.00 1.0478
50200 300.07 -96.94 -20911.25 3350.00 54000.00 1.0478
50300 300.07 -96.94 -20911.25 3350.00 54000.00 1.0478
50400 300.07 -96.94 -20911.25 3350.00 54000.00 1.0478
50500 300.07 -96.94 -20911.25 3350.00 54000.00 1.0478
50600 300.07 -96.94 -20911.25 3350.00 54000.00 1.0478
50700 300.07 -96.94 -20911.25 3350.00 54000.00 1.0478
50800 300.07 -96.94 -20911.25 3350.00 54000.00 1.0478
50900 300.07 -96.94 -20911.25 3350.00 54000.00 1.0478
51000 300.07 -96.94 -20911.25 3350.00 54000.00 1.0478
51100 300.07 -96.94 -20911.25 3350.00 54000.00 1.0478
51200 300.07 -96.94 -20911.25 3350.00 54000.00 1.0478
51300 300.07 -96.94 -20911.25 3350.00 54000.00 1.0478
51400 300.07 -96.94 -20911.25 3350.00 54000.00 1.0478
51500 300.07 -96.94 -20911.25 3350.00 54000.00 1.0478
51600 300.07 -96.94 -20911.25 3350.00 54000.00 1.0478
51700 300.07 -96.94 -20911.25 3350.00 54000.00 1.0478
51800 300.07 -96.94 -20911.25 3350.00 54000.00 1.0478
51900 300.07 -96.94 -20911.25 3350.00 54000.00 1.0478
52000 300.07 -96.94 -20911.25 3350.00 54000.00 1.0478
52100 300.07 -96.94 -20911.25 3350.00 54000.00 1.0478
52200 300.07 -96.94 -20911.25 3350.00 54000.00 1.0478
52300 300.07 -96.94 -20911.25 3350.00 54000.00 1.0478
52400 300.07 -96.94 -20911.25 3350.00 54000.00 1.0478
52500 300.07 -96.94 -20911.25 3350.00 54000.00 1.0478
52600 300.07 -96.94 -20911.25 3350.00 54000.00 1.0478
52700 300.07 -96.94 -20911.25 3350.00 54000.00 1.0478
52800 300.07 -96.94 -20911.25 3350.00 54000.00 1.0478
52900 300.07 -96.94 -20911.25 3350.00 54000.00 1.0478
53000 300.07 -96.94 -20911.25 3350.00 54000.00 1.0478
53100 300.07 -96.94 -20911.25 3350.00 54000.00 1.0478
53200 300.07 -96.94 -20911.25 3350.00 54000.00 1.0478
53300 300.07 -96.94 -20911.25 3350.00 54000.00 1.0478
53400 300.07 -96.94 -20911.25 3350.00 54000.00 1.0478
53500 300.07 -96.94 -20911.25 3350.00 54000.00 1.0478
53600 300.07 -96.94 -20911.25 3350.00 54000.00 1.0478
53700 300.07 -96.94 -20911.25 3350.00 54000.00 1.0478
53800 300.07 -96.94 -20911.25 3350.00 54000.00 1.0478
53900 300.07 -96.94 -20911.25 3350.00 54000.00 1.0478
54000 300.07 -96.94 -20911.25 3350.00 54000.00 1.0478
54100 300.07 -96.94 -20911.25 3350.00 54000.00 1.0478
54200 300.07 -96.94 -20911.25 3350.00 54000.00 1.0478
54300 300.07 -96.94 -20911.25 3350.00 54000.00 1.0478
54400 300.07 -96.94 -20911.25 3350.00 54000.00 1.0478
54500 300.07 -96.94 -20911.25 3350.00 54000.00 1.0478
54600 300.07 -96.94 -20911.25 3350.00 54000.00 1.0478
54700 300.07 -96.94 -20911.25 3350.00 54000.00 1.0478
54800 300.07 -96.94 -20911.25 3350.00 54000.00 1.0478
54900 300.07 -96.94 -20911.25 3350.00 54000.00 1.0478
55000 300.07 -96.94 -20911.25 3350.00 54000.00 1.0478
55100 300.07 -96.94 -20911.25 3350.00 54000.00 1.0478
55200 300.07 -96.94 -20911.25 3350.00 54000.00 1.0478
55300 300.07 -96.94 -20911.25 3350.00 54000.00 1.0478
55400 300.07 -96.94 -20911.25 3350.00 54000.00 1.0478
55500 300.07 -96.94 -20911.25 3350.00 54000.00 1.0478
55600 300.07 -96.94 -20911.25 3350.00 54000.00 1.0478
55700 300.07 -96.94 -20911.25 3350.00 54000.00 1.0478
55800 300.07 -96.94 -20911.25 3350.00 54000.00 1.0478
55900 300.07 -96.94 -20911.25 3350.00 54000.00 1.0478
56000 300.07 -96.94 -20911.25 3350.00 54000.00 1.0478
56100 300.07 -96.94 -20911.25 3350.00 54000.00 1.0478
56200 300.07 -96.94 -20911.25 3350.00 54000.00 1.0478
56300 300.07 -96.94 -20911.25 3350.00 54000.00 1.0478
56400 300.07 -96.94 -20911.25 3350.00 54000.00 1.0478
56500 300.07 -96.94 -20911.25 3350.00 54000.00 1.0478
56600 300.07 -96.94 -20911.25 3350.00 54000.00 1.0478
56700 300.07 -96.94 -20911.25 3350.00 54000.00 1.0478
56800 300.07 -96.94 -20911.25 3350.00 54000.00 1.0478
56900 300.07 -96.94 -20911.25 3350.00 54000.00 1.0478
57000 300.07 -96.94 -20911.25 3350.00 54000.00 1.0478
57100 300.07 -96.94 -20911.25 3350.00 54000.00 1.0478
57200 300.07 -96.94 -20911.25 3350.00 54000.00 1.0478
57300 300.07 -96.94 -20911.25 3350.00 54000.00 1.0478
57400 300.07 -96.94 -20911.25 3350.00 54000.00 1.0478
57500 300.07 -96.94 -20911.25 3350.00 54000.00 1.0478
57600 300.07 -96.94 -20911.25 3350.00 54000.00 1.0478
57700 300.07 -96.94 -20911.25 3350.00 54000.00 1.0478
57800 300.07 -96.94 -20911.25 3350.00 54000.00 1.0478
57900 300.07 -96.94 -20911.25 3350.00 54000.00 1.0478
58000 300.07 -96.94 -20911.25 3350.00 54000.00 1.0478
58100 300.07 -96.94 -20911.25 3350.00 54000.00 1.0478
58200 300.07 -96.94 -20911.25 3350.00 54000.00 1.0478
58300 300.07 -96.94 -20911.25 3350.00 54000.00 1.0478
58400 300.07 -96.94 -20911.25 3350.00 54000.00 1.0478
58500 300.07 -96.94 -20911.25 3350.00 54000.00 1.0478
58600 300.07 -96.94 -20911.25 3350.00 54000.00 1.0478
58700 300.07 -96.94 -20911.25 3350.00 54000.00 1.0478
58800 300.07 -96.94 -20911.25 3350.00 54000.00 1.0478
58900 300.07 -96.94 -20911.25 3350.00 54000.00 1.0478
59000 300.07 -96.94 -20911.25 3350.00 54000.00 1.0478
59100 300.07 -96.94 -20911.25 3350.00 54000.00 1.0478
59200 300.07 -96.94 -20911.25 3350.00 54000.00 1.0478
59300 300.07 -96.94 -20911.25 3350.00 54000.00 1.0478
59400 300.07 -96.94 -20911.25 3350.00 54000.00 1.0478
59500 300.07 -96.94 -20911.25 3350.00 54000.00 1.0478
59600 300.07 -96.94 -20911.25 3350.00 54000.00 1.0478
59700 300.07 -96.94 -20911.25 3350.00 54000.00 1.0478
59800 300.07 -96.94 -20911.25 3350.00 54000.00 1.0478
59900 300.07 -96.94 -20911.25 3350.00 54000.00 1.0478
60000 300.07 -96.94 -20911.25 3350.00 54000.00 1.0478
60100 300.07 -96.94 -20911.25 3350.00 54000.00 1.0478
60200 300.07 -96.94 -20911.25 3350.00 54000.00 1.0478
60300 300.07 -96.94 -20911.25 3350.00 54000.00 1.0478
60400 300.07 -96.94 -20911.25 3350.00 54000.00 1.0478
60500 300.07 -96.94 -20911.25 3350.00 54000.00 1.0478
60600 300.07 -96.94 -20911.25 3350.00 54000.00 1.0478
60700 300.07 -96.94 -20911.25 3350.00 54000.00 1.0478
60800 300.07 -96.94 -20911.25 3350.00 54000.00 1.0478
60900 300.07 -96.94 -20911.25 3350.00 54000.00 1.0478
61000 300.07 -96.94 -20911.25 3350.00 54000.00 1.0478
61100 300.07 -96.94 -20911.25 3350.00 54000.00 1.0478
61200 300.07 -96.94 -20911.25 3350.00 54000.00 1.0478
61300 300.07 -96.94 -20911.25 3350.00 54000.00 1.0478
61400 300.07 -96.94 -20911.25 3350.00 54000.00 1.0478
61500 300.07 -96.94 -20911.25 3350.00 54000.00 1.0478
61600 300.07 -96.94 -20911.25 3350.00 54000.00 1.0478
61700 300.07 -96.94 -20911.25 3350.00 54000.00 1.0478
61800 300.07 -96.94 -20911.25 3350.00 54000.00 1.0478
61900 300.07 -96.94 -20911.25 3350.00 54000.00 1.0478
62000 300.07 -96.94 -20911.25 3350.00 54000.00 1.0478
62100 300.07 -96.94 -20911.25 3350.00 54000.00 1.0478
62200 300.07 -96.94 -20911.25 3350.00 54000.00 1.0478
62300 300.07 -96.94 -20911.25 3350.00 54000.00 1.0478
62400 300.07 -96.94 -20911.25 3350.00 54000.00 1.0478
62500 300.07 -96.94 -20911.25 3350.00 54000.00 1.0478
62600 300.07 -96.94 -20911.25 3350.00 54000.00 1.0478
62700 300.07 -96.94 -20911.25 3350.00 54000.00 1.0478
62800 300.07 -96.94 -20911.25 3350.00 54000.00 1.0478
62900 300.07 -96.94 -20911.25 3350.00 54000.00 1.0478
63000 300.07 -96.94 -20911.25 3350.00 54000.00 1.0478
63100 300.07 -96.94 -20911.25 3350.00 54000.00 1.0478
63200 300.07 -96.94 -20911.25 3350.00 54000.00 1.0478
63300 300.07 -96.94 -20911.25 3350.00 54000.00 1.0478
63400 300.07 -96.94 -20911.25 3350.00 54000.00 1.0478
63500 300.07 -96.94 -20911.25 3350.00 54000.00 1.0478
63600 300.07 -96.94 -20911.25 3350.00 54000.00 1.0478
63700 300.07 -96.94 -20911.25 3350.00 54000.00 1.0478
63800 300.07 -96.94 -20911.25 3350.00 54000.00 1.0478
63900 300.07 -96.94 -20911.25 3350.00 54000.00 1.0478
64000 300.07 -96.94 -20911.25 3350.00 54000.00 1.0478
64100 300.07 -96.94 -20911.25 3350.00 54000.00 1.0478
64200 300.07 -96.94 -20911.25 3350.00 54000.00 1.0478
64300 300.07 -96.94 -20911.25 3350.00 54000.00 1.0478
64400 300.07 -96.94 -20911.25 3350.00 54000.00 1.0478
64500 300.07 -96.94 -20911.25 3350.00 54000.00 1.0478
64600 300.07 -96.94 -20911.25 3350.00 54000.00 1.0478
64700 300.07 -96.94 -20911.25 3350.00 54000.00 1.0478
64800 300.07 -96.94 -20911.25 3350.00 54000.00 1.0478
64900 300.07 -96.94 -20911.25 3350.00 54000.00 1.0478
65000 300.07 -96.94 -20911.25 3350.00 54000.00 1.0478
65100 300.07 -96.94 -20911.25 3350.00 54000.00 1.0478
65200 300.07 -96.94 -20911.25 3350.00 54000.00 1.0478
65300 300.07 -96.94 -20911.25 3350.00 54000.00 1.0478
65400 300.07 -96.94 -20911.25 3350.00 54000.00 1.0478
65500 300.07 -96.94 -20911.25 3350.00 54000.00 1.0478
65600 300.07 -96.94 -20911.25 3350.00 54000.00 1.0478
65700 300.07 -96.94 -20911.25 3350.00 54000.00 1.0478
65800 300.07 -96.94 -20911.25 3350.00 54000.00 1.0478
65900 300.07 -96.94 -20911.25 3350.00 54000.00 1.0478
66000 300.07 -96.94 -20911.25 3350.00 54000.00 1.0478
66100 300.07 -96.94 -20911.25 3350.00 54000.00 1.0478
66200 300.07 -96.94 -20911.25 3350.00 54000.00 1.0478
66300 300.07 -96.94 -20911.25 3350.00 54000.00 1.0478
66400 300.07 -96.94 -20911.25 3350.00 54000.00 1.0478
66500 300.07 -96.94 -20911.25 3350.00 54000.00 1.0478
66600 300.07 -96.94 -20911.25 3350.00 54000.00 1.0478
66700 300.07 -96.94 -20911.25 3350.00 54000.00 1.0478
66800 300.07 -96.94 -20911.25 3350.00 54000.00 1.0478
66900 300.07 -96.94 -20911.25 3350.00 54000.00 1.0478
67000 300.07 -96.94 -20911.25 3350.00 54000.00 1.0478
67100 300.07 -96.94 -20911.25 3350.00 54000.00 1.0478
67200 300.07 -96.94 -20911.25 3350.00 54000.00 1.0478
67300 300.07 -96.94 -20911.25 3350.00 54000.00 1.0478
67400 300.07 -96.94 -20911.25 3350.00 54000.00 1.0478
67500 300.07 -96.94 -20911.25 3350.00 54000.00 1.0478
67600 300.07 -96.94 -20911.25 3350.00 54000.00 1.0478
67700 300.07 -96.94 -20911.25 3350.00 54000.00 1.0478
67800 300.07 -96.94 -20911.25 3350.00 54000.00 1.0478
67900 300.07 -96.94 -20911.25 3350.00 54000.00 1.0478
68000 300.07 -96.94 -20911.25 3350.00 54000.00 1.0478
68100 300.07 -96.94 -20911.25 3350.00 54000.00 1.0478
68200 300.07 -96.94 -20911.25 3350.00 54000.00 1.0478
68300 300.07 -96.94 -20911.25 3350.00 54000.00 1.0478
68400 300.07 -96.94 -20911.25 3350.00 54000.00 1.0478
68500 300.07 -96.94 -20911.25 3350.00 54000.00 1.0478
68600 300.07 -96.94 -20911.25 3350.00 54000.00 1.0478
68700 300.07 -96.94 -20911.25 3350.00 54000.00 1.0478
68800 300.07 -96.94 -20911.25 3350.00 54000.00 1.0478
68900 300.07 -96.94 -20911.25 3350.00 54000.00 1.0478
69000 300.07 -96.94 -20911.25 3350.00 54000.00 1.0478
69100 300.07 -96.94 -20911.25 3350.00 54000.00 1.0478
69200 300.07 -96.94 -20911.25 3350.00 54000.00 1.0478
69300 300.07 -96.94 -20911.25 3350.00 54000.00 1.0478
69400 300.07 -96.94 -20911.25 3350.00 54000.00 1.0478
69500 300.07 -96.94 -20911.25 3350.00 54000.00 1.0478
69600 300.07 -96.94 -20911.25 3350.00 54000.00 1.0478
69700 300.07 -96.94 -20911.25 3350.00 54000.00 1.0478
69800 300.07 -96.94 -20911.25 3350.00 54000.00 1.0478
69900 300.07 -96.94 -20911.25 3350.00 54000.00 1.0478
70000 300.07 -96.94 -20911.25 3350.00 54000.00 1.0478
70100 300.07 -96.94 -20911.25 3350.00 54000.00 1.0478
70200 300.07 -96.94 -20911.25 3350.00 54000.00 1.0478
70300 300.07 -96.94 -20911.25 3350.00 54000.00 1.0478
70400 300.07 -96.94 -20911.25 3350.00 54000.00 1.0478
70500 300.07 -96.94 -20911.25 3350.00 54000.00 1.0478
70600 300.07 -96.94 -20911.25 3350.00 54000.00 1.0478
70700 300.07 -96.94 -20911.25 3350.00 54000.00 1.0478
70800 300.07 -96.94 -20911.25 3350.00 54000.00 1.0478
70900 300.07 -96.94 -20911.25 3350.00 54000.00 1.0478
71000 300.07 -96.94 -20911.25 3350.00 54000.00 1.0478
71100 300.07 -96.94 -20911.25 3350.00 54000.00 1.0478
71200 300.07 -96.94 -20911.25 3350.00 54000.00 1.0478
71300 300.07 -96.94 -20911.25 3350.00 54000.00 1.0478
71400 300.07 -96.94 -20911.25 3350.00 54000.00 1.0478
71500 300.07 -96.94 -20911.25 3350.00 54000.00 1.0478
71600 300.07 -96.94 -20911.25 3350.00 54000.00 1.0478
71700 300.07 -96.94 -20911.25 3350.00 54000.00 1.0478
71800 300.07 -96.94 -20911.25 3350.00 54000.00 1.0478
71900 300.07 -96.94 -20911.25 3350.00 54000.00 1.0478
72000 300.07 -96.94 -20911.25 3350.00 54000.00 1.0478
72100 300.07 -96.94 -20911.25 3350.00 54000.00 1.0478
72200 300.07 -96.94 -20911.25 3350.00 54000.00 1.0478
72300 300.07 -96.94 -20911.25 3350.00 54000.00 1.0478
72400 300.07 -96.94 -20911.25 3350.00 54000.00 1.0478
72500 300.07 -96.94 -20911.25 3350.00 54000.00 1.0478
72600 300.07 -96.94 -20911.25 3350.00 54000.00 1.0478
72700 300.07 -96.94 -20911.25 3350.00 54000.00 1.0478
72800 300.07 -96.94 -20911.25 3350.00 54000.00 1.0478
72900 300.07 -96.94 -20911.25 3350.00 54000.00 1.0478
73000 300.07 -96.94 -20911.25 3350.00 54000.00 1.0478
73100 300.07 -96.94 -20911.25 3350.00 54000.00 1.0478
73200 300.07 -96.94 -20911.25 3350.00 54000.00 1.0478
73300 300.07 -96.94 -20911.25 3350.00 54000.00 1.0478
73400 300.07 -96.94 -20911.25 3350.00 54000.00 1.0478
73500 300.07 -96.94 -20911.25 3350.00 54000.00 1.0478
73600 300.07 -96.94 -20911.25 3350.00 54000.00 1.0478
73700 300.07 -96.94 -20911.25 3350.00 54000.00 1.0478
73800 300.07 -96.94 -20911.25 3350.00 54000.00 1.0478
73900 300.07 -96.94 -20911.25 3350.00 54000.00 1.0478
74000 300.07 -96.94 -20911.25 3350.00 54000.00 1.0478
74100 300.07 -96.94 -20911.25 3350.00 54000.00 1.0478
74200 300.07 -96.94 -20911.25 3350.00 54000.00 1.0478
74300 300.07 -96.94 -20911.25 3350.00 54000.00 1.0478
74400 300.07 -96.94 -20911.25 3350.00 54000.00 1.0478
74500 300.07 -96.94 -20911.25 3350.00 54000.00 1.0478
74600 300.07 -96.94 -20911.25 3350.00 54000.00 1.0478
74700 300.07 -96.94 -20911.25 3350.00 54000.00 1.0478
74800 300.07 -96.94 -20911.25 3350.00 54000.00 1.0478
74900 300.07 -96.94 -20911.25 3350.00 54000.00 1.0478
75000 300.07 -96.94 -20911.25 3350.00 54000.00 1.0478
75100 300.07 -96.94 -20911.25 3350.00 54000.00 1.0478
75200 300.07 -96.94 -20911.25 3350.00 54000.00 1.0478
75300 300.07 -96.94 -20911.25 3350.00 54000.00 1.0478
75400 300.07 -96.94 -20911.25 3350.00 54000.00 1.0478
75500 300.07 -96.94 -20911.25 3350.00 54000.00 1.0478
75600 300.07 -96.94 -20911.25 3350.00 54000.00 1.0478
75700 300.07 -96.94 -20911.25 3350.00 54000.00 1.0478
75800 300.07 -96.94 -20911.25 3350.00 54000.00 1.0478
75900 300.07 -96.94 -20911.25 3350.00 54000.00 1.0478
76000 300.07 -96.94 -20911.25 3350.00 54000.00 1.0478
76100 300.07 -96.94 -20911.25 3350.00 54000.00 1.0478
76200 300.07 -96.94 -20911.25 3350.00 54000.00 1.0478
76300 300.07 -96.94 -20911.25 3350.00 54000.00 1.0478
76400 300.07 -96.94 -20911.25 3350.00 54000.00 1.0478
76500 300.07 -96.94 -20911.25 3350.00 54000.00 1.0478
76600 300.07 -96.94 -20911.25 3350.00 54000.00 1.0478
76700 300.07 -96.94 -20911.25 3350.00 54000.00 1.0478
76800 300.07 -96.94 -20911.25 3350.00 54000.00 1.0478
76900 300.07 -96.94 -20911.25 3350.00 54000.00 1.0478
77000 300.07 -96.94 -20911.25 3350.00 54000.00 1.0478
77100 300.07 -96.94 -20911.25 3350.00 54000.00 1.0478
77200 300.07 -96.94 -20911.25 3350.00 54000.00 1.0478
77300 300.07 -96.94 -20911.25 3350.00 54000.00 1.0478
77400 300.07 -96.94 -20911.25 3350.00 54000.00 1.0478
77500 300.07 -96.94 -20911.25 3350.00 54000.00 1.0478
77600 300.07 -96.94 -20911.25 3350.00 54000.00 1.0478
77700 300.07 -96.94 -20911.25 3350.00 54000.00 1.0478
77800 300.07 -96.94 -20911.25 3350.00 54000.00 1.0478
77900 300.07 -96.94 -20911.25 3350.00 54000.00 1.0478
78000 300.07 -96.94 -20911.25 3350.00 54000.00 1.0478
78100 300.07 -96.94 -20911.25 3350.00 54000.00 1.0478
78200 300.07 -96.94 -20911.25 3350.00 54000.00 1.0478
78300 300.07 -96.94 -20911.25 3350.00 54000.00 1.0478
78400 300.07 -96.94 -20911.25 3350.00 54000.00 1.0478
78500 300.07 -96.94 -20911.25 3350.00 54000.00 1.0478
78600 300.07 -96.94 -20911.25 3350.00 54000.00 1.0478
78700 300.07 -96.94 -20911.25 3350.00 54000.00 1.0478
78800 300.07 -96.94 -20911.25 3350.00 54000.00 1.0478
78900 300.07 -96.94 -20911.25 3350.00 54000.00 1.0478
79000 300.07 -96.94 -20911.25 3350.00 54000.00 1.0478
79100 300.07 -96.94 -20911.25 3350.00 54000.00 1.0478
79200 300.07 -96.94 -20911.25 3350.00 54000.00 1.0478
79300 300.07 -96.94 -20911.25 3350.00 54000.00 1.0478
79400 300.07 -96.94 -20911.25 3350.00 54000.00 1.0478
79500 300.07 -96.94 -20911.25 3350.00 54000.00 1.0478
79600 300.07 -96.94 -20911.25 3350.00 54000.00 1.0478
79700 300.07 -96.94 -20911.25 3350.00 54000.00 1.0478
79800 300.07 -96.94 -20911.25 3350.00 54000.00 1.0478
79900 300.07 -96.94 -20911.25 3350.00 54000.00 1.0478
80000 300.07 -96.94 -20911.25 3350.00 54000.00 1.0478
80100 300.07 -96.94 -20911.25 3350.00 54000.00 1.0478
80200 300.07 -96.94 -20911.25 3350.00 54000.00 1.0478
80300 300.07 -96.94 -20911.25 3350.00 54000.00 1.0478
80400 300.07 -96.94 -20911.25 3350.00 54000.00 1.0478
80500 300.07 -96.94 -20911.25 3350.00 54000.00 1.0478
80600 300.07 -96.94 -20911.25 3350.00 54000.00 1.0478
80700 300.07 -96.94 -20911.25 3350.00 54000.00 1.0478
80800 300.07 -96.94 -20911.25 3350.00 54000.00 1.0478
80900 300.07 -96.94 -20911.25 3350.00 54000.00 1.0478
81000 300.07 -96.94 -20911.25 3350.00 54000.00 1.0478
81100 300.07 -96.94 -20911.25 3350.00 54000.00 1.0478
81200 300.07 -96.94 -20911.25 3350.00 54000.00 1.0478
81300 300.07 -96.94 -20911.25 3350.00 54000.00 1.0478
81400 300.07 -96.94 -20911.25 3350.00 54000.00 1.0478
81500 300.07 -96.94 -20911.25 3350.00 54000.00 1.0478
81600 300.07 -96.94 -20911.25 3350.00 54000.00 1.0478
81700 300.07 -96.94 -20911.25 3350.00 54000.00 1.0478
81800 300.07 -96.94 -20911.25 3350.00 54000.00 1.0478
81900 300.07 -96.94 -20911.25 3350.00 54000.00 1.0478
82000 300.07 -96.94 -20911.25 3350.00 54000.00 1.0478
82100 300.07 -96.94 -20911.25 3350.00 54000.00 1.0478
82200 300.07 -96.94 -20911.25 3350.00 54000.00 1.0478
82300 300.07 -96.94 -20911.25 3350.00 54000.00 1.0478
82400 300.07 -96.94 -20911.25 3350.00 54000.00 1.0478
82500 300.07 -96.94 -20911.25 3350.00 54000.00 1.0478
82600 300.07 -96.94 -20911.25 3350.00 54000.00 1.0478
82700 300.07 -96.94 -20911.25 3350.00 54000.00 1.0478
82800 300.07 -96.94 -20911.25 3350.00 54000.00 1.0478
82900 300.07 -96.94 -20911.25 3350.00 54000.00 1.0478
83000 300.07 -96.94 -20911.25 3350.00 54000.00 1.0478
83100 300.07 -96.94 -20911.25 3350.00 54000.00 1.0478
83200 300.07 -96.94 -20911.25 3350.00 54000.00 1.0478
83300 300.07 -96.94 -20911.25 3350.00 54000.00 1.0478
83400 300.07 -96.94 -20911.25 3350.00 54000.00 1.0478
83500 300.07 -96.94 -20911.25 3350.00 54000.00 1.0478
83600 300.07 -96.94 -20911.25 3350.00 54000.00 1.0478
83700 300.07 -96.94 -20911.25 3350.00 54000.00 1.0478
83800 300.07 -96.94 -20911.25 3350.00 54000.00 1.0478
83900 300.07 -96.94 -20911.25 3350.00 54000.00 1.0478
84000 300.07 -96.94 -20911.25 3350.00 54000.00 1.0478
84100 300.07 -96.94 -20911.25 3350.00 54000.00 1.0478
84200 300.07 -96.94 -20911.25 3350.00 54000.00 1.0478
84300 300.07 -96.94 -20911.25 3350.00 54000.00 1.0478
84400 300.07 -96.94 -20911.25 3350.00 54000.00 1.0478
84500 300.07 -96.94 -20911.25 3350.00 54000.00 1.0478
84600 300.07 -96.94 -20911.25 3350.00 54000.00 1.0478
84700 300.07 -96.94 -20911.25 3350.00 54000.00 1.0478
84800 300.07 -96.94 -20911.25 3350.00 54000.00 1.0478
84900 300.07 -96.94 -20911.25 3350.00 54000.00 1.0478
85000 300.07 -96.94 -20911.25 3350.00 54000.00 1.0478
85100 300.07 -96.94 -20911.25 3350.00 54000.00 1.0478
85200 300.07 -96.94 -20911.25 3350.00 54000.00 1.0478
85300 300.07 -96.94 -20911.25 3350.00 54000.00 1.0478
85400 300.07 -96.94 -20911.25 3350.00 54000.00 1.0478
85500 300.07 -96.94 -20911.25 3350.00 54000.00 1.0478
85600 300.07 -96.94 -20911.25 3350.00 54000.00 1.0478
85700 300.07 -96.94 -20911.25 3350.00 54000.00 1.0478
85800 300.07 -96.94 -20911.25 3350.00 54000.00 1.0478
85900 300.07 -96.94 -20911.25 3350.00 54000.00 1.0478
86000 300.07 -96.94 -20911.25 3350.00 54000.00 1.0478
86100 300.07 -96.94 -20911.25 3350.00 54000.00 1.0478
86200 300.07 -96.94 -20911.25 3350.00 54000.00 1.0478
86300 300.07 -96.94 -20911.25 3350.00 54000.00 1.0478
86400 300.07 -96.94 -20911.25 3350.00 54000.00 1.0478
86500 300.07 -96.94 -20911.25 3350.00 54000.00 1.0478
86600 300.07 -96.94 -20911.25 3350.00 54000.00 1.0478
86700 300.07 -96.94 -20911.25 3350.00 54000.00 1.0478
86800 300.07 -96.94 -20911.25 3350.00 54000.00 1.0478
86900 300.07 -96.94 -20911.25 3350.00 54000.00 1.0478
87000 300.07 -96.94 -20911.25 3350.00 54000.00 1.0478
87100 300.07 -96.94 -20911.25 3350.00 54000.00 1.0478
87200 300.07 -96.94 -20911.25 3350.00 54000.00 1.0478
87300 300.07 -96.94 -20911.25 3350.00 54000.00 1.0478
87400 300.07 -96.94 -20911.25 3350.00 54000.00 1.0478
87500 300.07 -96.94 -20911.25 3350.00 54000.00 1.0478
87600 300.07 -96.94 -20911.25 3350.00 54000.00 1.0478
87700 300.07 -96.94 -20911.25 3350.00 54000.00 1.0478
87800 300.07 -96.94 -20911.25 3350.00 54000.00 1.0478
87900 300.07 -96.94 -20911.25 3350.00 54000.00 1.0478
88000 300.07 -96.94 -20911.25 3350.00 54000.00 1.0478
88100 300.07 -96.94 -20911.25 3350.00 54000.00 1.0478
88200 300.07 -96.94 -20911.25 3350.00 54000.00 1.0478
88300 300.07 -96.94 -20911.25 3350.00 54000.00 1.0478
88400 300.07 -96.94 -20911.25 3350.00 54000.00 1.0478
88500 300.07 -96.94 -20911.25 3350.00 54000.00 1.0478
88600 300.07 -96.94 -20911.25 3350.00 54000.00 1.0478
88700 300.07 -96.94 -20911.25 3350.00 54000.00 1.0478
88800 300.07 -96.94 -20911.25 3350.00 54000.00 1.0478
88900 300.07 -96.94 -20911.25 3350.00 54000.00 1.0478
89000 300.07 -96.94 -20911.25 3350.00 54000.00 1.0478
89100 300.07 -96.94 -20911.25 3350.00 54000.00 1.0478
89200 300.07 -96.94 -20911.25 3350.00 54000.00 1.0478
89300 300.07 -96.94 -20911.25 3350.00 54000.00 1.0478
89400 300.07 -96.94 -20911.25 3350.00 54000.00 1.0478
89500 300.07 -96.94 -20911.25 3350.00 54000.00 1.0478
89600 300.07 -96.94 -20911.25 3350.00 54000.00 1.0478
89700 300.07 -96.94 -20911.25 3350.00 54000.00 1.0478
89800 300.07 -96.94 -20911.25 3350.00 54000.00 1.0478
89900 300.07 -96.94 -20911.25 3350.00 54000.00 1.0478
90000 300.07 -96.94 -20911.25 3350.00 54000.00 1.0478
90100 300.07 -96.94 -20911.25 3350.00 54000.00 1.0478
90200 300.07 -96.94 -20911.25 3350.00 54000.00 1.0478
90300 300.07 -96.94 -20911.25 3350.00 54000.00 1.0478
90400 300.07 -96.94 -20911.25 3350.00 54000.00 1.0478
90500 300.07 -96.94 -20911.25 3350.00 54000.00 1.0478
90600 300.07 -96.94 -20911.25 3350.00 54000.00 1.0478
90700 300.07 -96.94 -20911.25 3350.00 54000.00 1.0478
90800 300.07 -96.94 -20911.25 3350.00 54000.00 1.0478
90900 300.07 -96.94 -20911.25 3350.00 54000.00 1.0478
91000 300.07 -96.94 -20911.25 3350.00 54000.00 1.0478
91100 300.07 -96.94 -20911.25 3350.00 54000.00 1.0478
91200 300.07 -96.94 -20911.25 3350.00 54000.00 1.0478
91300 300.07 -96.94 -20911.25 3350.00 54000.00 1.0478
91400 300.07 -96.94 -20911.25 3350.00 54000.00 1.0478
91500 300.07 -96.94 -20911.25 3350.00 54000.00 1.0478
91600 300.07 -96.94 -20911.25 3350.00 54000.00 1.0478
91700 300.07 -96.94 -20911.25 3350.00 54000.00 1.0478
91800 300.07 -96.94 -20911.25 3350.00 54000.00 1.0478
91900 300.07 -96.94 -20911.25 3350.00 54000.00 1.0478
92000 300.07 -96.94 -20911.25 3350.00 54000.00 1.0478
92100 300.07 -96.94 -20911.25 3350.00 54000.00 1.0478
92200 300.07 -96.94 -20911.25 3350.00 54000.00 1.0478
92300 300.07 -96.94 -20911.25 3350.00 54000.00 1.0478
92400 300.07 -96.94 -20911.25 3350.00 54000.00 1.0478
92500 300.07 -96.94 -20911.25 3350.00 54000.00 1.0478
92600 300.07 -96.94 -20911.25 3350.00 54000.00 1.0478
92700 300.07 -96.94 -20911.25 3350.00 54000.00 1.0478
92800 300.07 -96.94 -20911.25 3350.00 54000.00 1.0478
92900 300.07 -96.94 -20911.25 3350.00 54000.00 1.0478
93000 300.07 -96.94 -20911.25 3350.00 54000.00 1.0478
93100 300.07 -96.94 -20911.25 3350.00 54000.00 1.0478
93200 300.07 -96.94 -20911.25 3350.00 54000.00 1.0478
93300 300.07 -96.94 -20911.25 3350.00 54000.00 1.0478
93400 300.07 -96.94 -20911.25 3350.00 54000.00 1.0478
93500 300.07 -96.94 -20911.25 3350.00 54000.00 1.0478
93600 300.07 -96.94 -20911.25 3350.00 54000.00 1.0478
93700 300.07 -96.94 -20911.25 3350.00 54000.00 1.0478
93800 300.07 -96.94 -20911.25 3350.00 54000.00 1.0478
93900 300.07 -96.94 -20911.25 3350.00 54000.00 1.0478
94000 300.07 -96.94 -20911.25 3350.00 54000.00 1.0478
94100 300.07 -96.94 -20911.25 3350.00 54000.00 1.0478
94200 300.07 -96.94 -20911.25 3350.00 54000.00 1.0478
94300 300.07 -96.94 -20911.25 3350.00 54000.00 1.0478
94400 300.07 -96.94 -20911.25 3350.00 54000.00 1.0478
94500 300.07 -96.94 -20911.25 3350.00 54000.00 1.0478
94600 300.07 -96.94 -20911.25 3350.00 54000.00 1.0478
94700 300.07 -96.94 -20911.25 3350.00 54000.00 1.0478
94800 300.07 -96.94 -20911.25 3350.00 54000.00 1.0478
94900 300.07 -96.94 -20911.25 3350.00 54000.00 1.0478
95000 300.07 -96.94 -20911.25 3350.00 54000.00 1.0478
95100 300.07 -96.94 -20911.25 3350.00 54000.00 1.0478
95200 300.07 -96.94 -20911.25 3350.00 54000.00 1.0478
95300 300.07 -96.94 -20911.25 3350.00 54000.00 1.0478
95400 300.07 -96.94 -20911.25 3350.00 54000.00 1.0478
95500 300.07 -96.94 -20911.25 3350.00 54000.00 1.0478
95600 300.07 -96.94 -20911.25 3350.00 54000.00 1.0478
95700 300.07 -96.94 -20911.25 3350.00 54000.00 1.0478
95800 300.07 -96.94 -20911.25 3350.00 54000.00 1.0478
95900 300.07 -96.94 -20911.25 3350.00 54000.00 1.0478
96000 300.07 -96.94 -20911.25 3350.00 54000.00 1.0478
96100 300.07 -96.94 -20911.25 3350.00 54000.00 1.0478
96200 300.07 -96.94 -20911.25 3350.00 54000.00 1.0478
96300 300.07 -96.94 -20911.25 3350.00 54000.00 1.0478
96400 300.07 -96.94 -20911.25 3350.00 54000.00 1.0478
96500 300.07 -96.94 -20911.25 3350.00 54000.00 1.0478
96600 300.07 -96.94 -20911.25 3350.00 54000.00 1.0478
96700 300.07 -96.94 -20911.25 3350.00 54000.00 1.0478
96800 300.07 -96.94 -20911.25 3350.00 54000.00 1.0478
96900 300.07 -96.94 -20911.25 3350.00 54000.00 1.0478
97000 300.07 -96.94 -20911.25 3350.00 54000.00 1.0478
97100 300.07 -96.94 -20911.25 3350.00 54000.00 1.0478
97200 300.07 -96.94 -20911.25 3350.00 54000.00 1.0478
97300 300.07 -96.94 -20911.25 3350.00 54000.00 1.0478
97400 300.07 -96.94 -20911.25 3350.00 54000.00 1.0478
97500 300.07 -96.94 -20911.25 3350.00 54000.00 1.0478
97600 300.07 -96.94 -20911.25 3350.00 54000.00 1.0478
97700 300.07 -96.94 -20911.25 3350.00 54000.00 1.0478
97800 300.07 -96.94 -20911.25 3350.00 54000.00 1.0478
97900 300.07 -96.94 -20911.25 3350.00 54000.00 1.0478
98000 300.07 -96.94 -20911.25 3350.00 54000.00 1.0478
98100 300.07 -96.94 -20911.25 3350.00 54000.00 1.0478
98200 300.07 -96.94 -20911.25 3350.00 54000.00 1.0478
98300 300.07 -96.94 -20911.25 3350.00 54000.00 1.0478
98400 300.07 -96.94 -20911.25 3350.00 54000.00 1.0478
98500 300.07 -96.94 -20911.25 3350.00 54000.00 1.0478
98600 300.07 -96.94 -20911.25 3350.00 54000.00 1.0478
98700 300.07 -96.94 -20911.25 3350.00 54000.00 1.0478
98800 300.07 -96.94 -20911.25 3350.00 54000.00 1.0478
98900 300.07 -96.94 -20911.25 3350.00 54000.00 1.0478
99000 300.07 -96.94 -20911.25 3350.00 54000.00 1.0478
99100 300.07 -96.94 -20911.25 3350.00 54000.00 1.0478
99200 300.07 -96.94 -20911.25 3350.00 54000.00 1.0478
99300 300.07 -96.94 -20911.25 3350.00 54000.00 1.0478
99400 300.07 -96.94 -20911.25 3350.00 54000.00 1.0478
99500 300.07 -96.94 -20911.25 3350.00 54000.00 1.0478
99600 300.07 -96.94 -20911.25 3350.00 54000.00 1.0478
99700 300.07 -96.94 -20911.25 3350.00 54000.00 1.0478
99800 300.07 -96.94 -20911.25 3350.00 54000.00 1.0478
99900 300.07 -96.94 -20911.25 3350.00 54000.00 1.0478
