# TimeStep Temp Press PotEng KinEng Volume Density
0 297.79 -70.33 -21092.90 3350.00 54000.00 1.0444
100 298.66 -137.96 -21028.15 3350.00 54000.00 1.0468
200 299.12 -137.91 -21005.84 3350.00 54000.00 1.0473
300 299.44 -129.39 -20985.32 3350.00 54000.00 1.0477
400 299.65 -117.77 -20966.61 3350.00 54000.00 1.0479
500 299.79 -106.03 -20950.47 3350.00 54000.00 1.0479
600 299.89 -95.53 -20937.05 3350.00 54000.00 1.0479
700 299.95 -86.69 -20926.19 3350.00 54000.00 1.0478
800 300.00 -79.51 -20917.58 3350.00 54000.00 1.0478
900 300.02 -73.82 -20910.88 3350.00 54000.00 1.0477
1000 300.04 -69.36 -20905.72 3350.00 54000.00 1.0477
1100 300.06 -65.91 -20901.79 3350.00 54000.00 1.0476
1200 300.07 -63.25 -20898.83 3350.00 54000.00 1.0476
1300 300.07 -61.22 -20896.62 3350.00 54000.00 1.0475
1400 300.08 -59.67 -20894.97 3350.00 54000.00 1.0475
1500 300.08 -58.49 -20893.75 3350.00 54000.00 1.0475
1600 300.08 -57.60 -20892.86 3350.00 54000.00 1.0475
1700 300.08 -56.93 -20892.20 3350.00 54000.00 1.0474
1800 300.08 -56.41 -20891.71 3350.00 54000.00 1.0474
1900 300.09 -56.02 -20891.36 3350.00 54000.00 1.0474
2000 300.09 -55.72 -20891.11 3350.00 54000.00 1.0474
2100 300.09 -55.50 -20890.92 3350.00 54000.00 1.0474
2200 300.09 -55.34 -20890.79 3350.00 54000.00 1.0474
2300 300.09 -55.21 -20890.69 3350.00 54000.00 1.0474
2400 300.09 -55.11 -20890.63 3350.00 54000.00 1.0474
2500 300.09 -55.04 -20890.58 3350.00 54000.00 1.0474
2600 300.09 -54.99 -20890.55 3350.00 54000.00 1.0474
2700 300.09 -54.95 -20890.53 3350.00 54000.00 1.0474
2800 300.09 -54.92 -20890.52 3350.00 54000.00 1.0474
2900 300.09 -54.90 -20890.52 3350.00 54000.00 1.0474
3000 300.09 -54.89 -20890.51 3350.00 54000.00 1.0474
3100 300.09 -54.87 -20890.51 3350.00 54000.00 1.0474
3200 300.09 -54.86 -20890.52 3350.00 54000.00 1.0474
3300 300.09 -54.86 -20890.52 3350.00 54000.00 1.0474
3400 300.09 -54.86 -20890.52 3350.00 54000.00 1.0474
3500 300.09 -54.86 -20890.53 3350.00 54000.00 1.0474
3600 300.09 -54.86 -20890.54 3350.00 54000.00 1.0474
3700 300.09 -54.86 -20890.54 3350.00 54000.00 1.0474
3800 300.09 -54.86 -20890.55 3350.00 54000.00 1.0474
3900 300.09 -54.86 -20890.55 3350.00 54000.00 1.0474
4000 300.09 -54.86 -20890.56 3350.00 54000.00 1.0474
4100 300.09 -54.86 -20890.56 3350.00 54000.00 1.0474
4200 300.09 -54.86 -20890.57 3350.00 54000.00 1.0474
4300 300.09 -54.87 -20890.58 3350.00 54000.00 1.0474
4400 300.09 -54.87 -20890.58 3350.00 54000.00 1.0474
4500 300.09 -54.87 -20890.58 3350.00 54000.00 1.0474
4600 300.09 -54.87 -20890.59 3350.00 54000.00 1.0474
4700 300.09 -54.87 -20890.59 3350.00 54000.00 1.0474
4800 300.09 -54.87 -20890.59 3350.00 54000.00 1.0474
4900 300.09 -54.87 -20890.59 3350.00 54000.00 1.0474
5000 300.09 -54.87 -20890.59 3350.00 54000.00 1.0474
5100 300.09 -54.87 -20890.58 3350.00 54000.00 1.0474
5200 300.09 -54.87 -20890.58 3350.00 54000.00 1.0474
5300 300.09 -54.87 -20890.59 3350.00 54000.00 1.0474
5400 300.09 -54.87 -20890.59 3350.00 54000.00 1.0474
5500 300.09 -54.87 -20890.59 3350.00 54000.00 1.0474
5600 300.09 -54.87 -20890.59 3350.00 54000.00 1.0474
5700 300.09 -54.87 -20890.59 3350.00 54000.00 1.0474
5800 300.09 -54.87 -20890.59 3350.00 54000.00 1.0474
5900 300.09 -54.87 -20890.59 3350.00 54000.00 1.0474
6000 300.09 -54.87 -20890.59 3350.00 54000.00 1.0474
6100 300.09 -54.87 -20890.59 3350.00 54000.00 1.0474
6200 300.09 -54.87 -20890.59 3350.00 54000.00 1.0474
6300 300.09 -54.87 -20890.59 3350.00 54000.00 1.0474
6400 300.09 -54.87 -20890.59 3350.00 54000.00 1.0474
6500 300.09 -54.87 -20890.60 3350.00 54000.00 1.0474
6600 300.09 -54.87 -20890.60 3350.00 54000.00 1.0474
6700 300.09 -54.87 -20890.60 3350.00 54000.00 1.0474
6800 300.09 -54.87 -20890.60 3350.00 54000.00 1.0474
6900 300.09 -54.87 -20890.60 3350.00 54000.00 1.0474
7000 300.09 -54.87 -20890.60 3350.00 54000.00 1.0474
7100 300.09 -54.87 -20890.60 3350.00 54000.00 1.0474
7200 300.09 -54.87 -20890.60 3350.00 54000.00 1.0474
7300 300.09 -54.87 -20890.60 3350.00 54000.00 1.0474
7400 300.09 -54.87 -20890.60 3350.00 54000.00 1.0474
7500 300.09 -54.87 -20890.60 3350.00 54000.00 1.0474
7600 300.09 -54.87 -20890.60 3350.00 54000.00 1.0474
7700 300.09 -54.87 -20890.60 3350.00 54000.00 1.0474
7800 300.09 -54.87 -20890.60 3350.00 54000.00 1.0474
7900 300.09 -54.87 -20890.60 3350.00 54000.00 1.0474
8000 300.09 -54.87 -20890.60 3350.00 54000.00 1.0474
8100 300.09 -54.87 -20890.60 3350.00 54000.00 1.0474
8200 300.09 -54.87 -20890.60 3350.00 54000.00 1.0474
8300 300.09 -54.87 -20890.60 3350.00 54000.00 1.0474
8400 300.09 -54.87 -20890.60 3350.00 54000.00 1.0474
8500 300.09 -54.87 -20890.60 3350.00 54000.00 1.0474
8600 300.09 -54.87 -20890.60 3350.00 54000.00 1.0474
8700 300.09 -54.87 -20890.60 3350.00 54000.00 1.0474
8800 300.09 -54.87 -20890.60 3350.00 54000.00 1.0474
8900 300.09 -54.87 -20890.60 3350.00 54000.00 1.0474
9000 300.09 -54.87 -20890.60 3350.00 54000.00 1.0474
9100 300.09 -54.87 -20890.60 3350.00 54000.00 1.0474
9200 300.09 -54.87 -20890.60 3350.00 54000.00 1.0474
9300 300.09 -54.87 -20890.60 3350.00 54000.00 1.0474
9400 300.09 -54.87 -20890.60 3350.00 54000.00 1.0474
9500 300.09 -54.87 -20890.60 3350.00 54000.00 1.0474
9600 300.09 -54.87 -20890.60 3350.00 54000.00 1.0474
9700 300.09 -54.87 -20890.60 3350.00 54000.00 1.0474
9800 300.09 -54.87 -20890.60 3350.00 54000.00 1.0474
9900 300.09 -54.87 -20890.60 3350.00 54000.00 1.0474
10000 300.09 -54.87 -20890.60 3350.00 54000.00 1.0474
10100 300.09 -54.87 -20890.60 3350.00 54000.00 1.0474
10200 300.09 -54.87 -20890.60 3350.00 54000.00 1.0474
10300 300.09 -54.87 -20890.60 3350.00 54000.00 1.0474
10400 300.09 -54.87 -20890.60 3350.00 54000.00 1.0474
10500 300.09 -54.87 -20890.60 3350.00 54000.00 1.0474
10600 300.09 -54.87 -20890.60 3350.00 54000.00 1.0474
10700 300.09 -54.87 -20890.60 3350.00 54000.00 1.0474
10800 300.09 -54.87 -20890.60 3350.00 54000.00 1.0474
10900 300.09 -54.87 -20890.60 3350.00 54000.00 1.0474
11000 300.09 -54.87 -20890.60 3350.00 54000.00 1.0474
11100 300.09 -54.87 -20890.60 3350.00 54000.00 1.0474
11200 300.09 -54.87 -20890.60 3350.00 54000.00 1.0474
11300 300.09 -54.87 -20890.60 3350.00 54000.00 1.0474
11400 300.09 -54.87 -20890.60 3350.00 54000.00 1.0474
11500 300.09 -54.87 -20890.60 3350.00 54000.00 1.0474
11600 300.09 -54.87 -20890.60 3350.00 54000.00 1.0474
11700 300.09 -54.87 -20890.60 3350.00 54000.00 1.0474
11800 300.09 -54.87 -20890.60 3350.00 54000.00 1.0474
11900 300.09 -54.87 -20890.60 3350.00 54000.00 1.0474
12000 300.09 -54.87 -20890.60 3350.00 54000.00 1.0474
12100 300.09 -54.87 -20890.60 3350.00 54000.00 1.0474
12200 300.09 -54.87 -20890.60 3350.00 54000.00 1.0474
12300 300.09 -54.87 -20890.60 3350.00 54000.00 1.0474
12400 300.09 -54.87 -20890.60 3350.00 54000.00 1.0474
12500 300.09 -54.87 -20890.60 3350.00 54000.00 1.0474
12600 300.09 -54.87 -20890.60 3350.00 54000.00 1.0474
12700 300.09 -54.87 -20890.60 3350.00 54000.00 1.0474
12800 300.09 -54.87 -20890.60 3350.00 54000.00 1.0474
12900 300.09 -54.87 -20890.60 3350.00 54000.00 1.0474
13000 300.09 -54.87 -20890.60 3350.00 54000.00 1.0474
13100 300.09 -54.87 -20890.60 3350.00 54000.00 1.0474
13200 300.09 -54.87 -20890.60 3350.00 54000.00 1.0474
13300 300.09 -54.87 -20890.60 3350.00 54000.00 1.0474
13400 300.09 -54.87 -20890.60 3350.00 54000.00 1.0474
13500 300.09 -54.87 -20890.60 3350.00 54000.00 1.0474
13600 300.09 -54.87 -20890.60 3350.00 54000.00 1.0474
13700 300.09 -54.87 -20890.60 3350.00 54000.00 1.0474
13800 300.09 -54.87 -20890.60 3350.00 54000.00 1.0474
13900 300.09 -54.87 -20890.60 3350.00 54000.00 1.0474
14000 300.09 -54.87 -20890.60 3350.00 54000.00 1.0474
14100 300.09 -54.87 -20890.60 3350.00 54000.00 1.0474
14200 300.09 -54.87 -20890.60 3350.00 54000.00 1.0474
14300 300.09 -54.87 -20890.60 3350.00 54000.00 1.0474
14400 300.09 -54.87 -20890.60 3350.00 54000.00 1.0474
14500 300.09 -54.87 -20890.60 3350.00 54000.00 1.0474
14600 300.09 -54.87 -20890.60 3350.00 54000.00 1.0474
14700 300.09 -54.87 -20890.60 3350.00 54000.00 1.0474
14800 300.09 -54.87 -20890.60 3350.00 54000.00 1.0474
14900 300.09 -54.87 -20890.60 3350.00 54000.00 1.0474
15000 300.09 -54.87 -20890.60 3350.00 54000.00 1.0474
15100 300.09 -54.87 -20890.60 3350.00 54000.00 1.0474
15200 300.09 -54.87 -20890.60 3350.00 54000.00 1.0474
15300 300.09 -54.87 -20890.60 3350.00 54000.00 1.0474
15400 300.09 -54.87 -20890.60 3350.00 54000.00 1.0474
15500 300.09 -54.87 -20890.60 3350.00 54000.00 1.0474
15600 300.09 -54.87 -20890.60 3350.00 54000.00 1.0474
15700 300.09 -54.87 -20890.60 3350.00 54000.00 1.0474
15800 300.09 -54.87 -20890.60 3350.00 54000.00 1.0474
15900 300.09 -54.87 -20890.60 3350.00 54000.00 1.0474
16000 300.09 -54.87 -20890.60 3350.00 54000.00 1.0474
16100 300.09 -54.87 -20890.60 3350.00 54000.00 1.0474
16200 300.09 -54.87 -20890.60 3350.00 54000.00 1.0474
16300 300.09 -54.87 -20890.60 3350.00 54000.00 1.0474
16400 300.09 -54.87 -20890.60 3350.00 54000.00 1.0474
16500 300.09 -54.87 -20890.60 3350.00 54000.00 1.0474
16600 300.09 -54.87 -20890.60 3350.00 54000.00 1.0474
16700 300.09 -54.87 -20890.60 3350.00 54000.00 1.0474
16800 300.09 -54.87 -20890.60 3350.00 54000.00 1.0474
16900 300.09 -54.87 -20890.60 3350.00 54000.00 1.0474
17000 300.09 -54.87 -20890.60 3350.00 54000.00 1.0474
17100 300.09 -54.87 -20890.60 3350.00 54000.00 1.0474
17200 300.09 -54.87 -20890.60 3350.00 54000.00 1.0474
17300 300.09 -54.87 -20890.60 3350.00 54000.00 1.0474
17400 300.09 -54.87 -20890.60 3350.00 54000.00 1.0474
17500 300.09 -54.87 -20890.60 3350.00 54000.00 1.0474
17600 300.09 -54.87 -20890.60 3350.00 54000.00 1.0474
17700 300.09 -54.87 -20890.60 3350.00 54000.00 1.0474
17800 300.09 -54.87 -20890.60 3350.00 54000.00 1.0474
17900 300.09 -54.87 -20890.60 3350.00 54000.00 1.0474
18000 300.09 -54.87 -20890.60 3350.00 54000.00 1.0474
18100 300.09 -54.87 -20890.60 3350.00 54000.00 1.0474
18200 300.09 -54.87 -20890.60 3350.00 54000.00 1.0474
18300 300.09 -54.87 -20890.60 3350.00 54000.00 1.0474
18400 300.09 -54.87 -20890.60 3350.00 54000.00 1.0474
18500 300.09 -54.87 -20890.60 3350.00 54000.00 1.0474
18600 300.09 -54.87 -20890.60 3350.00 54000.00 1.0474
18700 300.09 -54.87 -20890.60 3350.00 54000.00 1.0474
18800 300.09 -54.87 -20890.60 3350.00 54000.00 1.0474
18900 300.09 -54.87 -20890.60 3350.00 54000.00 1.0474
19000 300.09 -54.87 -20890.60 3350.00 54000.00 1.0474
19100 300.09 -54.87 -20890.60 3350.00 54000.00 1.0474
19200 300.09 -54.87 -20890.60 3350.00 54000.00 1.0474
19300 300.09 -54.87 -20890.60 3350.00 54000.00 1.0474
19400 300.09 -54.87 -20890.60 3350.00 54000.00 1.0474
19500 300.09 -54.87 -20890.60 3350.00 54000.00 1.0474
19600 300.09 -54.87 -20890.60 3350.00 54000.00 1.0474
19700 300.09 -54.87 -20890.60 3350.00 54000.00 1.0474
19800 300.09 -54.87 -20890.60 3350.00 54000.00 1.0474
19900 300.09 -54.87 -20890.60 3350.00 54000.00 1.0474
20000 300.09 -54.87 -20890.60 3350.00 54000.00 1.0474
20100 300.09 -54.87 -20890.60 3350.00 54000.00 1.0474
20200 300.09 -54.87 -20890.60 3350.00 54000.00 1.0474
20300 300.09 -54.87 -20890.60 3350.00 54000.00 1.0474
20400 300.09 -54.87 -20890.60 3350.00 54000.00 1.0474
20500 300.09 -54.87 -20890.60 3350.00 54000.00 1.0474
20600 300.09 -54.87 -20890.60 3350.00 54000.00 1.0474
20700 300.09 -54.87 -20890.60 3350.00 54000.00 1.0474
20800 300.09 -54.87 -20890.60 3350.00 54000.00 1.0474
20900 300.09 -54.87 -20890.60 3350.00 54000.00 1.0474
21000 300.09 -54.87 -20890.60 3350.00 54000.00 1.0474
21100 300.09 -54.87 -20890.60 3350.00 54000.00 1.0474
21200 300.09 -54.87 -20890.60 3350.00 54000.00 1.0474
21300 300.09 -54.87 -20890.60 3350.00 54000.00 1.0474
21400 300.09 -54.87 -20890.60 3350.00 54000.00 1.0474
21500 300.09 -54.87 -20890.60 3350.00 54000.00 1.0474
21600 300.09 -54.87 -20890.60 3350.00 54000.00 1.0474
21700 300.09 -54.87 -20890.60 3350.00 54000.00 1.0474
21800 300.09 -54.87 -20890.60 3350.00 54000.00 1.0474
21900 300.09 -54.87 -20890.60 3350.00 54000.00 1.0474
22000 300.09 -54.87 -20890.60 3350.00 54000.00 1.0474
22100 300.09 -54.87 -20890.60 3350.00 54000.00 1.0474
22200 300.09 -54.87 -20890.60 3350.00 54000.00 1.0474
22300 300.09 -54.87 -20890.60 3350.00 54000.00 1.0474
22400 300.09 -54.87 -20890.60 3350.00 54000.00 1.0474
22500 300.09 -54.87 -20890.60 3350.00 54000.00 1.0474
22600 300.09 -54.87 -20890.60 3350.00 54000.00 1.0474
22700 300.09 -54.87 -20890.60 3350.00 54000.00 1.0474
22800 300.09 -54.87 -20890.60 3350.00 54000.00 1.0474
22900 300.09 -54.87 -20890.60 3350.00 54000.00 1.0474
23000 300.09 -54.87 -20890.60 3350.00 54000.00 1.0474
23100 300.09 -54.87 -20890.60 3350.00 54000.00 1.0474
23200 300.09 -54.87 -20890.60 3350.00 54000.00 1.0474
23300 300.09 -54.87 -20890.60 3350.00 54000.00 1.0474
23400 300.09 -54.87 -20890.60 3350.00 54000.00 1.0474
23500 300.09 -54.87 -20890.60 3350.00 54000.00 1.0474
23600 300.09 -54.87 -20890.60 3350.00 54000.00 1.0474
23700 300.09 -54.87 -20890.60 3350.00 54000.00 1.0474
23800 300.09 -54.87 -20890.60 3350.00 54000.00 1.0474
23900 300.09 -54.87 -20890.60 3350.00 54000.00 1.0474
24000 300.09 -54.87 -20890.60 3350.00 54000.00 1.0474
24100 300.09 -54.87 -20890.60 3350.00 54000.00 1.0474
24200 300.09 -54.87 -20890.60 3350.00 54000.00 1.0474
24300 300.09 -54.87 -20890.60 3350.00 54000.00 1.0474
24400 300.09 -54.87 -20890.60 3350.00 54000.00 1.0474
24500 300.09 -54.87 -20890.60 3350.00 54000.00 1.0474
24600 300.09 -54.87 -20890.60 3350.00 54000.00 1.0474
24700 300.09 -54.87 -20890.60 3350.00 54000.00 1.0474
24800 300.09 -54.87 -20890.60 3350.00 54000.00 1.0474
24900 300.09 -54.87 -20890.60 3350.00 54000.00 1.0474
25000 300.09 -54.87 -20890.60 3350.00 54000.00 1.0474
25100 300.09 -54.87 -20890.60 3350.00 54000.00 1.0474
25200 300.09 -54.87 -20890.60 3350.00 54000.00 1.0474
25300 300.09 -54.87 -20890.60 3350.00 54000.00 1.0474
25400 300.09 -54.87 -20890.60 3350.00 54000.00 1.0474
25500 300.09 -54.87 -20890.60 3350.00 54000.00 1.0474
25600 300.09 -54.87 -20890.60 3350.00 54000.00 1.0474
25700 300.09 -54.87 -20890.60 3350.00 54000.00 1.0474
25800 300.09 -54.87 -20890.60 3350.00 54000.00 1.0474
25900 300.09 -54.87 -20890.60 3350.00 54000.00 1.0474
26000 300.09 -54.87 -20890.60 3350.00 54000.00 1.0474
26100 300.09 -54.87 -20890.60 3350.00 54000.00 1.0474
26200 300.09 -54.87 -20890.60 3350.00 54000.00 1.0474
26300 300.09 -54.87 -20890.60 3350.00 54000.00 1.0474
26400 300.09 -54.87 -20890.60 3350.00 54000.00 1.0474
26500 300.09 -54.87 -20890.60 3350.00 54000.00 1.0474
26600 300.09 -54.87 -20890.60 3350.00 54000.00 1.0474
26700 300.09 -54.87 -20890.60 3350.00 54000.00 1.0474
26800 300.09 -54.87 -20890.60 3350.00 54000.00 1.0474
26900 300.09 -54.87 -20890.60 3350.00 54000.00 1.0474
27000 300.09 -54.87 -20890.60 3350.00 54000.00 1.0474
27100 300.09 -54.87 -20890.60 3350.00 54000.00 1.0474
27200 300.09 -54.87 -20890.60 3350.00 54000.00 1.0474
27300 300.09 -54.87 -20890.60 3350.00 54000.00 1.0474
27400 300.09 -54.87 -20890.60 3350.00 54000.00 1.0474
27500 300.09 -54.87 -20890.60 3350.00 54000.00 1.0474
27600 300.09 -54.87 -20890.60 3350.00 54000.00 1.0474
27700 300.09 -54.87 -20890.60 3350.00 54000.00 1.0474
27800 300.09 -54.87 -20890.60 3350.00 54000.00 1.0474
27900 300.09 -54.87 -20890.60 3350.00 54000.00 1.0474
28000 300.09 -54.87 -20890.60 3350.00 54000.00 1.0474
28100 300.09 -54.87 -20890.60 3350.00 54000.00 1.0474
28200 300.09 -54.87 -20890.60 3350.00 54000.00 1.0474
28300 300.09 -54.87 -20890.60 3350.00 54000.00 1.0474
28400 300.09 -54.87 -20890.60 3350.00 54000.00 1.0474
28500 300.09 -54.87 -20890.60 3350.00 54000.00 1.0474
28600 300.09 -54.87 -20890.60 3350.00 54000.00 1.0474
28700 300.09 -54.87 -20890.60 3350.00 54000.00 1.0474
28800 300.09 -54.87 -20890.60 3350.00 54000.00 1.0474
28900 300.09 -54.87 -20890.60 3350.00 54000.00 1.0474
29000 300.09 -54.87 -20890.60 3350.00 54000.00 1.0474
29100 300.09 -54.87 -20890.60 3350.00 54000.00 1.0474
29200 300.09 -54.87 -20890.60 3350.00 54000.00 1.0474
29300 300.09 -54.87 -20890.60 3350.00 54000.00 1.0474
29400 300.09 -54.87 -20890.60 3350.00 54000.00 1.0474
29500 300.09 -54.87 -20890.60 3350.00 54000.00 1.0474
29600 300.09 -54.87 -20890.60 3350.00 54000.00 1.0474
29700 300.09 -54.87 -20890.60 3350.00 54000.00 1.0474
29800 300.09 -54.87 -20890.60 3350.00 54000.00 1.0474
29900 300.09 -54.87 -20890.60 3350.00 54000.00 1.0474
30000 300.09 -54.87 -20890.60 3350.00 54000.00 1.0474
30100 300.09 -54.87 -20890.60 3350.00 54000.00 1.0474
30200 300.09 -54.87 -20890.60 3350.00 54000.00 1.0474
30300 300.09 -54.87 -20890.60 3350.00 54000.00 1.0474
30400 300.09 -54.87 -20890.60 3350.00 54000.00 1.0474
30500 300.09 -54.87 -20890.60 3350.00 54000.00 1.0474
30600 300.09 -54.87 -20890.60 3350.00 54000.00 1.0474
30700 300.09 -54.87 -20890.60 3350.00 54000.00 1.0474
30800 300.09 -54.87 -20890.60 3350.00 54000.00 1.0474
30900 300.09 -54.87 -20890.60 3350.00 54000.00 1.0474
31000 300.09 -54.87 -20890.60 3350.00 54000.00 1.0474
31100 300.09 -54.87 -20890.60 3350.00 54000.00 1.0474
31200 300.09 -54.87 -20890.60 3350.00 54000.00 1.0474
31300 300.09 -54.87 -20890.60 3350.00 54000.00 1.0474
31400 300.09 -54.87 -20890.60 3350.00 54000.00 1.0474
31500 300.09 -54.87 -20890.60 3350.00 54000.00 1.0474
31600 300.09 -54.87 -20890.60 3350.00 54000.00 1.0474
31700 300.09 -54.87 -20890.60 3350.00 54000.00 1.0474
31800 300.09 -54.87 -20890.60 3350.00 54000.00 1.0474
31900 300.09 -54.87 -20890.60 3350.00 54000.00 1.0474
32000 300.09 -54.87 -20890.60 3350.00 54000.00 1.0474
32100 300.09 -54.87 -20890.60 3350.00 54000.00 1.0474
32200 300.09 -54.87 -20890.60 3350.00 54000.00 1.0474
32300 300.09 -54.87 -20890.60 3350.00 54000.00 1.0474
32400 300.09 -54.87 -20890.60 3350.00 54000.00 1.0474
32500 300.09 -54.87 -20890.60 3350.00 54000.00 1.0474
32600 300.09 -54.87 -20890.60 3350.00 54000.00 1.0474
32700 300.09 -54.87 -20890.60 3350.00 54000.00 1.0474
32800 300.09 -54.87 -20890.60 3350.00 54000.00 1.0474
32900 300.09 -54.87 -20890.60 3350.00 54000.00 1.0474
33000 300.09 -54.87 -20890.60 3350.00 54000.00 1.0474
33100 300.09 -54.87 -20890.60 3350.00 54000.00 1.0474
33200 300.09 -54.87 -20890.60 3350.00 54000.00 1.0474
33300 300.09 -54.87 -20890.60 3350.00 54000.00 1.0474
33400 300.09 -54.87 -20890.60 3350.00 54000.00 1.0474
33500 300.09 -54.87 -20890.60 3350.00 54000.00 1.0474
33600 300.09 -54.87 -20890.60 3350.00 54000.00 1.0474
33700 300.09 -54.87 -20890.60 3350.00 54000.00 1.0474
33800 300.09 -54.87 -20890.60 3350.00 54000.00 1.0474
33900 300.09 -54.87 -20890.60 3350.00 54000.00 1.0474
34000 300.09 -54.87 -20890.60 3350.00 54000.00 1.0474
34100 300.09 -54.87 -20890.60 3350.00 54000.00 1.0474
34200 300.09 -54.87 -20890.60 3350.00 54000.00 1.0474
34300 300.09 -54.87 -20890.60 3350.00 54000.00 1.0474
34400 300.09 -54.87 -20890.60 3350.00 54000.00 1.0474
34500 300.09 -54.87 -20890.60 3350.00 54000.00 1.0474
34600 300.09 -54.87 -20890.60 3350.00 54000.00 1.0474
34700 300.09 -54.87 -20890.60 3350.00 54000.00 1.0474
34800 300.09 -54.87 -20890.60 3350.00 54000.00 1.0474
34900 300.09 -54.87 -20890.60 3350.00 54000.00 1.0474
35000 300.09 -54.87 -20890.60 3350.00 54000.00 1.0474
35100 300.09 -54.87 -20890.60 3350.00 54000.00 1.0474
35200 300.09 -54.87 -20890.60 3350.00 54000.00 1.0474
35300 300.09 -54.87 -20890.60 3350.00 54000.00 1.0474
35400 300.09 -54.87 -20890.60 3350.00 54000.00 1.0474
35500 300.09 -54.87 -20890.60 3350.00 54000.00 1.0474
35600 300.09 -54.87 -20890.60 3350.00 54000.00 1.0474
35700 300.09 -54.87 -20890.60 3350.00 54000.00 1.0474
35800 300.09 -54.87 -20890.60 3350.00 54000.00 1.0474
35900 300.09 -54.87 -20890.60 3350.00 54000.00 1.0474
36000 300.09 -54.87 -20890.60 3350.00 54000.00 1.0474
36100 300.09 -54.87 -20890.60 3350.00 54000.00 1.0474
36200 300.09 -54.87 -20890.60 3350.00 54000.00 1.0474
36300 300.09 -54.87 -20890.60 3350.00 54000.00 1.0474
36400 300.09 -54.87 -20890.60 3350.00 54000.00 1.0474
36500 300.09 -54.87 -20890.60 3350.00 54000.00 1.0474
36600 300.09 -54.87 -20890.60 3350.00 54000.00 1.0474
36700 300.09 -54.87 -20890.60 3350.00 54000.00 1.0474
36800 300.09 -54.87 -20890.60 3350.00 54000.00 1.0474
36900 300.09 -54.87 -20890.60 3350.00 54000.00 1.0474
37000 300.09 -54.87 -20890.60 3350.00 54000.00 1.0474
37100 300.09 -54.87 -20890.60 3350.00 54000.00 1.0474
37200 300.09 -54.87 -20890.60 3350.00 54000.00 1.0474
37300 300.09 -54.87 -20890.60 3350.00 54000.00 1.0474
37400 300.09 -54.87 -20890.60 3350.00 54000.00 1.0474
37500 300.09 -54.87 -20890.60 3350.00 54000.00 1.0474
37600 300.09 -54.87 -20890.60 3350.00 54000.00 1.0474
37700 300.09 -54.87 -20890.60 3350.00 54000.00 1.0474
37800 300.09 -54.87 -20890.60 3350.00 54000.00 1.0474
37900 300.09 -54.87 -20890.60 3350.00 54000.00 1.0474
38000 300.09 -54.87 -20890.60 3350.00 54000.00 1.0474
38100 300.09 -54.87 -20890.60 3350.00 54000.00 1.0474
38200 300.09 -54.87 -20890.60 3350.00 54000.00 1.0474
38300 300.09 -54.87 -20890.60 3350.00 54000.00 1.0474
38400 300.09 -54.87 -20890.60 3350.00 54000.00 1.0474
38500 300.09 -54.87 -20890.60 3350.00 54000.00 1.0474
38600 300.09 -54.87 -20890.60 3350.00 54000.00 1.0474
38700 300.09 -54.87 -20890.60 3350.00 54000.00 1.0474
38800 300.09 -54.87 -20890.60 3350.00 54000.00 1.0474
38900 300.09 -54.87 -20890.60 3350.00 54000.00 1.0474
39000 300.09 -54.87 -20890.60 3350.00 54000.00 1.0474
39100 300.09 -54.87 -20890.60 3350.00 54000.00 1.0474
39200 300.09 -54.87 -20890.60 3350.00 54000.00 1.0474
39300 300.09 -54.87 -20890.60 3350.00 54000.00 1.0474
39400 300.09 -54.87 -20890.60 3350.00 54000.00 1.0474
39500 300.09 -54.87 -20890.60 3350.00 54000.00 1.0474
39600 300.09 -54.87 -20890.60 3350.00 54000.00 1.0474
39700 300.09 -54.87 -20890.60 3350.00 54000.00 1.0474
39800 300.09 -54.87 -20890.60 3350.00 54000.00 1.0474
39900 300.09 -54.87 -20890.60 3350.00 54000.00 1.0474
40000 300.09 -54.87 -20890.60 3350.00 54000.00 1.0474
40100 300.09 -54.87 -20890.60 3350.00 54000.00 1.0474
40200 300.09 -54.87 -20890.60 3350.00 54000.00 1.0474
40300 300.09 -54.87 -20890.60 3350.00 54000.00 1.0474
40400 300.09 -54.87 -20890.60 3350.00 54000.00 1.0474
40500 300.09 -54.87 -20890.60 3350.00 54000.00 1.0474
40600 300.09 -54.87 -20890.60 3350.00 54000.00 1.0474
40700 300.09 -54.87 -20890.60 3350.00 54000.00 1.0474
40800 300.09 -54.87 -20890.60 3350.00 54000.00 1.0474
40900 300.09 -54.87 -20890.60 3350.00 54000.00 1.0474
41000 300.09 -54.87 -20890.60 3350.00 54000.00 1.0474
41100 300.09 -54.87 -20890.60 3350.00 54000.00 1.0474
41200 300.09 -54.87 -20890.60 3350.00 54000.00 1.0474
41300 300.09 -54.87 -20890.60 3350.00 54000.00 1.0474
41400 300.09 -54.87 -20890.60 3350.00 54000.00 1.0474
41500 300.09 -54.87 -20890.60 3350.00 54000.00 1.0474
41600 300.09 -54.87 -20890.60 3350.00 54000.00 1.0474
41700 300.09 -54.87 -20890.60 3350.00 54000.00 1.0474
41800 300.09 -54.87 -20890.60 3350.00 54000.00 1.0474
41900 300.09 -54.87 -20890.60 3350.00 54000.00 1.0474
42000 300.09 -54.87 -20890.60 3350.00 54000.00 1.0474
42100 300.09 -54.87 -20890.60 3350.00 54000.00 1.0474
42200 300.09 -54.87 -20890.60 3350.00 54000.00 1.0474
42300 300.09 -54.87 -20890.60 3350.00 54000.00 1.0474
42400 300.09 -54.87 -20890.60 3350.00 54000.00 1.0474
42500 300.09 -54.87 -20890.60 3350.00 54000.00 1.0474
42600 300.09 -54.87 -20890.60 3350.00 54000.00 1.0474
42700 300.09 -54.87 -20890.60 3350.00 54000.00 1.0474
42800 300.09 -54.87 -20890.60 3350.00 54000.00 1.0474
42900 300.09 -54.87 -20890.60 3350.00 54000.00 1.0474
43000 300.09 -54.87 -20890.60 3350.00 54000.00 1.0474
43100 300.09 -54.87 -20890.60 3350.00 54000.00 1.0474
43200 300.09 -54.87 -20890.60 3350.00 54000.00 1.0474
43300 300.09 -54.87 -20890.60 3350.00 54000.00 1.0474
43400 300.09 -54.87 -20890.60 3350.00 54000.00 1.0474
43500 300.09 -54.87 -20890.60 3350.00 54000.00 1.0474
43600 300.09 -54.87 -20890.60 3350.00 54000.00 1.0474
43700 300.09 -54.87 -20890.60 3350.00 54000.00 1.0474
43800 300.09 -54.87 -20890.60 3350.00 54000.00 1.0474
43900 300.09 -54.87 -20890.60 3350.00 54000.00 1.0474
44000 300.09 -54.87 -20890.60 3350.00 54000.00 1.0474
44100 300.09 -54.87 -20890.60 3350.00 54000.00 1.0474
44200 300.09 -54.87 -20890.60 3350.00 54000.00 1.0474
44300 300.09 -54.87 -20890.60 3350.00 54000.00 1.0474
44400 300.09 -54.87 -20890.60 3350.00 54000.00 1.0474
44500 300.09 -54.87 -20890.60 3350.00 54000.00 1.0474
44600 300.09 -54.87 -20890.60 3350.00 54000.00 1.0474
44700 300.09 -54.87 -20890.60 3350.00 54000.00 1.0474
44800 300.09 -54.87 -20890.60 3350.00 54000.00 1.0474
44900 300.09 -54.87 -20890.60 3350.00 54000.00 1.0474
45000 300.09 -54.87 -20890.60 3350.00 54000.00 1.0474
45100 300.09 -54.87 -20890.60 3350.00 54000.00 1.0474
45200 300.09 -54.87 -20890.60 3350.00 54000.00 1.0474
45300 300.09 -54.87 -20890.60 3350.00 54000.00 1.0474
45400 300.09 -54.87 -20890.60 3350.00 54000.00 1.0474
45500 300.09 -54.87 -20890.60 3350.00 54000.00 1.0474
45600 300.09 -54.87 -20890.60 3350.00 54000.00 1.0474
45700 300.09 -54.87 -20890.60 3350.00 54000.00 1.0474
45800 300.09 -54.87 -20890.60 3350.00 54000.00 1.0474
45900 300.09 -54.87 -20890.60 3350.00 54000.00 1.0474
46000 300.09 -54.87 -20890.60 3350.00 54000.00 1.0474
46100 300.09 -54.87 -20890.60 3350.00 54000.00 1.0474
46200 300.09 -54.87 -20890.60 3350.00 54000.00 1.0474
46300 300.09 -54.87 -20890.60 3350.00 54000.00 1.0474
46400 300.09 -54.87 -20890.60 3350.00 54000.00 1.0474
46500 300.09 -54.87 -20890.60 3350.00 54000.00 1.0474
46600 300.09 -54.87 -20890.60 3350.00 54000.00 1.0474
46700 300.09 -54.87 -20890.60 3350.00 54000.00 1.0474
46800 300.09 -54.87 -20890.60 3350.00 54000.00 1.0474
46900 300.09 -54.87 -20890.60 3350.00 54000.00 1.0474
47000 300.09 -54.87 -20890.60 3350.00 54000.00 1.0474
47100 300.09 -54.87 -20890.60 3350.00 54000.00 1.0474
47200 300.09 -54.87 -20890.60 3350.00 54000.00 1.0474
47300 300.09 -54.87 -20890.60 3350.00 54000.00 1.0474
47400 300.09 -54.87 -20890.60 3350.00 54000.00 1.0474
47500 300.09 -54.87 -20890.60 3350.00 54000.00 1.0474
47600 300.09 -54.87 -20890.60 3350.00 54000.00 1.0474
47700 300.09 -54.87 -20890.60 3350.00 54000.00 1.0474
47800 300.09 -54.87 -20890.60 3350.00 54000.00 1.0474
47900 300.09 -54.87 -20890.60 3350.00 54000.00 1.0474
48000 300.09 -54.87 -20890.60 3350.00 54000.00 1.0474
48100 300.09 -54.87 -20890.60 3350.00 54000.00 1.0474
48200 300.09 -54.87 -20890.60 3350.00 54000.00 1.0474
48300 300.09 -54.87 -20890.60 3350.00 54000.00 1.0474
48400 300.09 -54.87 -20890.60 3350.00 54000.00 1.0474
48500 300.09 -54.87 -20890.60 3350.00 54000.00 1.0474
48600 300.09 -54.87 -20890.60 3350.00 54000.00 1.0474
48700 300.09 -54.87 -20890.60 3350.00 54000.00 1.0474
48800 300.09 -54.87 -20890.60 3350.00 54000.00 1.0474
48900 300.09 -54.87 -20890.60 3350.00 54000.00 1.0474
49000 300.09 -54.87 -20890.60 3350.00 54000.00 1.0474
49100 300.09 -54.87 -20890.60 3350.00 54000.00 1.0474
49200 300.09 -54.87 -20890.60 3350.00 54000.00 1.0474
49300 300.09 -54.87 -20890.60 3350.00 54000.00 1.0474
49400 300.09 -54.87 -20890.60 3350.00 54000.00 1.0474
49500 300.09 -54.87 -20890.60 3350.00 54000.00 1.0474
49600 300.09 -54.87 -20890.60 3350.00 54000.00 1.0474
49700 300.09 -54.87 -20890.60 3350.00 54000.00 1.0474
49800 300.09 -54.87 -20890.60 3350.00 54000.00 1.0474
49900 300.09 -54.87 -20890.60 3350.00 54000.00 1.0474
50000 300.09 -54.87 -20890.60 3350.00 54000.00 1.0474
50100 300.09 -54.87 -20890.60 3350.00 54000.00 1.0474
50200 300.09 -54.87 -20890.60 3350.00 54000.00 1.0474
50300 300.09 -54.87 -20890.60 3350.00 54000.00 1.0474
50400 300.09 -54.87 -20890.60 3350.00 54000.00 1.0474
50500 300.09 -54.87 -20890.60 3350.00 54000.00 1.0474
50600 300.09 -54.87 -20890.60 3350.00 54000.00 1.0474
50700 300.09 -54.87 -20890.60 3350.00 54000.00 1.0474
50800 300.09 -54.87 -20890.60 3350.00 54000.00 1.0474
50900 300.09 -54.87 -20890.60 3350.00 54000.00 1.0474
51000 300.09 -54.87 -20890.60 3350.00 54000.00 1.0474
51100 300.09 -54.87 -20890.60 3350.00 54000.00 1.0474
51200 300.09 -54.87 -20890.60 3350.00 54000.00 1.0474
51300 300.09 -54.87 -20890.60 3350.00 54000.00 1.0474
51400 300.09 -54.87 -20890.60 3350.00 54000.00 1.0474
51500 300.09 -54.87 -20890.60 3350.00 54000.00 1.0474
51600 300.09 -54.87 -20890.60 3350.00 54000.00 1.0474
51700 300.09 -54.87 -20890.60 3350.00 54000.00 1.0474
51800 300.09 -54.87 -20890.60 3350.00 54000.00 1.0474
51900 300.09 -54.87 -20890.60 3350.00 54000.00 1.0474
52000 300.09 -54.87 -20890.60 3350.00 54000.00 1.0474
52100 300.09 -54.87 -20890.60 3350.00 54000.00 1.0474
52200 300.09 -54.87 -20890.60 3350.00 54000.00 1.0474
52300 300.09 -54.87 -20890.60 3350.00 54000.00 1.0474
52400 300.09 -54.87 -20890.60 3350.00 54000.00 1.0474
52500 300.09 -54.87 -20890.60 3350.00 54000.00 1.0474
52600 300.09 -54.87 -20890.60 3350.00 54000.00 1.0474
52700 300.09 -54.87 -20890.60 3350.00 54000.00 1.0474
52800 300.09 -54.87 -20890.60 3350.00 54000.00 1.0474
52900 300.09 -54.87 -20890.60 3350.00 54000.00 1.0474
53000 300.09 -54.87 -20890.60 3350.00 54000.00 1.0474
53100 300.09 -54.87 -20890.60 3350.00 54000.00 1.0474
53200 300.09 -54.87 -20890.60 3350.00 54000.00 1.0474
53300 300.09 -54.87 -20890.60 3350.00 54000.00 1.0474
53400 300.09 -54.87 -20890.60 3350.00 54000.00 1.0474
53500 300.09 -54.87 -20890.60 3350.00 54000.00 1.0474
53600 300.09 -54.87 -20890.60 3350.00 54000.00 1.0474
53700 300.09 -54.87 -20890.60 3350.00 54000.00 1.0474
53800 300.09 -54.87 -20890.60 3350.00 54000.00 1.0474
53900 300.09 -54.87 -20890.60 3350.00 54000.00 1.0474
54000 300.09 -54.87 -20890.60 3350.00 54000.00 1.0474
54100 300.09 -54.87 -20890.60 3350.00 54000.00 1.0474
54200 300.09 -54.87 -20890.60 3350.00 54000.00 1.0474
54300 300.09 -54.87 -20890.60 3350.00 54000.00 1.0474
54400 300.09 -54.87 -20890.60 3350.00 54000.00 1.0474
54500 300.09 -54.87 -20890.60 3350.00 54000.00 1.0474
54600 300.09 -54.87 -20890.60 3350.00 54000.00 1.0474
54700 300.09 -54.87 -20890.60 3350.00 54000.00 1.0474
54800 300.09 -54.87 -20890.60 3350.00 54000.00 1.0474
54900 300.09 -54.87 -20890.60 3350.00 54000.00 1.0474
55000 300.09 -54.87 -20890.60 3350.00 54000.00 1.0474
55100 300.09 -54.87 -20890.60 3350.00 54000.00 1.0474
55200 300.09 -54.87 -20890.60 3350.00 54000.00 1.0474
55300 300.09 -54.87 -20890.60 3350.00 54000.00 1.0474
55400 300.09 -54.87 -20890.60 3350.00 54000.00 1.0474
55500 300.09 -54.87 -20890.60 3350.00 54000.00 1.0474
55600 300.09 -54.87 -20890.60 3350.00 54000.00 1.0474
55700 300.09 -54.87 -20890.60 3350.00 54000.00 1.0474
55800 300.09 -54.87 -20890.60 3350.00 54000.00 1.0474
55900 300.09 -54.87 -20890.60 3350.00 54000.00 1.0474
56000 300.09 -54.87 -20890.60 3350.00 54000.00 1.0474
56100 300.09 -54.87 -20890.60 3350.00 54000.00 1.0474
56200 300.09 -54.87 -20890.60 3350.00 54000.00 1.0474
56300 300.09 -54.87 -20890.60 3350.00 54000.00 1.0474
56400 300.09 -54.87 -20890.60 3350.00 54000.00 1.0474
56500 300.09 -54.87 -20890.60 3350.00 54000.00 1.0474
56600 300.09 -54.87 -20890.60 3350.00 54000.00 1.0474
56700 300.09 -54.87 -20890.60 3350.00 54000.00 1.0474
56800 300.09 -54.87 -20890.60 3350.00 54000.00 1.0474
56900 300.09 -54.87 -20890.60 3350.00 54000.00 1.0474
57000 300.09 -54.87 -20890.60 3350.00 54000.00 1.0474
57100 300.09 -54.87 -20890.60 3350.00 54000.00 1.0474
57200 300.09 -54.87 -20890.60 3350.00 54000.00 1.0474
57300 300.09 -54.87 -20890.60 3350.00 54000.00 1.0474
57400 300.09 -54.87 -20890.60 3350.00 54000.00 1.0474
57500 300.09 -54.87 -20890.60 3350.00 54000.00 1.0474
57600 300.09 -54.87 -20890.60 3350.00 54000.00 1.0474
57700 300.09 -54.87 -20890.60 3350.00 54000.00 1.0474
57800 300.09 -54.87 -20890.60 3350.00 54000.00 1.0474
57900 300.09 -54.87 -20890.60 3350.00 54000.00 1.0474
58000 300.09 -54.87 -20890.60 3350.00 54000.00 1.0474
58100 300.09 -54.87 -20890.60 3350.00 54000.00 1.0474
58200 300.09 -54.87 -20890.60 3350.00 54000.00 1.0474
58300 300.09 -54.87 -20890.60 3350.00 54000.00 1.0474
58400 300.09 -54.87 -20890.60 3350.00 54000.00 1.0474
58500 300.09 -54.87 -20890.60 3350.00 54000.00 1.0474
58600 300.09 -54.87 -20890.60 3350.00 54000.00 1.0474
58700 300.09 -54.87 -20890.60 3350.00 54000.00 1.0474
58800 300.09 -54.87 -20890.60 3350.00 54000.00 1.0474
58900 300.09 -54.87 -20890.60 3350.00 54000.00 1.0474
59000 300.09 -54.87 -20890.60 3350.00 54000.00 1.0474
59100 300.09 -54.87 -20890.60 3350.00 54000.00 1.0474
59200 300.09 -54.87 -20890.60 3350.00 54000.00 1.0474
59300 300.09 -54.87 -20890.60 3350.00 54000.00 1.0474
59400 300.09 -54.87 -20890.60 3350.00 54000.00 1.0474
59500 300.09 -54.87 -20890.60 3350.00 54000.00 1.0474
59600 300.09 -54.87 -20890.60 3350.00 54000.00 1.0474
59700 300.09 -54.87 -20890.60 3350.00 54000.00 1.0474
59800 300.09 -54.87 -20890.60 3350.00 54000.00 1.0474
59900 300.09 -54.87 -20890.60 3350.00 54000.00 1.0474
60000 300.09 -54.87 -20890.60 3350.00 54000.00 1.0474
60100 300.09 -54.87 -20890.60 3350.00 54000.00 1.0474
60200 300.09 -54.87 -20890.60 3350.00 54000.00 1.0474
60300 300.09 -54.87 -20890.60 3350.00 54000.00 1.0474
60400 300.09 -54.87 -20890.60 3350.00 54000.00 1.0474
60500 300.09 -54.87 -20890.60 3350.00 54000.00 1.0474
60600 300.09 -54.87 -20890.60 3350.00 54000.00 1.0474
60700 300.09 -54.87 -20890.60 3350.00 54000.00 1.0474
60800 300.09 -54.87 -20890.60 3350.00 54000.00 1.0474
60900 300.09 -54.87 -20890.60 3350.00 54000.00 1.0474
61000 300.09 -54.87 -20890.60 3350.00 54000.00 1.0474
61100 300.09 -54.87 -20890.60 3350.00 54000.00 1.0474
61200 300.09 -54.87 -20890.60 3350.00 54000.00 1.0474
61300 300.09 -54.87 -20890.60 3350.00 54000.00 1.0474
61400 300.09 -54.87 -20890.60 3350.00 54000.00 1.0474
61500 300.09 -54.87 -20890.60 3350.00 54000.00 1.0474
61600 300.09 -54.87 -20890.60 3350.00 54000.00 1.0474
61700 300.09 -54.87 -20890.60 3350.00 54000.00 1.0474
61800 300.09 -54.87 -20890.60 3350.00 54000.00 1.0474
61900 300.09 -54.87 -20890.60 3350.00 54000.00 1.0474
62000 300.09 -54.87 -20890.60 3350.00 54000.00 1.0474
62100 300.09 -54.87 -20890.60 3350.00 54000.00 1.0474
62200 300.09 -54.87 -20890.60 3350.00 54000.00 1.0474
62300 300.09 -54.87 -20890.60 3350.00 54000.00 1.0474
62400 300.09 -54.87 -20890.60 3350.00 54000.00 1.0474
62500 300.09 -54.87 -20890.60 3350.00 54000.00 1.0474
62600 300.09 -54.87 -20890.60 3350.00 54000.00 1.0474
62700 300.09 -54.87 -20890.60 3350.00 54000.00 1.0474
62800 300.09 -54.87 -20890.60 3350.00 54000.00 1.0474
62900 300.09 -54.87 -20890.60 3350.00 54000.00 1.0474
63000 300.09 -54.87 -20890.60 3350.00 54000.00 1.0474
63100 300.09 -54.87 -20890.60 3350.00 54000.00 1.0474
63200 300.09 -54.87 -20890.60 3350.00 54000.00 1.0474
63300 300.09 -54.87 -20890.60 3350.00 54000.00 1.0474
63400 300.09 -54.87 -20890.60 3350.00 54000.00 1.0474
63500 300.09 -54.87 -20890.60 3350.00 54000.00 1.0474
63600 300.09 -54.87 -20890.60 3350.00 54000.00 1.0474
63700 300.09 -54.87 -20890.60 3350.00 54000.00 1.0474
63800 300.09 -54.87 -20890.60 3350.00 54000.00 1.0474
63900 300.09 -54.87 -20890.60 3350.00 54000.00 1.0474
64000 300.09 -54.87 -20890.60 3350.00 54000.00 1.0474
64100 300.09 -54.87 -20890.60 3350.00 54000.00 1.0474
64200 300.09 -54.87 -20890.60 3350.00 54000.00 1.0474
64300 300.09 -54.87 -20890.60 3350.00 54000.00 1.0474
64400 300.09 -54.87 -20890.60 3350.00 54000.00 1.0474
64500 300.09 -54.87 -20890.60 3350.00 54000.00 1.0474
64600 300.09 -54.87 -20890.60 3350.00 54000.00 1.0474
64700 300.09 -54.87 -20890.60 3350.00 54000.00 1.0474
64800 300.09 -54.87 -20890.60 3350.00 54000.00 1.0474
64900 300.09 -54.87 -20890.60 3350.00 54000.00 1.0474
65000 300.09 -54.87 -20890.60 3350.00 54000.00 1.0474
65100 300.09 -54.87 -20890.60 3350.00 54000.00 1.0474
65200 300.09 -54.87 -20890.60 3350.00 54000.00 1.0474
65300 300.09 -54.87 -20890.60 3350.00 54000.00 1.0474
65400 300.09 -54.87 -20890.60 3350.00 54000.00 1.0474
65500 300.09 -54.87 -20890.60 3350.00 54000.00 1.0474
65600 300.09 -54.87 -20890.60 3350.00 54000.00 1.0474
65700 300.09 -54.87 -20890.60 3350.00 54000.00 1.0474
65800 300.09 -54.87 -20890.60 3350.00 54000.00 1.0474
65900 300.09 -54.87 -20890.60 3350.00 54000.00 1.0474
66000 300.09 -54.87 -20890.60 3350.00 54000.00 1.0474
66100 300.09 -54.87 -20890.60 3350.00 54000.00 1.0474
66200 300.09 -54.87 -20890.60 3350.00 54000.00 1.0474
66300 300.09 -54.87 -20890.60 3350.00 54000.00 1.0474
66400 300.09 -54.87 -20890.60 3350.00 54000.00 1.0474
66500 300.09 -54.87 -20890.60 3350.00 54000.00 1.0474
66600 300.09 -54.87 -20890.60 3350.00 54000.00 1.0474
66700 300.09 -54.87 -20890.60 3350.00 54000.00 1.0474
66800 300.09 -54.87 -20890.60 3350.00 54000.00 1.0474
66900 300.09 -54.87 -20890.60 3350.00 54000.00 1.0474
67000 300.09 -54.87 -20890.60 3350.00 54000.00 1.0474
67100 300.09 -54.87 -20890.60 3350.00 54000.00 1.0474
67200 300.09 -54.87 -20890.60 3350.00 54000.00 1.0474
67300 300.09 -54.87 -20890.60 3350.00 54000.00 1.0474
67400 300.09 -54.87 -20890.60 3350.00 54000.00 1.0474
67500 300.09 -54.87 -20890.60 3350.00 54000.00 1.0474
67600 300.09 -54.87 -20890.60 3350.00 54000.00 1.0474
67700 300.09 -54.87 -20890.60 3350.00 54000.00 1.0474
67800 300.09 -54.87 -20890.60 3350.00 54000.00 1.0474
67900 300.09 -54.87 -20890.60 3350.00 54000.00 1.0474
68000 300.09 -54.87 -20890.60 3350.00 54000.00 1.0474
68100 300.09 -54.87 -20890.60 3350.00 54000.00 1.0474
68200 300.09 -54.87 -20890.60 3350.00 54000.00 1.0474
68300 300.09 -54.87 -20890.60 3350.00 54000.00 1.0474
68400 300.09 -54.87 -20890.60 3350.00 54000.00 1.0474
68500 300.09 -54.87 -20890.60 3350.00 54000.00 1.0474
68600 300.09 -54.87 -20890.60 3350.00 54000.00 1.0474
68700 300.09 -54.87 -20890.60 3350.00 54000.00 1.0474
68800 300.09 -54.87 -20890.60 3350.00 54000.00 1.0474
68900 300.09 -54.87 -20890.60 3350.00 54000.00 1.0474
69000 300.09 -54.87 -20890.60 3350.00 54000.00 1.0474
69100 300.09 -54.87 -20890.60 3350.00 54000.00 1.0474
69200 300.09 -54.87 -20890.60 3350.00 54000.00 1.0474
69300 300.09 -54.87 -20890.60 3350.00 54000.00 1.0474
69400 300.09 -54.87 -20890.60 3350.00 54000.00 1.0474
69500 300.09 -54.87 -20890.60 3350.00 54000.00 1.0474
69600 300.09 -54.87 -20890.60 3350.00 54000.00 1.0474
69700 300.09 -54.87 -20890.60 3350.00 54000.00 1.0474
69800 300.09 -54.87 -20890.60 3350.00 54000.00 1.0474
69900 300.09 -54.87 -20890.60 3350.00 54000.00 1.0474
70000 300.09 -54.87 -20890.60 3350.00 54000.00 1.0474
70100 300.09 -54.87 -20890.60 3350.00 54000.00 1.0474
70200 300.09 -54.87 -20890.60 3350.00 54000.00 1.0474
70300 300.09 -54.87 -20890.60 3350.00 54000.00 1.0474
70400 300.09 -54.87 -20890.60 3350.00 54000.00 1.0474
70500 300.09 -54.87 -20890.60 3350.00 54000.00 1.0474
70600 300.09 -54.87 -20890.60 3350.00 54000.00 1.0474
70700 300.09 -54.87 -20890.60 3350.00 54000.00 1.0474
70800 300.09 -54.87 -20890.60 3350.00 54000.00 1.0474
70900 300.09 -54.87 -20890.60 3350.00 54000.00 1.0474
71000 300.09 -54.87 -20890.60 3350.00 54000.00 1.0474
71100 300.09 -54.87 -20890.60 3350.00 54000.00 1.0474
71200 300.09 -54.87 -20890.60 3350.00 54000.00 1.0474
71300 300.09 -54.87 -20890.60 3350.00 54000.00 1.0474
71400 300.09 -54.87 -20890.60 3350.00 54000.00 1.0474
71500 300.09 -54.87 -20890.60 3350.00 54000.00 1.0474
71600 300.09 -54.87 -20890.60 3350.00 54000.00 1.0474
71700 300.09 -54.87 -20890.60 3350.00 54000.00 1.0474
71800 300.09 -54.87 -20890.60 3350.00 54000.00 1.0474
71900 300.09 -54.87 -20890.60 3350.00 54000.00 1.0474
72000 300.09 -54.87 -20890.60 3350.00 54000.00 1.0474
72100 300.09 -54.87 -20890.60 3350.00 54000.00 1.0474
72200 300.09 -54.87 -20890.60 3350.00 54000.00 1.0474
72300 300.09 -54.87 -20890.60 3350.00 54000.00 1.0474
72400 300.09 -54.87 -20890.60 3350.00 54000.00 1.0474
72500 300.09 -54.87 -20890.60 3350.00 54000.00 1.0474
72600 300.09 -54.87 -20890.60 3350.00 54000.00 1.0474
72700 300.09 -54.87 -20890.60 3350.00 54000.00 1.0474
72800 300.09 -54.87 -20890.60 3350.00 54000.00 1.0474
72900 300.09 -54.87 -20890.60 3350.00 54000.00 1.0474
73000 300.09 -54.87 -20890.60 3350.00 54000.00 1.0474
73100 300.09 -54.87 -20890.60 3350.00 54000.00 1.0474
73200 300.09 -54.87 -20890.60 3350.00 54000.00 1.0474
73300 300.09 -54.87 -20890.60 3350.00 54000.00 1.0474
73400 300.09 -54.87 -20890.60 3350.00 54000.00 1.0474
73500 300.09 -54.87 -20890.60 3350.00 54000.00 1.0474
73600 300.09 -54.87 -20890.60 3350.00 54000.00 1.0474
73700 300.09 -54.87 -20890.60 3350.00 54000.00 1.0474
73800 300.09 -54.87 -20890.60 3350.00 54000.00 1.0474
73900 300.09 -54.87 -20890.60 3350.00 54000.00 1.0474
74000 300.09 -54.87 -20890.60 3350.00 54000.00 1.0474
74100 300.09 -54.87 -20890.60 3350.00 54000.00 1.0474
74200 300.09 -54.87 -20890.60 3350.00 54000.00 1.0474
74300 300.09 -54.87 -20890.60 3350.00 54000.00 1.0474
74400 300.09 -54.87 -20890.60 3350.00 54000.00 1.0474
74500 300.09 -54.87 -20890.60 3350.00 54000.00 1.0474
74600 300.09 -54.87 -20890.60 3350.00 54000.00 1.0474
74700 300.09 -54.87 -20890.60 3350.00 54000.00 1.0474
74800 300.09 -54.87 -20890.60 3350.00 54000.00 1.0474
74900 300.09 -54.87 -20890.60 3350.00 54000.00 1.0474
75000 300.09 -54.87 -20890.60 3350.00 54000.00 1.0474
75100 300.09 -54.87 -20890.60 3350.00 54000.00 1.0474
75200 300.09 -54.87 -20890.60 3350.00 54000.00 1.0474
75300 300.09 -54.87 -20890.60 3350.00 54000.00 1.0474
75400 300.09 -54.87 -20890.60 3350.00 54000.00 1.0474
75500 300.09 -54.87 -20890.60 3350.00 54000.00 1.0474
75600 300.09 -54.87 -20890.60 3350.00 54000.00 1.0474
75700 300.09 -54.87 -20890.60 3350.00 54000.00 1.0474
75800 300.09 -54.87 -20890.60 3350.00 54000.00 1.0474
75900 300.09 -54.87 -20890.60 3350.00 54000.00 1.0474
76000 300.09 -54.87 -20890.60 3350.00 54000.00 1.0474
76100 300.09 -54.87 -20890.60 3350.00 54000.00 1.0474
76200 300.09 -54.87 -20890.60 3350.00 54000.00 1.0474
76300 300.09 -54.87 -20890.60 3350.00 54000.00 1.0474
76400 300.09 -54.87 -20890.60 3350.00 54000.00 1.0474
76500 300.09 -54.87 -20890.60 3350.00 54000.00 1.0474
76600 300.09 -54.87 -20890.60 3350.00 54000.00 1.0474
76700 300.09 -54.87 -20890.60 3350.00 54000.00 1.0474
76800 300.09 -54.87 -20890.60 3350.00 54000.00 1.0474
76900 300.09 -54.87 -20890.60 3350.00 54000.00 1.0474
77000 300.09 -54.87 -20890.60 3350.00 54000.00 1.0474
77100 300.09 -54.87 -20890.60 3350.00 54000.00 1.0474
77200 300.09 -54.87 -20890.60 3350.00 54000.00 1.0474
77300 300.09 -54.87 -20890.60 3350.00 54000.00 1.0474
77400 300.09 -54.87 -20890.60 3350.00 54000.00 1.0474
77500 300.09 -54.87 -20890.60 3350.00 54000.00 1.0474
77600 300.09 -54.87 -20890.60 3350.00 54000.00 1.0474
77700 300.09 -54.87 -20890.60 3350.00 54000.00 1.0474
77800 300.09 -54.87 -20890.60 3350.00 54000.00 1.0474
77900 300.09 -54.87 -20890.60 3350.00 54000.00 1.0474
78000 300.09 -54.87 -20890.60 3350.00 54000.00 1.0474
78100 300.09 -54.87 -20890.60 3350.00 54000.00 1.0474
78200 300.09 -54.87 -20890.60 3350.00 54000.00 1.0474
78300 300.09 -54.87 -20890.60 3350.00 54000.00 1.0474
78400 300.09 -54.87 -20890.60 3350.00 54000.00 1.0474
78500 300.09 -54.87 -20890.60 3350.00 54000.00 1.0474
78600 300.09 -54.87 -20890.60 3350.00 54000.00 1.0474
78700 300.09 -54.87 -20890.60 3350.00 54000.00 1.0474
78800 300.09 -54.87 -20890.60 3350.00 54000.00 1.0474
78900 300.09 -54.87 -20890.60 3350.00 54000.00 1.0474
79000 300.09 -54.87 -20890.60 3350.00 54000.00 1.0474
79100 300.09 -54.87 -20890.60 3350.00 54000.00 1.0474
79200 300.09 -54.87 -20890.60 3350.00 54000.00 1.0474
79300 300.09 -54.87 -20890.60 3350.00 54000.00 1.0474
79400 300.09 -54.87 -20890.60 3350.00 54000.00 1.0474
79500 300.09 -54.87 -20890.60 3350.00 54000.00 1.0474
79600 300.09 -54.87 -20890.60 3350.00 54000.00 1.0474
79700 300.09 -54.87 -20890.60 3350.00 54000.00 1.0474
79800 300.09 -54.87 -20890.60 3350.00 54000.00 1.0474
79900 300.09 -54.87 -20890.60 3350.00 54000.00 1.0474
80000 300.09 -54.87 -20890.60 3350.00 54000.00 1.0474
80100 300.09 -54.87 -20890.60 3350.00 54000.00 1.0474
80200 300.09 -54.87 -20890.60 3350.00 54000.00 1.0474
80300 300.09 -54.87 -20890.60 3350.00 54000.00 1.0474
80400 300.09 -54.87 -20890.60 3350.00 54000.00 1.0474
80500 300.09 -54.87 -20890.60 3350.00 54000.00 1.0474
80600 300.09 -54.87 -20890.60 3350.00 54000.00 1.0474
80700 300.09 -54.87 -20890.60 3350.00 54000.00 1.0474
80800 300.09 -54.87 -20890.60 3350.00 54000.00 1.0474
80900 300.09 -54.87 -20890.60 3350.00 54000.00 1.0474
81000 300.09 -54.87 -20890.60 3350.00 54000.00 1.0474
81100 300.09 -54.87 -20890.60 3350.00 54000.00 1.0474
81200 300.09 -54.87 -20890.60 3350.00 54000.00 1.0474
81300 300.09 -54.87 -20890.60 3350.00 54000.00 1.0474
81400 300.09 -54.87 -20890.60 3350.00 54000.00 1.0474
81500 300.09 -54.87 -20890.60 3350.00 54000.00 1.0474
81600 300.09 -54.87 -20890.60 3350.00 54000.00 1.0474
81700 300.09 -54.87 -20890.60 3350.00 54000.00 1.0474
81800 300.09 -54.87 -20890.60 3350.00 54000.00 1.0474
81900 300.09 -54.87 -20890.60 3350.00 54000.00 1.0474
82000 300.09 -54.87 -20890.60 3350.00 54000.00 1.0474
82100 300.09 -54.87 -20890.60 3350.00 54000.00 1.0474
82200 300.09 -54.87 -20890.60 3350.00 54000.00 1.0474
82300 300.09 -54.87 -20890.60 3350.00 54000.00 1.0474
82400 300.09 -54.87 -20890.60 3350.00 54000.00 1.0474
82500 300.09 -54.87 -20890.60 3350.00 54000.00 1.0474
82600 300.09 -54.87 -20890.60 3350.00 54000.00 1.0474
82700 300.09 -54.87 -20890.60 3350.00 54000.00 1.0474
82800 300.09 -54.87 -20890.60 3350.00 54000.00 1.0474
82900 300.09 -54.87 -20890.60 3350.00 54000.00 1.0474
83000 300.09 -54.87 -20890.60 3350.00 54000.00 1.0474
83100 300.09 -54.87 -20890.60 3350.00 54000.00 1.0474
83200 300.09 -54.87 -20890.60 3350.00 54000.00 1.0474
83300 300.09 -54.87 -20890.60 3350.00 54000.00 1.0474
83400 300.09 -54.87 -20890.60 3350.00 54000.00 1.0474
83500 300.09 -54.87 -20890.60 3350.00 54000.00 1.0474
83600 300.09 -54.87 -20890.60 3350.00 54000.00 1.0474
83700 300.09 -54.87 -20890.60 3350.00 54000.00 1.0474
83800 300.09 -54.87 -20890.60 3350.00 54000.00 1.0474
83900 300.09 -54.87 -20890.60 3350.00 54000.00 1.0474
84000 300.09 -54.87 -20890.60 3350.00 54000.00 1.0474
84100 300.09 -54.87 -20890.60 3350.00 54000.00 1.0474
84200 300.09 -54.87 -20890.60 3350.00 54000.00 1.0474
84300 300.09 -54.87 -20890.60 3350.00 54000.00 1.0474
84400 300.09 -54.87 -20890.60 3350.00 54000.00 1.0474
84500 300.09 -54.87 -20890.60 3350.00 54000.00 1.0474
84600 300.09 -54.87 -20890.60 3350.00 54000.00 1.0474
84700 300.09 -54.87 -20890.60 3350.00 54000.00 1.0474
84800 300.09 -54.87 -20890.60 3350.00 54000.00 1.0474
84900 300.09 -54.87 -20890.60 3350.00 54000.00 1.0474
85000 300.09 -54.87 -20890.60 3350.00 54000.00 1.0474
85100 300.09 -54.87 -20890.60 3350.00 54000.00 1.0474
85200 300.09 -54.87 -20890.60 3350.00 54000.00 1.0474
85300 300.09 -54.87 -20890.60 3350.00 54000.00 1.0474
85400 300.09 -54.87 -20890.60 3350.00 54000.00 1.0474
85500 300.09 -54.87 -20890.60 3350.00 54000.00 1.0474
85600 300.09 -54.87 -20890.60 3350.00 54000.00 1.0474
85700 300.09 -54.87 -20890.60 3350.00 54000.00 1.0474
85800 300.09 -54.87 -20890.60 3350.00 54000.00 1.0474
85900 300.09 -54.87 -20890.60 3350.00 54000.00 1.0474
86000 300.09 -54.87 -20890.60 3350.00 54000.00 1.0474
86100 300.09 -54.87 -20890.60 3350.00 54000.00 1.0474
86200 300.09 -54.87 -20890.60 3350.00 54000.00 1.0474
86300 300.09 -54.87 -20890.60 3350.00 54000.00 1.0474
86400 300.09 -54.87 -20890.60 3350.00 54000.00 1.0474
86500 300.09 -54.87 -20890.60 3350.00 54000.00 1.0474
86600 300.09 -54.87 -20890.60 3350.00 54000.00 1.0474
86700 300.09 -54.87 -20890.60 3350.00 54000.00 1.0474
86800 300.09 -54.87 -20890.60 3350.00 54000.00 1.0474
86900 300.09 -54.87 -20890.60 3350.00 54000.00 1.0474
87000 300.09 -54.87 -20890.60 3350.00 54000.00 1.0474
87100 300.09 -54.87 -20890.60 3350.00 54000.00 1.0474
87200 300.09 -54.87 -20890.60 3350.00 54000.00 1.0474
87300 300.09 -54.87 -20890.60 3350.00 54000.00 1.0474
87400 300.09 -54.87 -20890.60 3350.00 54000.00 1.0474
87500 300.09 -54.87 -20890.60 3350.00 54000.00 1.0474
87600 300.09 -54.87 -20890.60 3350.00 54000.00 1.0474
87700 300.09 -54.87 -20890.60 3350.00 54000.00 1.0474
87800 300.09 -54.87 -20890.60 3350.00 54000.00 1.0474
87900 300.09 -54.87 -20890.60 3350.00 54000.00 1.0474
88000 300.09 -54.87 -20890.60 3350.00 54000.00 1.0474
88100 300.09 -54.87 -20890.60 3350.00 54000.00 1.0474
88200 300.09 -54.87 -20890.60 3350.00 54000.00 1.0474
88300 300.09 -54.87 -20890.60 3350.00 54000.00 1.0474
88400 300.09 -54.87 -20890.60 3350.00 54000.00 1.0474
88500 300.09 -54.87 -20890.60 3350.00 54000.00 1.0474
88600 300.09 -54.87 -20890.60 3350.00 54000.00 1.0474
88700 300.09 -54.87 -20890.60 3350.00 54000.00 1.0474
88800 300.09 -54.87 -20890.60 3350.00 54000.00 1.0474
88900 300.09 -54.87 -20890.60 3350.00 54000.00 1.0474
89000 300.09 -54.87 -20890.60 3350.00 54000.00 1.0474
89100 300.09 -54.87 -20890.60 3350.00 54000.00 1.0474
89200 300.09 -54.87 -20890.60 3350.00 54000.00 1.0474
89300 300.09 -54.87 -20890.60 3350.00 54000.00 1.0474
89400 300.09 -54.87 -20890.60 3350.00 54000.00 1.0474
89500 300.09 -54.87 -20890.60 3350.00 54000.00 1.0474
89600 300.09 -54.87 -20890.60 3350.00 54000.00 1.0474
89700 300.09 -54.87 -20890.60 3350.00 54000.00 1.0474
89800 300.09 -54.87 -20890.60 3350.00 54000.00 1.0474
89900 300.09 -54.87 -20890.60 3350.00 54000.00 1.0474
90000 300.09 -54.87 -20890.60 3350.00 54000.00 1.0474
90100 300.09 -54.87 -20890.60 3350.00 54000.00 1.0474
90200 300.09 -54.87 -20890.60 3350.00 54000.00 1.0474
90300 300.09 -54.87 -20890.60 3350.00 54000.00 1.0474
90400 300.09 -54.87 -20890.60 3350.00 54000.00 1.0474
90500 300.09 -54.87 -20890.60 3350.00 54000.00 1.0474
90600 300.09 -54.87 -20890.60 3350.00 54000.00 1.0474
90700 300.09 -54.87 -20890.60 3350.00 54000.00 1.0474
90800 300.09 -54.87 -20890.60 3350.00 54000.00 1.0474
90900 300.09 -54.87 -20890.60 3350.00 54000.00 1.0474
91000 300.09 -54.87 -20890.60 3350.00 54000.00 1.0474
91100 300.09 -54.87 -20890.60 3350.00 54000.00 1.0474
91200 300.09 -54.87 -20890.60 3350.00 54000.00 1.0474
91300 300.09 -54.87 -20890.60 3350.00 54000.00 1.0474
91400 300.09 -54.87 -20890.60 3350.00 54000.00 1.0474
91500 300.09 -54.87 -20890.60 3350.00 54000.00 1.0474
91600 300.09 -54.87 -20890.60 3350.00 54000.00 1.0474
91700 300.09 -54.87 -20890.60 3350.00 54000.00 1.0474
91800 300.09 -54.87 -20890.60 3350.00 54000.00 1.0474
91900 300.09 -54.87 -20890.60 3350.00 54000.00 1.0474
92000 300.09 -54.87 -20890.60 3350.00 54000.00 1.0474
92100 300.09 -54.87 -20890.60 3350.00 54000.00 1.0474
92200 300.09 -54.87 -20890.60 3350.00 54000.00 1.0474
92300 300.09 -54.87 -20890.60 3350.00 54000.00 1.0474
92400 300.09 -54.87 -20890.60 3350.00 54000.00 1.0474
92500 300.09 -54.87 -20890.60 3350.00 54000.00 1.0474
92600 300.09 -54.87 -20890.60 3350.00 54000.00 1.0474
92700 300.09 -54.87 -20890.60 3350.00 54000.00 1.0474
92800 300.09 -54.87 -20890.60 3350.00 54000.00 1.0474
92900 300.09 -54.87 -20890.60 3350.00 54000.00 1.0474
93000 300.09 -54.87 -20890.60 3350.00 54000.00 1.0474
93100 300.09 -54.87 -20890.60 3350.00 54000.00 1.0474
93200 300.09 -54.87 -20890.60 3350.00 54000.00 1.0474
93300 300.09 -54.87 -20890.60 3350.00 54000.00 1.0474
93400 300.09 -54.87 -20890.60 3350.00 54000.00 1.0474
93500 300.09 -54.87 -20890.60 3350.00 54000.00 1.0474
93600 300.09 -54.87 -20890.60 3350.00 54000.00 1.0474
93700 300.09 -54.87 -20890.60 3350.00 54000.00 1.0474
93800 300.09 -54.87 -20890.60 3350.00 54000.00 1.0474
93900 300.09 -54.87 -20890.60 3350.00 54000.00 1.0474
94000 300.09 -54.87 -20890.60 3350.00 54000.00 1.0474
94100 300.09 -54.87 -20890.60 3350.00 54000.00 1.0474
94200 300.09 -54.87 -20890.60 3350.00 54000.00 1.0474
94300 300.09 -54.87 -20890.60 3350.00 54000.00 1.0474
94400 300.09 -54.87 -20890.60 3350.00 54000.00 1.0474
94500 300.09 -54.87 -20890.60 3350.00 54000.00 1.0474
94600 300.09 -54.87 -20890.60 3350.00 54000.00 1.0474
94700 300.09 -54.87 -20890.60 3350.00 54000.00 1.0474
94800 300.09 -54.87 -20890.60 3350.00 54000.00 1.0474
94900 300.09 -54.87 -20890.60 3350.00 54000.00 1.0474
95000 300.09 -54.87 -20890.60 3350.00 54000.00 1.0474
95100 300.09 -54.87 -20890.60 3350.00 54000.00 1.0474
95200 300.09 -54.87 -20890.60 3350.00 54000.00 1.0474
95300 300.09 -54.87 -20890.60 3350.00 54000.00 1.0474
95400 300.09 -54.87 -20890.60 3350.00 54000.00 1.0474
95500 300.09 -54.87 -20890.60 3350.00 54000.00 1.0474
95600 300.09 -54.87 -20890.60 3350.00 54000.00 1.0474
95700 300.09 -54.87 -20890.60 3350.00 54000.00 1.0474
95800 300.09 -54.87 -20890.60 3350.00 54000.00 1.0474
95900 300.09 -54.87 -20890.60 3350.00 54000.00 1.0474
96000 300.09 -54.87 -20890.60 3350.00 54000.00 1.0474
96100 300.09 -54.87 -20890.60 3350.00 54000.00 1.0474
96200 300.09 -54.87 -20890.60 3350.00 54000.00 1.0474
96300 300.09 -54.87 -20890.60 3350.00 54000.00 1.0474
96400 300.09 -54.87 -20890.60 3350.00 54000.00 1.0474
96500 300.09 -54.87 -20890.60 3350.00 54000.00 1.0474
96600 300.09 -54.87 -20890.60 3350.00 54000.00 1.0474
96700 300.09 -54.87 -20890.60 3350.00 54000.00 1.0474
96800 300.09 -54.87 -20890.60 3350.00 54000.00 1.0474
96900 300.09 -54.87 -20890.60 3350.00 54000.00 1.0474
97000 300.09 -54.87 -20890.60 3350.00 54000.00 1.0474
97100 300.09 -54.87 -20890.60 3350.00 54000.00 1.0474
97200 300.09 -54.87 -20890.60 3350.00 54000.00 1.0474
97300 300.09 -54.87 -20890.60 3350.00 54000.00 1.0474
97400 300.09 -54.87 -20890.60 3350.00 54000.00 1.0474
97500 300.09 -54.87 -20890.60 3350.00 54000.00 1.0474
97600 300.09 -54.87 -20890.60 3350.00 54000.00 1.0474
97700 300.09 -54.87 -20890.60 3350.00 54000.00 1.0474
97800 300.09 -54.87 -20890.60 3350.00 54000.00 1.0474
97900 300.09 -54.87 -20890.60 3350.00 54000.00 1.0474
98000 300.09 -54.87 -20890.60 3350.00 54000.00 1.0474
98100 300.09 -54.87 -20890.60 3350.00 54000.00 1.0474
98200 300.09 -54.87 -20890.60 3350.00 54000.00 1.0474
98300 300.09 -54.87 -20890.60 3350.00 54000.00 1.0474
98400 300.09 -54.87 -20890.60 3350.00 54000.00 1.0474
98500 300.09 -54.87 -20890.60 3350.00 54000.00 1.0474
98600 300.09 -54.87 -20890.60 3350.00 54000.00 1.0474
98700 300.09 -54.87 -20890.60 3350.00 54000.00 1.0474
98800 300.09 -54.87 -20890.60 3350.00 54000.00 1.0474
98900 300.09 -54.87 -20890.60 3350.00 54000.00 1.0474
99000 300.09 -54.87 -20890.60 3350.00 54000.00 1.0474
99100 300.09 -54.87 -20890.60 3350.00 54000.00 1.0474
99200 300.09 -54.87 -20890.60 3350.00 54000.00 1.0474
99300 300.09 -54.87 -20890.60 3350.00 54000.00 1.0474
99400 300.09 -54.87 -20890.60 3350.00 54000.00 1.0474
99500 300.09 -54.87 -20890.60 3350.00 54000.00 1.0474
99600 300.09 -54.87 -20890.60 3350.00 54000.00 1.0474
99700 300.09 -54.87 -20890.60 3350.00 54000.00 1.0474
99800 300.09 -54.87 -20890.60 3350.00 54000.00 1.0474
99900 300.09 -54.87 -20890.60 3350.00 54000.00 1.0474
