# TimeStep Temp Press PotEng KinEng Volume Density
0 296.90 10.32 -21137.84 3350.00 54000.00 1.0457
100 298.08 -170.66 -21053.98 3350.00 54000.00 1.0456
200 298.55 -209.64 -21032.61 3350.00 54000.00 1.0456
300 298.85 -229.81 -21016.13 3350.00 54000.00 1.0455
400 299.04 -238.75 -21002.40 3350.00 54000.00 1.0454
500 299.18 -242.00 -20991.40 3350.00 54000.00 1.0453
600 299.27 -242.44 -20982.79 3350.00 54000.00 1.0453
700 299.34 -241.55 -20976.11 3350.00 54000.00 1.0453
800 299.40 -240.12 -20970.96 3350.00 54000.00 1.0453
900 299.44 -238.50 -20966.95 3350.00 54000.00 1.0453
1000 299.47 -236.91 -20963.82 3350.00 54000.00 1.0453
1100 299.50 -235.44 -20961.34 3350.00 54000.00 1.0453
1200 299.52 -234.11 -20959.36 3350.00 54000.00 1.0453
1300 299.54 -232.94 -20957.76 3350.00 54000.00 1.0453
1400 299.55 -231.92 -20956.45 3350.00 54000.00 1.0453
1500 299.56 -231.04 -20955.39 3350.00 54000.00 1.0453
1600 299.57 -230.27 -20954.52 3350.00 54000.00 1.0453
1700 299.57 -229.62 -20953.80 3350.00 54000.00 1.0453
1800 299.58 -229.07 -20953.21 3350.00 54000.00 1.0453
1900 299.58 -228.60 -20952.73 3350.00 54000.00 1.0453
2000 299.59 -228.19 -20952.33 3350.00 54000.00 1.0453
2100 299.59 -227.85 -20952.00 3350.00 54000.00 1.0453
2200 299.59 -227.54 -20951.72 3350.00 54000.00 1.0453
2300 299.59 -227.29 -20951.49 3350.00 54000.00 1.0453
2400 299.59 -227.07 -20951.30 3350.00 54000.00 1.0453
2500 299.60 -226.88 -20951.14 3350.00 54000.00 1.0453
2600 299.60 -226.72 -20951.00 3350.00 54000.00 1.0453
2700 299.60 -226.57 -20950.89 3350.00 54000.00 1.0453
2800 299.60 -226.44 -20950.80 3350.00 54000.00 1.0453
2900 299.60 -226.32 -20950.72 3350.00 54000.00 1.0453
3000 299.60 -226.22 -20950.65 3350.00 54000.00 1.0453
3100 299.60 -226.12 -20950.59 3350.00 54000.00 1.0453
3200 299.60 -226.04 -20950.53 3350.00 54000.00 1.0453
3300 299.60 -225.96 -20950.48 3350.00 54000.00 1.0453
3400 299.60 -225.89 -20950.45 3350.00 54000.00 1.0453
3500 299.60 -225.82 -20950.41 3350.00 54000.00 1.0453
3600 299.60 -225.77 -20950.38 3350.00 54000.00 1.0453
3700 299.60 -225.71 -20950.35 3350.00 54000.00 1.0453
3800 299.60 -225.65 -20950.33 3350.00 54000.00 1.0453
3900 299.60 -225.60 -20950.30 3350.00 54000.00 1.0453
4000 299.60 -225.56 -20950.28 3350.00 54000.00 1.0453
4100 299.60 -225.51 -20950.26 3350.00 54000.00 1.0453
4200 299.60 -225.47 -20950.24 3350.00 54000.00 1.0453
4300 299.60 -225.43 -20950.23 3350.00 54000.00 1.0453
4400 299.60 -225.39 -20950.21 3350.00 54000.00 1.0453
4500 299.60 -225.36 -20950.20 3350.00 54000.00 1.0453
4600 299.60 -225.32 -20950.18 3350.00 54000.00 1.0453
4700 299.60 -225.29 -20950.16 3350.00 54000.00 1.0453
4800 299.60 -225.27 -20950.15 3350.00 54000.00 1.0453
4900 299.60 -225.24 -20950.14 3350.00 54000.00 1.0453
5000 299.60 -225.22 -20950.13 3350.00 54000.00 1.0453
5100 299.60 -225.20 -20950.12 3350.00 54000.00 1.0453
5200 299.60 -225.17 -20950.11 3350.00 54000.00 1.0453
5300 299.60 -225.15 -20950.10 3350.00 54000.00 1.0453
5400 299.60 -225.13 -20950.10 3350.00 54000.00 1.0453
5500 299.60 -225.11 -20950.09 3350.00 54000.00 1.0453
5600 299.60 -225.09 -20950.08 3350.00 54000.00 1.0453
5700 299.60 -225.06 -20950.07 3350.00 54000.00 1.0453
5800 299.60 -225.05 -20950.06 3350.00 54000.00 1.0453
5900 299.60 -225.03 -20950.06 3350.00 54000.00 1.0453
6000 299.60 -225.01 -20950.05 3350.00 54000.00 1.0453
6100 299.60 -225.00 -20950.04 3350.00 54000.00 1.0453
6200 299.60 -224.99 -20950.04 3350.00 54000.00 1.0453
6300 299.60 -224.98 -20950.03 3350.00 54000.00 1.0453
6400 299.60 -224.97 -20950.04 3350.00 54000.00 1.0453
6500 299.60 -224.96 -20950.02 3350.00 54000.00 1.0453
6600 299.60 -224.94 -20950.02 3350.00 54000.00 1.0453
6700 299.60 -224.93 -20950.01 3350.00 54000.00 1.0453
6800 299.60 -224.92 -20950.01 3350.00 54000.00 1.0453
6900 299.60 -224.91 -20950.00 3350.00 54000.00 1.0453
7000 299.60 -224.90 -20950.00 3350.00 54000.00 1.0453
7100 299.60 -224.89 -20949.99 3350.00 54000.00 1.0453
7200 299.60 -224.88 -20949.98 3350.00 54000.00 1.0453
7300 299.60 -224.87 -20949.98 3350.00 54000.00 1.0453
7400 299.60 -224.87 -20949.98 3350.00 54000.00 1.0453
7500 299.60 -224.86 -20949.98 3350.00 54000.00 1.0453
7600 299.60 -224.85 -20949.97 3350.00 54000.00 1.0453
7700 299.60 -224.85 -20949.97 3350.00 54000.00 1.0453
7800 299.60 -224.85 -20949.97 3350.00 54000.00 1.0453
7900 299.60 -224.84 -20949.96 3350.00 54000.00 1.0453
8000 299.60 -224.83 -20949.96 3350.00 54000.00 1.0453
8100 299.60 -224.82 -20949.96 3350.00 54000.00 1.0453
8200 299.60 -224.82 -20949.96 3350.00 54000.00 1.0453
8300 299.60 -224.81 -20949.95 3350.00 54000.00 1.0453
8400 299.60 -224.80 -20949.95 3350.00 54000.00 1.0453
8500 299.60 -224.80 -20949.95 3350.00 54000.00 1.0453
8600 299.60 -224.79 -20949.95 3350.00 54000.00 1.0453
8700 299.60 -224.78 -20949.95 3350.00 54000.00 1.0453
8800 299.60 -224.78 -20949.94 3350.00 54000.00 1.0453
8900 299.60 -224.77 -20949.93 3350.00 54000.00 1.0453
9000 299.60 -224.77 -20949.93 3350.00 54000.00 1.0453
9100 299.60 -224.77 -20949.93 3350.00 54000.00 1.0453
9200 299.60 -224.77 -20949.94 3350.00 54000.00 1.0453
9300 299.60 -224.77 -20949.94 3350.00 54000.00 1.0453
9400 299.60 -224.77 -20949.94 3350.00 54000.00 1.0453
9500 299.60 -224.77 -20949.94 3350.00 54000.00 1.0453
9600 299.60 -224.77 -20949.94 3350.00 54000.00 1.0453
9700 299.60 -224.77 -20949.93 3350.00 54000.00 1.0453
9800 299.60 -224.77 -20949.93 3350.00 54000.00 1.0453
9900 299.60 -224.77 -20949.93 3350.00 54000.00 1.0453
10000 299.60 -224.77 -20949.93 3350.00 54000.00 1.0453
10100 299.60 -224.77 -20949.93 3350.00 54000.00 1.0453
10200 299.60 -224.77 -20949.93 3350.00 54000.00 1.0453
10300 299.60 -224.77 -20949.93 3350.00 54000.00 1.0453
10400 299.60 -224.76 -20949.93 3350.00 54000.00 1.0453
10500 299.60 -224.76 -20949.93 3350.00 54000.00 1.0453
10600 299.60 -224.76 -20949.92 3350.00 54000.00 1.0453
10700 299.60 -224.76 -20949.92 3350.00 54000.00 1.0453
10800 299.60 -224.76 -20949.92 3350.00 54000.00 1.0453
10900 299.60 -224.76 -20949.92 3350.00 54000.00 1.0453
11000 299.60 -224.75 -20949.91 3350.00 54000.00 1.0453
11100 299.60 -224.75 -20949.91 3350.00 54000.00 1.0453
11200 299.60 -224.75 -20949.91 3350.00 54000.00 1.0453
11300 299.60 -224.75 -20949.91 3350.00 54000.00 1.0453
11400 299.60 -224.75 -20949.91 3350.00 54000.00 1.0453
11500 299.60 -224.75 -20949.91 3350.00 54000.00 1.0453
11600 299.60 -224.74 -20949.91 3350.00 54000.00 1.0453
11700 299.60 -224.74 -20949.91 3350.00 54000.00 1.0453
11800 299.60 -224.74 -20949.91 3350.00 54000.00 1.0453
11900 299.60 -224.74 -20949.91 3350.00 54000.00 1.0453
12000 299.60 -224.74 -20949.91 3350.00 54000.00 1.0453
12100 299.60 -224.74 -20949.91 3350.00 54000.00 1.0453
12200 299.60 -224.74 -20949.91 3350.00 54000.00 1.0453
12300 299.60 -224.74 -20949.91 3350.00 54000.00 1.0453
12400 299.60 -224.73 -20949.91 3350.00 54000.00 1.0453
12500 299.60 -224.73 -20949.90 3350.00 54000.00 1.0453
12600 299.60 -224.73 -20949.90 3350.00 54000.00 1.0453
12700 299.60 -224.73 -20949.90 3350.00 54000.00 1.0453
12800 299.60 -224.73 -20949.90 3350.00 54000.00 1.0453
12900 299.60 -224.73 -20949.90 3350.00 54000.00 1.0453
13000 299.60 -224.72 -20949.90 3350.00 54000.00 1.0453
13100 299.60 -224.72 -20949.90 3350.00 54000.00 1.0453
13200 299.60 -224.72 -20949.90 3350.00 54000.00 1.0453
13300 299.60 -224.72 -20949.90 3350.00 54000.00 1.0453
13400 299.60 -224.72 -20949.90 3350.00 54000.00 1.0453
13500 299.60 -224.72 -20949.90 3350.00 54000.00 1.0453
13600 299.60 -224.72 -20949.90 3350.00 54000.00 1.0453
13700 299.60 -224.72 -20949.90 3350.00 54000.00 1.0453
13800 299.60 -224.72 -20949.91 3350.00 54000.00 1.0453
13900 299.60 -224.72 -20949.91 3350.00 54000.00 1.0453
14000 299.60 -224.72 -20949.91 3350.00 54000.00 1.0453
14100 299.60 -224.72 -20949.91 3350.00 54000.00 1.0453
14200 299.60 -224.72 -20949.91 3350.00 54000.00 1.0453
14300 299.60 -224.71 -20949.91 3350.00 54000.00 1.0453
14400 299.60 -224.71 -20949.91 3350.00 54000.00 1.0453
14500 299.60 -224.71 -20949.91 3350.00 54000.00 1.0453
14600 299.60 -224.71 -20949.91 3350.00 54000.00 1.0453
14700 299.60 -224.71 -20949.90 3350.00 54000.00 1.0453
14800 299.60 -224.71 -20949.90 3350.00 54000.00 1.0453
14900 299.60 -224.71 -20949.90 3350.00 54000.00 1.0453
15000 299.60 -224.71 -20949.90 3350.00 54000.00 1.0453
15100 299.60 -224.71 -20949.90 3350.00 54000.00 1.0453
15200 299.60 -224.71 -20949.90 3350.00 54000.00 1.0453
15300 299.60 -224.71 -20949.90 3350.00 54000.00 1.0453
15400 299.60 -224.71 -20949.91 3350.00 54000.00 1.0453
15500 299.60 -224.71 -20949.91 3350.00 54000.00 1.0453
15600 299.60 -224.71 -20949.91 3350.00 54000.00 1.0453
15700 299.60 -224.71 -20949.91 3350.00 54000.00 1.0453
15800 299.60 -224.71 -20949.91 3350.00 54000.00 1.0453
15900 299.60 -224.71 -20949.91 3350.00 54000.00 1.0453
16000 299.60 -224.71 -20949.91 3350.00 54000.00 1.0453
16100 299.60 -224.71 -20949.91 3350.00 54000.00 1.0453
16200 299.60 -224.71 -20949.91 3350.00 54000.00 1.0453
16300 299.60 -224.71 -20949.91 3350.00 54000.00 1.0453
16400 299.60 -224.71 -20949.91 3350.00 54000.00 1.0453
16500 299.60 -224.71 -20949.91 3350.00 54000.00 1.0453
16600 299.60 -224.72 -20949.90 3350.00 54000.00 1.0453
16700 299.60 -224.72 -20949.90 3350.00 54000.00 1.0453
16800 299.60 -224.72 -20949.90 3350.00 54000.00 1.0453
16900 299.60 -224.72 -20949.91 3350.00 54000.00 1.0453
17000 299.60 -224.72 -20949.90 3350.00 54000.00 1.0453
17100 299.60 -224.72 -20949.91 3350.00 54000.00 1.0453
17200 299.60 -224.72 -20949.90 3350.00 54000.00 1.0453
17300 299.60 -224.72 -20949.90 3350.00 54000.00 1.0453
17400 299.60 -224.72 -20949.90 3350.00 54000.00 1.0453
17500 299.60 -224.72 -20949.90 3350.00 54000.00 1.0453
17600 299.60 -224.72 -20949.90 3350.00 54000.00 1.0453
17700 299.60 -224.72 -20949.90 3350.00 54000.00 1.0453
17800 299.60 -224.72 -20949.90 3350.00 54000.00 1.0453
17900 299.60 -224.72 -20949.91 3350.00 54000.00 1.0453
18000 299.60 -224.72 -20949.91 3350.00 54000.00 1.0453
18100 299.60 -224.72 -20949.91 3350.00 54000.00 1.0453
18200 299.60 -224.72 -20949.91 3350.00 54000.00 1.0453
18300 299.60 -224.72 -20949.91 3350.00 54000.00 1.0453
18400 299.60 -224.72 -20949.91 3350.00 54000.00 1.0453
18500 299.60 -224.72 -20949.91 3350.00 54000.00 1.0453
18600 299.60 -224.72 -20949.91 3350.00 54000.00 1.0453
18700 299.60 -224.72 -20949.91 3350.00 54000.00 1.0453
18800 299.60 -224.72 -20949.90 3350.00 54000.00 1.0453
18900 299.60 -224.72 -20949.90 3350.00 54000.00 1.0453
19000 299.60 -224.72 -20949.90 3350.00 54000.00 1.0453
19100 299.60 -224.72 -20949.90 3350.00 54000.00 1.0453
19200 299.60 -224.72 -20949.90 3350.00 54000.00 1.0453
19300 299.60 -224.72 -20949.90 3350.00 54000.00 1.0453
19400 299.60 -224.72 -20949.90 3350.00 54000.00 1.0453
19500 299.60 -224.72 -20949.90 3350.00 54000.00 1.0453
19600 299.60 -224.72 -20949.90 3350.00 54000.00 1.0453
19700 299.60 -224.72 -20949.90 3350.00 54000.00 1.0453
19800 299.60 -224.72 -20949.90 3350.00 54000.00 1.0453
19900 299.60 -224.72 -20949.90 3350.00 54000.00 1.0453
20000 299.60 -224.72 -20949.90 3350.00 54000.00 1.0453
20100 299.60 -224.72 -20949.90 3350.00 54000.00 1.0453
20200 299.60 -224.72 -20949.90 3350.00 54000.00 1.0453
20300 299.60 -224.72 -20949.90 3350.00 54000.00 1.0453
20400 299.60 -224.72 -20949.90 3350.00 54000.00 1.0453
20500 299.60 -224.72 -20949.90 3350.00 54000.00 1.0453
20600 299.60 -224.72 -20949.90 3350.00 54000.00 1.0453
20700 299.60 -224.72 -20949.90 3350.00 54000.00 1.0453
20800 299.60 -224.72 -20949.90 3350.00 54000.00 1.0453
20900 299.60 -224.72 -20949.90 3350.00 54000.00 1.0453
21000 299.60 -224.72 -20949.90 3350.00 54000.00 1.0453
21100 299.60 -224.72 -20949.90 3350.00 54000.00 1.0453
21200 299.60 -224.72 -20949.90 3350.00 54000.00 1.0453
21300 299.60 -224.72 -20949.90 3350.00 54000.00 1.0453
21400 299.60 -224.72 -20949.90 3350.00 54000.00 1.0453
21500 299.60 -224.72 -20949.90 3350.00 54000.00 1.0453
21600 299.60 -224.72 -20949.90 3350.00 54000.00 1.0453
21700 299.60 -224.72 -20949.90 3350.00 54000.00 1.0453
21800 299.60 -224.72 -20949.90 3350.00 54000.00 1.0453
21900 299.60 -224.72 -20949.90 3350.00 54000.00 1.0453
22000 299.60 -224.72 -20949.90 3350.00 54000.00 1.0453
22100 299.60 -224.72 -20949.90 3350.00 54000.00 1.0453
22200 299.60 -224.72 -20949.90 3350.00 54000.00 1.0453
22300 299.60 -224.72 -20949.90 3350.00 54000.00 1.0453
22400 299.60 -224.72 -20949.90 3350.00 54000.00 1.0453
22500 299.60 -224.72 -20949.90 3350.00 54000.00 1.0453
22600 299.60 -224.72 -20949.90 3350.00 54000.00 1.0453
22700 299.60 -224.72 -20949.90 3350.00 54000.00 1.0453
22800 299.60 -224.72 -20949.90 3350.00 54000.00 1.0453
22900 299.60 -224.72 -20949.90 3350.00 54000.00 1.0453
23000 299.60 -224.71 -20949.90 3350.00 54000.00 1.0453
23100 299.60 -224.71 -20949.90 3350.00 54000.00 1.0453
23200 299.60 -224.71 -20949.90 3350.00 54000.00 1.0453
23300 299.60 -224.71 -20949.90 3350.00 54000.00 1.0453
23400 299.60 -224.71 -20949.90 3350.00 54000.00 1.0453
23500 299.60 -224.71 -20949.90 3350.00 54000.00 1.0453
23600 299.60 -224.71 -20949.90 3350.00 54000.00 1.0453
23700 299.60 -224.71 -20949.90 3350.00 54000.00 1.0453
23800 299.60 -224.71 -20949.90 3350.00 54000.00 1.0453
23900 299.60 -224.71 -20949.90 3350.00 54000.00 1.0453
24000 299.60 -224.71 -20949.90 3350.00 54000.00 1.0453
24100 299.60 -224.71 -20949.90 3350.00 54000.00 1.0453
24200 299.60 -224.71 -20949.90 3350.00 54000.00 1.0453
24300 299.60 -224.71 -20949.90 3350.00 54000.00 1.0453
24400 299.60 -224.71 -20949.90 3350.00 54000.00 1.0453
24500 299.60 -224.71 -20949.90 3350.00 54000.00 1.0453
24600 299.60 -224.71 -20949.90 3350.00 54000.00 1.0453
24700 299.60 -224.71 -20949.90 3350.00 54000.00 1.0453
24800 299.60 -224.71 -20949.90 3350.00 54000.00 1.0453
24900 299.60 -224.71 -20949.90 3350.00 54000.00 1.0453
25000 299.60 -224.71 -20949.90 3350.00 54000.00 1.0453
25100 299.60 -224.71 -20949.90 3350.00 54000.00 1.0453
25200 299.60 -224.71 -20949.90 3350.00 54000.00 1.0453
25300 299.60 -224.71 -20949.90 3350.00 54000.00 1.0453
25400 299.60 -224.71 -20949.90 3350.00 54000.00 1.0453
25500 299.60 -224.71 -20949.90 3350.00 54000.00 1.0453
25600 299.60 -224.71 -20949.90 3350.00 54000.00 1.0453
25700 299.60 -224.71 -20949.90 3350.00 54000.00 1.0453
25800 299.60 -224.71 -20949.90 3350.00 54000.00 1.0453
25900 299.60 -224.71 -20949.90 3350.00 54000.00 1.0453
26000 299.60 -224.71 -20949.90 3350.00 54000.00 1.0453
26100 299.60 -224.71 -20949.90 3350.00 54000.00 1.0453
26200 299.60 -224.71 -20949.90 3350.00 54000.00 1.0453
26300 299.60 -224.71 -20949.90 3350.00 54000.00 1.0453
26400 299.60 -224.71 -20949.90 3350.00 54000.00 1.0453
26500 299.60 -224.71 -20949.90 3350.00 54000.00 1.0453
26600 299.60 -224.71 -20949.90 3350.00 54000.00 1.0453
26700 299.60 -224.71 -20949.90 3350.00 54000.00 1.0453
26800 299.60 -224.71 -20949.90 3350.00 54000.00 1.0453
26900 299.60 -224.71 -20949.90 3350.00 54000.00 1.0453
27000 299.60 -224.71 -20949.90 3350.00 54000.00 1.0453
27100 299.60 -224.71 -20949.90 3350.00 54000.00 1.0453
27200 299.60 -224.71 -20949.90 3350.00 54000.00 1.0453
27300 299.60 -224.71 -20949.90 3350.00 54000.00 1.0453
27400 299.60 -224.71 -20949.90 3350.00 54000.00 1.0453
27500 299.60 -224.71 -20949.90 3350.00 54000.00 1.0453
27600 299.60 -224.71 -20949.90 3350.00 54000.00 1.0453
27700 299.60 -224.71 -20949.90 3350.00 54000.00 1.0453
27800 299.60 -224.71 -20949.90 3350.00 54000.00 1.0453
27900 299.60 -224.71 -20949.90 3350.00 54000.00 1.0453
28000 299.60 -224.71 -20949.90 3350.00 54000.00 1.0453
28100 299.60 -224.71 -20949.90 3350.00 54000.00 1.0453
28200 299.60 -224.71 -20949.90 3350.00 54000.00 1.0453
28300 299.60 -224.71 -20949.90 3350.00 54000.00 1.0453
28400 299.60 -224.71 -20949.90 3350.00 54000.00 1.0453
28500 299.60 -224.71 -20949.90 3350.00 54000.00 1.0453
28600 299.60 -224.71 -20949.90 3350.00 54000.00 1.0453
28700 299.60 -224.71 -20949.90 3350.00 54000.00 1.0453
28800 299.60 -224.71 -20949.90 3350.00 54000.00 1.0453
28900 299.60 -224.71 -20949.90 3350.00 54000.00 1.0453
29000 299.60 -224.71 -20949.90 3350.00 54000.00 1.0453
29100 299.60 -224.71 -20949.90 3350.00 54000.00 1.0453
29200 299.60 -224.71 -20949.90 3350.00 54000.00 1.0453
29300 299.60 -224.71 -20949.90 3350.00 54000.00 1.0453
29400 299.60 -224.71 -20949.90 3350.00 54000.00 1.0453
29500 299.60 -224.71 -20949.90 3350.00 54000.00 1.0453
29600 299.60 -224.71 -20949.90 3350.00 54000.00 1.0453
29700 299.60 -224.71 -20949.90 3350.00 54000.00 1.0453
29800 299.60 -224.71 -20949.90 3350.00 54000.00 1.0453
29900 299.60 -224.71 -20949.90 3350.00 54000.00 1.0453
30000 299.60 -224.71 -20949.90 3350.00 54000.00 1.0453
30100 299.60 -224.71 -20949.90 3350.00 54000.00 1.0453
30200 299.60 -224.71 -20949.90 3350.00 54000.00 1.0453
30300 299.60 -224.71 -20949.90 3350.00 54000.00 1.0453
30400 299.60 -224.71 -20949.90 3350.00 54000.00 1.0453
30500 299.60 -224.71 -20949.90 3350.00 54000.00 1.0453
30600 299.60 -224.71 -20949.90 3350.00 54000.00 1.0453
30700 299.60 -224.71 -20949.90 3350.00 54000.00 1.0453
30800 299.60 -224.71 -20949.90 3350.00 54000.00 1.0453
30900 299.60 -224.71 -20949.90 3350.00 54000.00 1.0453
31000 299.60 -224.71 -20949.90 3350.00 54000.00 1.0453
31100 299.60 -224.71 -20949.90 3350.00 54000.00 1.0453
31200 299.60 -224.71 -20949.90 3350.00 54000.00 1.0453
31300 299.60 -224.71 -20949.90 3350.00 54000.00 1.0453
31400 299.60 -224.71 -20949.90 3350.00 54000.00 1.0453
31500 299.60 -224.71 -20949.90 3350.00 54000.00 1.0453
31600 299.60 -224.71 -20949.90 3350.00 54000.00 1.0453
31700 299.60 -224.71 -20949.90 3350.00 54000.00 1.0453
31800 299.60 -224.71 -20949.90 3350.00 54000.00 1.0453
31900 299.60 -224.71 -20949.90 3350.00 54000.00 1.0453
32000 299.60 -224.71 -20949.90 3350.00 54000.00 1.0453
32100 299.60 -224.71 -20949.90 3350.00 54000.00 1.0453
32200 299.60 -224.71 -20949.90 3350.00 54000.00 1.0453
32300 299.60 -224.71 -20949.90 3350.00 54000.00 1.0453
32400 299.60 -224.71 -20949.90 3350.00 54000.00 1.0453
32500 299.60 -224.71 -20949.90 3350.00 54000.00 1.0453
32600 299.60 -224.71 -20949.90 3350.00 54000.00 1.0453
32700 299.60 -224.71 -20949.90 3350.00 54000.00 1.0453
32800 299.60 -224.71 -20949.90 3350.00 54000.00 1.0453
32900 299.60 -224.71 -20949.90 3350.00 54000.00 1.0453
33000 299.60 -224.71 -20949.90 3350.00 54000.00 1.0453
33100 299.60 -224.71 -20949.90 3350.00 54000.00 1.0453
33200 299.60 -224.71 -20949.90 3350.00 54000.00 1.0453
33300 299.60 -224.71 -20949.90 3350.00 54000.00 1.0453
33400 299.60 -224.71 -20949.90 3350.00 54000.00 1.0453
33500 299.60 -224.71 -20949.90 3350.00 54000.00 1.0453
33600 299.60 -224.71 -20949.90 3350.00 54000.00 1.0453
33700 299.60 -224.71 -20949.90 3350.00 54000.00 1.0453
33800 299.60 -224.71 -20949.90 3350.00 54000.00 1.0453
33900 299.60 -224.71 -20949.90 3350.00 54000.00 1.0453
34000 299.60 -224.71 -20949.90 3350.00 54000.00 1.0453
34100 299.60 -224.71 -20949.90 3350.00 54000.00 1.0453
34200 299.60 -224.71 -20949.90 3350.00 54000.00 1.0453
34300 299.60 -224.71 -20949.90 3350.00 54000.00 1.0453
34400 299.60 -224.71 -20949.90 3350.00 54000.00 1.0453
34500 299.60 -224.71 -20949.90 3350.00 54000.00 1.0453
34600 299.60 -224.71 -20949.90 3350.00 54000.00 1.0453
34700 299.60 -224.71 -20949.90 3350.00 54000.00 1.0453
34800 299.60 -224.71 -20949.90 3350.00 54000.00 1.0453
34900 299.60 -224.71 -20949.90 3350.00 54000.00 1.0453
35000 299.60 -224.71 -20949.90 3350.00 54000.00 1.0453
35100 299.60 -224.71 -20949.90 3350.00 54000.00 1.0453
35200 299.60 -224.71 -20949.90 3350.00 54000.00 1.0453
35300 299.60 -224.71 -20949.90 3350.00 54000.00 1.0453
35400 299.60 -224.71 -20949.90 3350.00 54000.00 1.0453
35500 299.60 -224.71 -20949.90 3350.00 54000.00 1.0453
35600 299.60 -224.71 -20949.90 3350.00 54000.00 1.0453
35700 299.60 -224.71 -20949.90 3350.00 54000.00 1.0453
35800 299.60 -224.71 -20949.90 3350.00 54000.00 1.0453
35900 299.60 -224.71 -20949.90 3350.00 54000.00 1.0453
36000 299.60 -224.71 -20949.90 3350.00 54000.00 1.0453
36100 299.60 -224.71 -20949.90 3350.00 54000.00 1.0453
36200 299.60 -224.71 -20949.90 3350.00 54000.00 1.0453
36300 299.60 -224.71 -20949.90 3350.00 54000.00 1.0453
36400 299.60 -224.71 -20949.90 3350.00 54000.00 1.0453
36500 299.60 -224.71 -20949.90 3350.00 54000.00 1.0453
36600 299.60 -224.71 -20949.90 3350.00 54000.00 1.0453
36700 299.60 -224.71 -20949.90 3350.00 54000.00 1.0453
36800 299.60 -224.71 -20949.90 3350.00 54000.00 1.0453
36900 299.60 -224.71 -20949.90 3350.00 54000.00 1.0453
37000 299.60 -224.71 -20949.90 3350.00 54000.00 1.0453
37100 299.60 -224.71 -20949.90 3350.00 54000.00 1.0453
37200 299.60 -224.71 -20949.90 3350.00 54000.00 1.0453
37300 299.60 -224.71 -20949.90 3350.00 54000.00 1.0453
37400 299.60 -224.71 -20949.90 3350.00 54000.00 1.0453
37500 299.60 -224.71 -20949.90 3350.00 54000.00 1.0453
37600 299.60 -224.71 -20949.90 3350.00 54000.00 1.0453
37700 299.60 -224.71 -20949.90 3350.00 54000.00 1.0453
37800 299.60 -224.71 -20949.90 3350.00 54000.00 1.0453
37900 299.60 -224.71 -20949.90 3350.00 54000.00 1.0453
38000 299.60 -224.71 -20949.90 3350.00 54000.00 1.0453
38100 299.60 -224.71 -20949.90 3350.00 54000.00 1.0453
38200 299.60 -224.71 -20949.90 3350.00 54000.00 1.0453
38300 299.60 -224.71 -20949.90 3350.00 54000.00 1.0453
38400 299.60 -224.71 -20949.90 3350.00 54000.00 1.0453
38500 299.60 -224.71 -20949.90 3350.00 54000.00 1.0453
38600 299.60 -224.71 -20949.90 3350.00 54000.00 1.0453
38700 299.60 -224.71 -20949.90 3350.00 54000.00 1.0453
38800 299.60 -224.71 -20949.90 3350.00 54000.00 1.0453
38900 299.60 -224.71 -20949.90 3350.00 54000.00 1.0453
39000 299.60 -224.71 -20949.90 3350.00 54000.00 1.0453
39100 299.60 -224.71 -20949.90 3350.00 54000.00 1.0453
39200 299.60 -224.71 -20949.90 3350.00 54000.00 1.0453
39300 299.60 -224.71 -20949.90 3350.00 54000.00 1.0453
39400 299.60 -224.71 -20949.90 3350.00 54000.00 1.0453
39500 299.60 -224.71 -20949.90 3350.00 54000.00 1.0453
39600 299.60 -224.71 -20949.90 3350.00 54000.00 1.0453
39700 299.60 -224.71 -20949.90 3350.00 54000.00 1.0453
39800 299.60 -224.71 -20949.90 3350.00 54000.00 1.0453
39900 299.60 -224.71 -20949.90 3350.00 54000.00 1.0453
40000 299.60 -224.71 -20949.90 3350.00 54000.00 1.0453
40100 299.60 -224.71 -20949.90 3350.00 54000.00 1.0453
40200 299.60 -224.71 -20949.90 3350.00 54000.00 1.0453
40300 299.60 -224.71 -20949.90 3350.00 54000.00 1.0453
40400 299.60 -224.71 -20949.90 3350.00 54000.00 1.0453
40500 299.60 -224.71 -20949.90 3350.00 54000.00 1.0453
40600 299.60 -224.71 -20949.90 3350.00 54000.00 1.0453
40700 299.60 -224.71 -20949.90 3350.00 54000.00 1.0453
40800 299.60 -224.71 -20949.90 3350.00 54000.00 1.0453
40900 299.60 -224.71 -20949.90 3350.00 54000.00 1.0453
41000 299.60 -224.71 -20949.90 3350.00 54000.00 1.0453
41100 299.60 -224.71 -20949.90 3350.00 54000.00 1.0453
41200 299.60 -224.71 -20949.90 3350.00 54000.00 1.0453
41300 299.60 -224.71 -20949.90 3350.00 54000.00 1.0453
41400 299.60 -224.71 -20949.90 3350.00 54000.00 1.0453
41500 299.60 -224.71 -20949.90 3350.00 54000.00 1.0453
41600 299.60 -224.71 -20949.90 3350.00 54000.00 1.0453
41700 299.60 -224.71 -20949.90 3350.00 54000.00 1.0453
41800 299.60 -224.71 -20949.90 3350.00 54000.00 1.0453
41900 299.60 -224.71 -20949.90 3350.00 54000.00 1.0453
42000 299.60 -224.71 -20949.90 3350.00 54000.00 1.0453
42100 299.60 -224.71 -20949.90 3350.00 54000.00 1.0453
42200 299.60 -224.71 -20949.90 3350.00 54000.00 1.0453
42300 299.60 -224.71 -20949.90 3350.00 54000.00 1.0453
42400 299.60 -224.71 -20949.90 3350.00 54000.00 1.0453
42500 299.60 -224.71 -20949.90 3350.00 54000.00 1.0453
42600 299.60 -224.71 -20949.90 3350.00 54000.00 1.0453
42700 299.60 -224.71 -20949.90 3350.00 54000.00 1.0453
42800 299.60 -224.71 -20949.90 3350.00 54000.00 1.0453
42900 299.60 -224.71 -20949.90 3350.00 54000.00 1.0453
43000 299.60 -224.71 -20949.90 3350.00 54000.00 1.0453
43100 299.60 -224.71 -20949.90 3350.00 54000.00 1.0453
43200 299.60 -224.71 -20949.90 3350.00 54000.00 1.0453
43300 299.60 -224.71 -20949.90 3350.00 54000.00 1.0453
43400 299.60 -224.71 -20949.90 3350.00 54000.00 1.0453
43500 299.60 -224.71 -20949.90 3350.00 54000.00 1.0453
43600 299.60 -224.71 -20949.90 3350.00 54000.00 1.0453
43700 299.60 -224.71 -20949.90 3350.00 54000.00 1.0453
43800 299.60 -224.71 -20949.90 3350.00 54000.00 1.0453
43900 299.60 -224.71 -20949.90 3350.00 54000.00 1.0453
44000 299.60 -224.71 -20949.90 3350.00 54000.00 1.0453
44100 299.60 -224.71 -20949.90 3350.00 54000.00 1.0453
44200 299.60 -224.71 -20949.90 3350.00 54000.00 1.0453
44300 299.60 -224.71 -20949.90 3350.00 54000.00 1.0453
44400 299.60 -224.71 -20949.90 3350.00 54000.00 1.0453
44500 299.60 -224.71 -20949.90 3350.00 54000.00 1.0453
44600 299.60 -224.71 -20949.90 3350.00 54000.00 1.0453
44700 299.60 -224.71 -20949.90 3350.00 54000.00 1.0453
44800 299.60 -224.71 -20949.90 3350.00 54000.00 1.0453
44900 299.60 -224.71 -20949.90 3350.00 54000.00 1.0453
45000 299.60 -224.71 -20949.90 3350.00 54000.00 1.0453
45100 299.60 -224.71 -20949.90 3350.00 54000.00 1.0453
45200 299.60 -224.71 -20949.90 3350.00 54000.00 1.0453
45300 299.60 -224.71 -20949.90 3350.00 54000.00 1.0453
45400 299.60 -224.71 -20949.90 3350.00 54000.00 1.0453
45500 299.60 -224.71 -20949.90 3350.00 54000.00 1.0453
45600 299.60 -224.71 -20949.90 3350.00 54000.00 1.0453
45700 299.60 -224.71 -20949.90 3350.00 54000.00 1.0453
45800 299.60 -224.71 -20949.90 3350.00 54000.00 1.0453
45900 299.60 -224.71 -20949.90 3350.00 54000.00 1.0453
46000 299.60 -224.71 -20949.90 3350.00 54000.00 1.0453
46100 299.60 -224.71 -20949.90 3350.00 54000.00 1.0453
46200 299.60 -224.71 -20949.90 3350.00 54000.00 1.0453
46300 299.60 -224.71 -20949.90 3350.00 54000.00 1.0453
46400 299.60 -224.71 -20949.90 3350.00 54000.00 1.0453
46500 299.60 -224.71 -20949.90 3350.00 54000.00 1.0453
46600 299.60 -224.71 -20949.90 3350.00 54000.00 1.0453
46700 299.60 -224.71 -20949.90 3350.00 54000.00 1.0453
46800 299.60 -224.71 -20949.90 3350.00 54000.00 1.0453
46900 299.60 -224.71 -20949.90 3350.00 54000.00 1.0453
47000 299.60 -224.71 -20949.90 3350.00 54000.00 1.0453
47100 299.60 -224.71 -20949.90 3350.00 54000.00 1.0453
47200 299.60 -224.71 -20949.90 3350.00 54000.00 1.0453
47300 299.60 -224.71 -20949.90 3350.00 54000.00 1.0453
47400 299.60 -224.71 -20949.90 3350.00 54000.00 1.0453
47500 299.60 -224.71 -20949.90 3350.00 54000.00 1.0453
47600 299.60 -224.71 -20949.90 3350.00 54000.00 1.0453
47700 299.60 -224.71 -20949.90 3350.00 54000.00 1.0453
47800 299.60 -224.71 -20949.90 3350.00 54000.00 1.0453
47900 299.60 -224.71 -20949.90 3350.00 54000.00 1.0453
48000 299.60 -224.71 -20949.90 3350.00 54000.00 1.0453
48100 299.60 -224.71 -20949.90 3350.00 54000.00 1.0453
48200 299.60 -224.71 -20949.90 3350.00 54000.00 1.0453
48300 299.60 -224.71 -20949.90 3350.00 54000.00 1.0453
48400 299.60 -224.71 -20949.90 3350.00 54000.00 1.0453
48500 299.60 -224.71 -20949.90 3350.00 54000.00 1.0453
48600 299.60 -224.71 -20949.90 3350.00 54000.00 1.0453
48700 299.60 -224.71 -20949.90 3350.00 54000.00 1.0453
48800 299.60 -224.71 -20949.90 3350.00 54000.00 1.0453
48900 299.60 -224.71 -20949.90 3350.00 54000.00 1.0453
49000 299.60 -224.71 -20949.90 3350.00 54000.00 1.0453
49100 299.60 -224.71 -20949.90 3350.00 54000.00 1.0453
49200 299.60 -224.71 -20949.90 3350.00 54000.00 1.0453
49300 299.60 -224.71 -20949.90 3350.00 54000.00 1.0453
49400 299.60 -224.71 -20949.90 3350.00 54000.00 1.0453
49500 299.60 -224.71 -20949.90 3350.00 54000.00 1.0453
49600 299.60 -224.71 -20949.90 3350.00 54000.00 1.0453
49700 299.60 -224.71 -20949.90 3350.00 54000.00 1.0453
49800 299.60 -224.71 -20949.90 3350.00 54000.00 1.0453
49900 299.60 -224.71 -20949.90 3350.00 54000.00 1.0453
50000 299.60 -224.71 -20949.90 3350.00 54000.00 1.0453
50100 299.60 -224.71 -20949.90 3350.00 54000.00 1.0453
50200 299.60 -224.71 -20949.90 3350.00 54000.00 1.0453
50300 299.60 -224.71 -20949.90 3350.00 54000.00 1.0453
50400 299.60 -224.71 -20949.90 3350.00 54000.00 1.0453
50500 299.60 -224.71 -20949.90 3350.00 54000.00 1.0453
50600 299.60 -224.71 -20949.90 3350.00 54000.00 1.0453
50700 299.60 -224.71 -20949.90 3350.00 54000.00 1.0453
50800 299.60 -224.71 -20949.90 3350.00 54000.00 1.0453
50900 299.60 -224.71 -20949.90 3350.00 54000.00 1.0453
51000 299.60 -224.71 -20949.90 3350.00 54000.00 1.0453
51100 299.60 -224.71 -20949.90 3350.00 54000.00 1.0453
51200 299.60 -224.71 -20949.90 3350.00 54000.00 1.0453
51300 299.60 -224.71 -20949.90 3350.00 54000.00 1.0453
51400 299.60 -224.71 -20949.90 3350.00 54000.00 1.0453
51500 299.60 -224.71 -20949.90 3350.00 54000.00 1.0453
51600 299.60 -224.71 -20949.90 3350.00 54000.00 1.0453
51700 299.60 -224.71 -20949.90 3350.00 54000.00 1.0453
51800 299.60 -224.71 -20949.90 3350.00 54000.00 1.0453
51900 299.60 -224.71 -20949.90 3350.00 54000.00 1.0453
52000 299.60 -224.71 -20949.90 3350.00 54000.00 1.0453
52100 299.60 -224.71 -20949.90 3350.00 54000.00 1.0453
52200 299.60 -224.71 -20949.90 3350.00 54000.00 1.0453
52300 299.60 -224.71 -20949.90 3350.00 54000.00 1.0453
52400 299.60 -224.71 -20949.90 3350.00 54000.00 1.0453
52500 299.60 -224.71 -20949.90 3350.00 54000.00 1.0453
52600 299.60 -224.71 -20949.90 3350.00 54000.00 1.0453
52700 299.60 -224.71 -20949.90 3350.00 54000.00 1.0453
52800 299.60 -224.71 -20949.90 3350.00 54000.00 1.0453
52900 299.60 -224.71 -20949.90 3350.00 54000.00 1.0453
53000 299.60 -224.71 -20949.90 3350.00 54000.00 1.0453
53100 299.60 -224.71 -20949.90 3350.00 54000.00 1.0453
53200 299.60 -224.71 -20949.90 3350.00 54000.00 1.0453
53300 299.60 -224.71 -20949.90 3350.00 54000.00 1.0453
53400 299.60 -224.71 -20949.90 3350.00 54000.00 1.0453
53500 299.60 -224.71 -20949.90 3350.00 54000.00 1.0453
53600 299.60 -224.71 -20949.90 3350.00 54000.00 1.0453
53700 299.60 -224.71 -20949.90 3350.00 54000.00 1.0453
53800 299.60 -224.71 -20949.90 3350.00 54000.00 1.0453
53900 299.60 -224.71 -20949.90 3350.00 54000.00 1.0453
54000 299.60 -224.71 -20949.90 3350.00 54000.00 1.0453
54100 299.60 -224.71 -20949.90 3350.00 54000.00 1.0453
54200 299.60 -224.71 -20949.90 3350.00 54000.00 1.0453
54300 299.60 -224.71 -20949.90 3350.00 54000.00 1.0453
54400 299.60 -224.71 -20949.90 3350.00 54000.00 1.0453
54500 299.60 -224.71 -20949.90 3350.00 54000.00 1.0453
54600 299.60 -224.71 -20949.90 3350.00 54000.00 1.0453
54700 299.60 -224.71 -20949.90 3350.00 54000.00 1.0453
54800 299.60 -224.71 -20949.90 3350.00 54000.00 1.0453
54900 299.60 -224.71 -20949.90 3350.00 54000.00 1.0453
55000 299.60 -224.71 -20949.90 3350.00 54000.00 1.0453
55100 299.60 -224.71 -20949.90 3350.00 54000.00 1.0453
55200 299.60 -224.71 -20949.90 3350.00 54000.00 1.0453
55300 299.60 -224.71 -20949.90 3350.00 54000.00 1.0453
55400 299.60 -224.71 -20949.90 3350.00 54000.00 1.0453
55500 299.60 -224.71 -20949.90 3350.00 54000.00 1.0453
55600 299.60 -224.71 -20949.90 3350.00 54000.00 1.0453
55700 299.60 -224.71 -20949.90 3350.00 54000.00 1.0453
55800 299.60 -224.71 -20949.90 3350.00 54000.00 1.0453
55900 299.60 -224.71 -20949.90 3350.00 54000.00 1.0453
56000 299.60 -224.71 -20949.90 3350.00 54000.00 1.0453
56100 299.60 -224.71 -20949.90 3350.00 54000.00 1.0453
56200 299.60 -224.71 -20949.90 3350.00 54000.00 1.0453
56300 299.60 -224.71 -20949.90 3350.00 54000.00 1.0453
56400 299.60 -224.71 -20949.90 3350.00 54000.00 1.0453
56500 299.60 -224.71 -20949.90 3350.00 54000.00 1.0453
56600 299.60 -224.71 -20949.90 3350.00 54000.00 1.0453
56700 299.60 -224.71 -20949.90 3350.00 54000.00 1.0453
56800 299.60 -224.71 -20949.90 3350.00 54000.00 1.0453
56900 299.60 -224.71 -20949.90 3350.00 54000.00 1.0453
57000 299.60 -224.71 -20949.90 3350.00 54000.00 1.0453
57100 299.60 -224.71 -20949.90 3350.00 54000.00 1.0453
57200 299.60 -224.71 -20949.90 3350.00 54000.00 1.0453
57300 299.60 -224.71 -20949.90 3350.00 54000.00 1.0453
57400 299.60 -224.71 -20949.90 3350.00 54000.00 1.0453
57500 299.60 -224.71 -20949.90 3350.00 54000.00 1.0453
57600 299.60 -224.71 -20949.90 3350.00 54000.00 1.0453
57700 299.60 -224.71 -20949.90 3350.00 54000.00 1.0453
57800 299.60 -224.71 -20949.90 3350.00 54000.00 1.0453
57900 299.60 -224.71 -20949.90 3350.00 54000.00 1.0453
58000 299.60 -224.71 -20949.90 3350.00 54000.00 1.0453
58100 299.60 -224.71 -20949.90 3350.00 54000.00 1.0453
58200 299.60 -224.71 -20949.90 3350.00 54000.00 1.0453
58300 299.60 -224.71 -20949.90 3350.00 54000.00 1.0453
58400 299.60 -224.71 -20949.90 3350.00 54000.00 1.0453
58500 299.60 -224.71 -20949.90 3350.00 54000.00 1.0453
58600 299.60 -224.71 -20949.90 3350.00 54000.00 1.0453
58700 299.60 -224.71 -20949.90 3350.00 54000.00 1.0453
58800 299.60 -224.71 -20949.90 3350.00 54000.00 1.0453
58900 299.60 -224.71 -20949.90 3350.00 54000.00 1.0453
59000 299.60 -224.71 -20949.90 3350.00 54000.00 1.0453
59100 299.60 -224.71 -20949.90 3350.00 54000.00 1.0453
59200 299.60 -224.71 -20949.90 3350.00 54000.00 1.0453
59300 299.60 -224.71 -20949.90 3350.00 54000.00 1.0453
59400 299.60 -224.71 -20949.90 3350.00 54000.00 1.0453
59500 299.60 -224.71 -20949.90 3350.00 54000.00 1.0453
59600 299.60 -224.71 -20949.90 3350.00 54000.00 1.0453
59700 299.60 -224.71 -20949.90 3350.00 54000.00 1.0453
59800 299.60 -224.71 -20949.90 3350.00 54000.00 1.0453
59900 299.60 -224.71 -20949.90 3350.00 54000.00 1.0453
60000 299.60 -224.71 -20949.90 3350.00 54000.00 1.0453
60100 299.60 -224.71 -20949.90 3350.00 54000.00 1.0453
60200 299.60 -224.71 -20949.90 3350.00 54000.00 1.0453
60300 299.60 -224.71 -20949.90 3350.00 54000.00 1.0453
60400 299.60 -224.71 -20949.90 3350.00 54000.00 1.0453
60500 299.60 -224.71 -20949.90 3350.00 54000.00 1.0453
60600 299.60 -224.71 -20949.90 3350.00 54000.00 1.0453
60700 299.60 -224.71 -20949.90 3350.00 54000.00 1.0453
60800 299.60 -224.71 -20949.90 3350.00 54000.00 1.0453
60900 299.60 -224.71 -20949.90 3350.00 54000.00 1.0453
61000 299.60 -224.71 -20949.90 3350.00 54000.00 1.0453
61100 299.60 -224.71 -20949.90 3350.00 54000.00 1.0453
61200 299.60 -224.71 -20949.90 3350.00 54000.00 1.0453
61300 299.60 -224.71 -20949.90 3350.00 54000.00 1.0453
61400 299.60 -224.71 -20949.90 3350.00 54000.00 1.0453
61500 299.60 -224.71 -20949.90 3350.00 54000.00 1.0453
61600 299.60 -224.71 -20949.90 3350.00 54000.00 1.0453
61700 299.60 -224.71 -20949.90 3350.00 54000.00 1.0453
61800 299.60 -224.71 -20949.90 3350.00 54000.00 1.0453
61900 299.60 -224.71 -20949.90 3350.00 54000.00 1.0453
62000 299.60 -224.71 -20949.90 3350.00 54000.00 1.0453
62100 299.60 -224.71 -20949.90 3350.00 54000.00 1.0453
62200 299.60 -224.71 -20949.90 3350.00 54000.00 1.0453
62300 299.60 -224.71 -20949.90 3350.00 54000.00 1.0453
62400 299.60 -224.71 -20949.90 3350.00 54000.00 1.0453
62500 299.60 -224.71 -20949.90 3350.00 54000.00 1.0453
62600 299.60 -224.71 -20949.90 3350.00 54000.00 1.0453
62700 299.60 -224.71 -20949.90 3350.00 54000.00 1.0453
62800 299.60 -224.71 -20949.90 3350.00 54000.00 1.0453
62900 299.60 -224.71 -20949.90 3350.00 54000.00 1.0453
63000 299.60 -224.71 -20949.90 3350.00 54000.00 1.0453
63100 299.60 -224.71 -20949.90 3350.00 54000.00 1.0453
63200 299.60 -224.71 -20949.90 3350.00 54000.00 1.0453
63300 299.60 -224.71 -20949.90 3350.00 54000.00 1.0453
63400 299.60 -224.71 -20949.90 3350.00 54000.00 1.0453
63500 299.60 -224.71 -20949.90 3350.00 54000.00 1.0453
63600 299.60 -224.71 -20949.90 3350.00 54000.00 1.0453
63700 299.60 -224.71 -20949.90 3350.00 54000.00 1.0453
63800 299.60 -224.71 -20949.90 3350.00 54000.00 1.0453
63900 299.60 -224.71 -20949.90 3350.00 54000.00 1.0453
64000 299.60 -224.71 -20949.90 3350.00 54000.00 1.0453
64100 299.60 -224.71 -20949.90 3350.00 54000.00 1.0453
64200 299.60 -224.71 -20949.90 3350.00 54000.00 1.0453
64300 299.60 -224.71 -20949.90 3350.00 54000.00 1.0453
64400 299.60 -224.71 -20949.90 3350.00 54000.00 1.0453
64500 299.60 -224.71 -20949.90 3350.00 54000.00 1.0453
64600 299.60 -224.71 -20949.90 3350.00 54000.00 1.0453
64700 299.60 -224.71 -20949.90 3350.00 54000.00 1.0453
64800 299.60 -224.71 -20949.90 3350.00 54000.00 1.0453
64900 299.60 -224.71 -20949.90 3350.00 54000.00 1.0453
65000 299.60 -224.71 -20949.90 3350.00 54000.00 1.0453
65100 299.60 -224.71 -20949.90 3350.00 54000.00 1.0453
65200 299.60 -224.71 -20949.90 3350.00 54000.00 1.0453
65300 299.60 -224.71 -20949.90 3350.00 54000.00 1.0453
65400 299.60 -224.71 -20949.90 3350.00 54000.00 1.0453
65500 299.60 -224.71 -20949.90 3350.00 54000.00 1.0453
65600 299.60 -224.71 -20949.90 3350.00 54000.00 1.0453
65700 299.60 -224.71 -20949.90 3350.00 54000.00 1.0453
65800 299.60 -224.71 -20949.90 3350.00 54000.00 1.0453
65900 299.60 -224.71 -20949.90 3350.00 54000.00 1.0453
66000 299.60 -224.71 -20949.90 3350.00 54000.00 1.0453
66100 299.60 -224.71 -20949.90 3350.00 54000.00 1.0453
66200 299.60 -224.71 -20949.90 3350.00 54000.00 1.0453
66300 299.60 -224.71 -20949.90 3350.00 54000.00 1.0453
66400 299.60 -224.71 -20949.90 3350.00 54000.00 1.0453
66500 299.60 -224.71 -20949.90 3350.00 54000.00 1.0453
66600 299.60 -224.71 -20949.90 3350.00 54000.00 1.0453
66700 299.60 -224.71 -20949.90 3350.00 54000.00 1.0453
66800 299.60 -224.71 -20949.90 3350.00 54000.00 1.0453
66900 299.60 -224.71 -20949.90 3350.00 54000.00 1.0453
67000 299.60 -224.71 -20949.90 3350.00 54000.00 1.0453
67100 299.60 -224.71 -20949.90 3350.00 54000.00 1.0453
67200 299.60 -224.71 -20949.90 3350.00 54000.00 1.0453
67300 299.60 -224.71 -20949.90 3350.00 54000.00 1.0453
67400 299.60 -224.71 -20949.90 3350.00 54000.00 1.0453
67500 299.60 -224.71 -20949.90 3350.00 54000.00 1.0453
67600 299.60 -224.71 -20949.90 3350.00 54000.00 1.0453
67700 299.60 -224.71 -20949.90 3350.00 54000.00 1.0453
67800 299.60 -224.71 -20949.90 3350.00 54000.00 1.0453
67900 299.60 -224.71 -20949.90 3350.00 54000.00 1.0453
68000 299.60 -224.71 -20949.90 3350.00 54000.00 1.0453
68100 299.60 -224.71 -20949.90 3350.00 54000.00 1.0453
68200 299.60 -224.71 -20949.90 3350.00 54000.00 1.0453
68300 299.60 -224.71 -20949.90 3350.00 54000.00 1.0453
68400 299.60 -224.71 -20949.90 3350.00 54000.00 1.0453
68500 299.60 -224.71 -20949.90 3350.00 54000.00 1.0453
68600 299.60 -224.71 -20949.90 3350.00 54000.00 1.0453
68700 299.60 -224.71 -20949.90 3350.00 54000.00 1.0453
68800 299.60 -224.71 -20949.90 3350.00 54000.00 1.0453
68900 299.60 -224.71 -20949.90 3350.00 54000.00 1.0453
69000 299.60 -224.71 -20949.90 3350.00 54000.00 1.0453
69100 299.60 -224.71 -20949.90 3350.00 54000.00 1.0453
69200 299.60 -224.71 -20949.90 3350.00 54000.00 1.0453
69300 299.60 -224.71 -20949.90 3350.00 54000.00 1.0453
69400 299.60 -224.71 -20949.90 3350.00 54000.00 1.0453
69500 299.60 -224.71 -20949.90 3350.00 54000.00 1.0453
69600 299.60 -224.71 -20949.90 3350.00 54000.00 1.0453
69700 299.60 -224.71 -20949.90 3350.00 54000.00 1.0453
69800 299.60 -224.71 -20949.90 3350.00 54000.00 1.0453
69900 299.60 -224.71 -20949.90 3350.00 54000.00 1.0453
70000 299.60 -224.71 -20949.90 3350.00 54000.00 1.0453
70100 299.60 -224.71 -20949.90 3350.00 54000.00 1.0453
70200 299.60 -224.71 -20949.90 3350.00 54000.00 1.0453
70300 299.60 -224.71 -20949.90 3350.00 54000.00 1.0453
70400 299.60 -224.71 -20949.90 3350.00 54000.00 1.0453
70500 299.60 -224.71 -20949.90 3350.00 54000.00 1.0453
70600 299.60 -224.71 -20949.90 3350.00 54000.00 1.0453
70700 299.60 -224.71 -20949.90 3350.00 54000.00 1.0453
70800 299.60 -224.71 -20949.90 3350.00 54000.00 1.0453
70900 299.60 -224.71 -20949.90 3350.00 54000.00 1.0453
71000 299.60 -224.71 -20949.90 3350.00 54000.00 1.0453
71100 299.60 -224.71 -20949.90 3350.00 54000.00 1.0453
71200 299.60 -224.71 -20949.90 3350.00 54000.00 1.0453
71300 299.60 -224.71 -20949.90 3350.00 54000.00 1.0453
71400 299.60 -224.71 -20949.90 3350.00 54000.00 1.0453
71500 299.60 -224.71 -20949.90 3350.00 54000.00 1.0453
71600 299.60 -224.71 -20949.90 3350.00 54000.00 1.0453
71700 299.60 -224.71 -20949.90 3350.00 54000.00 1.0453
71800 299.60 -224.71 -20949.90 3350.00 54000.00 1.0453
71900 299.60 -224.71 -20949.90 3350.00 54000.00 1.0453
72000 299.60 -224.71 -20949.90 3350.00 54000.00 1.0453
72100 299.60 -224.71 -20949.90 3350.00 54000.00 1.0453
72200 299.60 -224.71 -20949.90 3350.00 54000.00 1.0453
72300 299.60 -224.71 -20949.90 3350.00 54000.00 1.0453
72400 299.60 -224.71 -20949.90 3350.00 54000.00 1.0453
72500 299.60 -224.71 -20949.90 3350.00 54000.00 1.0453
72600 299.60 -224.71 -20949.90 3350.00 54000.00 1.0453
72700 299.60 -224.71 -20949.90 3350.00 54000.00 1.0453
72800 299.60 -224.71 -20949.90 3350.00 54000.00 1.0453
72900 299.60 -224.71 -20949.90 3350.00 54000.00 1.0453
73000 299.60 -224.71 -20949.90 3350.00 54000.00 1.0453
73100 299.60 -224.71 -20949.90 3350.00 54000.00 1.0453
73200 299.60 -224.71 -20949.90 3350.00 54000.00 1.0453
73300 299.60 -224.71 -20949.90 3350.00 54000.00 1.0453
73400 299.60 -224.71 -20949.90 3350.00 54000.00 1.0453
73500 299.60 -224.71 -20949.90 3350.00 54000.00 1.0453
73600 299.60 -224.71 -20949.90 3350.00 54000.00 1.0453
73700 299.60 -224.71 -20949.90 3350.00 54000.00 1.0453
73800 299.60 -224.71 -20949.90 3350.00 54000.00 1.0453
73900 299.60 -224.71 -20949.90 3350.00 54000.00 1.0453
74000 299.60 -224.71 -20949.90 3350.00 54000.00 1.0453
74100 299.60 -224.71 -20949.90 3350.00 54000.00 1.0453
74200 299.60 -224.71 -20949.90 3350.00 54000.00 1.0453
74300 299.60 -224.71 -20949.90 3350.00 54000.00 1.0453
74400 299.60 -224.71 -20949.90 3350.00 54000.00 1.0453
74500 299.60 -224.71 -20949.90 3350.00 54000.00 1.0453
74600 299.60 -224.71 -20949.90 3350.00 54000.00 1.0453
74700 299.60 -224.71 -20949.90 3350.00 54000.00 1.0453
74800 299.60 -224.71 -20949.90 3350.00 54000.00 1.0453
74900 299.60 -224.71 -20949.90 3350.00 54000.00 1.0453
75000 299.60 -224.71 -20949.90 3350.00 54000.00 1.0453
75100 299.60 -224.71 -20949.90 3350.00 54000.00 1.0453
75200 299.60 -224.71 -20949.90 3350.00 54000.00 1.0453
75300 299.60 -224.71 -20949.90 3350.00 54000.00 1.0453
75400 299.60 -224.71 -20949.90 3350.00 54000.00 1.0453
75500 299.60 -224.71 -20949.90 3350.00 54000.00 1.0453
75600 299.60 -224.71 -20949.90 3350.00 54000.00 1.0453
75700 299.60 -224.71 -20949.90 3350.00 54000.00 1.0453
75800 299.60 -224.71 -20949.90 3350.00 54000.00 1.0453
75900 299.60 -224.71 -20949.90 3350.00 54000.00 1.0453
76000 299.60 -224.71 -20949.90 3350.00 54000.00 1.0453
76100 299.60 -224.71 -20949.90 3350.00 54000.00 1.0453
76200 299.60 -224.71 -20949.90 3350.00 54000.00 1.0453
76300 299.60 -224.71 -20949.90 3350.00 54000.00 1.0453
76400 299.60 -224.71 -20949.90 3350.00 54000.00 1.0453
76500 299.60 -224.71 -20949.90 3350.00 54000.00 1.0453
76600 299.60 -224.71 -20949.90 3350.00 54000.00 1.0453
76700 299.60 -224.71 -20949.90 3350.00 54000.00 1.0453
76800 299.60 -224.71 -20949.90 3350.00 54000.00 1.0453
76900 299.60 -224.71 -20949.90 3350.00 54000.00 1.0453
77000 299.60 -224.71 -20949.90 3350.00 54000.00 1.0453
77100 299.60 -224.71 -20949.90 3350.00 54000.00 1.0453
77200 299.60 -224.71 -20949.90 3350.00 54000.00 1.0453
77300 299.60 -224.71 -20949.90 3350.00 54000.00 1.0453
77400 299.60 -224.71 -20949.90 3350.00 54000.00 1.0453
77500 299.60 -224.71 -20949.90 3350.00 54000.00 1.0453
77600 299.60 -224.71 -20949.90 3350.00 54000.00 1.0453
77700 299.60 -224.71 -20949.90 3350.00 54000.00 1.0453
77800 299.60 -224.71 -20949.90 3350.00 54000.00 1.0453
77900 299.60 -224.71 -20949.90 3350.00 54000.00 1.0453
78000 299.60 -224.71 -20949.90 3350.00 54000.00 1.0453
78100 299.60 -224.71 -20949.90 3350.00 54000.00 1.0453
78200 299.60 -224.71 -20949.90 3350.00 54000.00 1.0453
78300 299.60 -224.71 -20949.90 3350.00 54000.00 1.0453
78400 299.60 -224.71 -20949.90 3350.00 54000.00 1.0453
78500 299.60 -224.71 -20949.90 3350.00 54000.00 1.0453
78600 299.60 -224.71 -20949.90 3350.00 54000.00 1.0453
78700 299.60 -224.71 -20949.90 3350.00 54000.00 1.0453
78800 299.60 -224.71 -20949.90 3350.00 54000.00 1.0453
78900 299.60 -224.71 -20949.90 3350.00 54000.00 1.0453
79000 299.60 -224.71 -20949.90 3350.00 54000.00 1.0453
79100 299.60 -224.71 -20949.90 3350.00 54000.00 1.0453
79200 299.60 -224.71 -20949.90 3350.00 54000.00 1.0453
79300 299.60 -224.71 -20949.90 3350.00 54000.00 1.0453
79400 299.60 -224.71 -20949.90 3350.00 54000.00 1.0453
79500 299.60 -224.71 -20949.90 3350.00 54000.00 1.0453
79600 299.60 -224.71 -20949.90 3350.00 54000.00 1.0453
79700 299.60 -224.71 -20949.90 3350.00 54000.00 1.0453
79800 299.60 -224.71 -20949.90 3350.00 54000.00 1.0453
79900 299.60 -224.71 -20949.90 3350.00 54000.00 1.0453
80000 299.60 -224.71 -20949.90 3350.00 54000.00 1.0453
80100 299.60 -224.71 -20949.90 3350.00 54000.00 1.0453
80200 299.60 -224.71 -20949.90 3350.00 54000.00 1.0453
80300 299.60 -224.71 -20949.90 3350.00 54000.00 1.0453
80400 299.60 -224.71 -20949.90 3350.00 54000.00 1.0453
80500 299.60 -224.71 -20949.90 3350.00 54000.00 1.0453
80600 299.60 -224.71 -20949.90 3350.00 54000.00 1.0453
80700 299.60 -224.71 -20949.90 3350.00 54000.00 1.0453
80800 299.60 -224.71 -20949.90 3350.00 54000.00 1.0453
80900 299.60 -224.71 -20949.90 3350.00 54000.00 1.0453
81000 299.60 -224.71 -20949.90 3350.00 54000.00 1.0453
81100 299.60 -224.71 -20949.90 3350.00 54000.00 1.0453
81200 299.60 -224.71 -20949.90 3350.00 54000.00 1.0453
81300 299.60 -224.71 -20949.90 3350.00 54000.00 1.0453
81400 299.60 -224.71 -20949.90 3350.00 54000.00 1.0453
81500 299.60 -224.71 -20949.90 3350.00 54000.00 1.0453
81600 299.60 -224.71 -20949.90 3350.00 54000.00 1.0453
81700 299.60 -224.71 -20949.90 3350.00 54000.00 1.0453
81800 299.60 -224.71 -20949.90 3350.00 54000.00 1.0453
81900 299.60 -224.71 -20949.90 3350.00 54000.00 1.0453
82000 299.60 -224.71 -20949.90 3350.00 54000.00 1.0453
82100 299.60 -224.71 -20949.90 3350.00 54000.00 1.0453
82200 299.60 -224.71 -20949.90 3350.00 54000.00 1.0453
82300 299.60 -224.71 -20949.90 3350.00 54000.00 1.0453
82400 299.60 -224.71 -20949.90 3350.00 54000.00 1.0453
82500 299.60 -224.71 -20949.90 3350.00 54000.00 1.0453
82600 299.60 -224.71 -20949.90 3350.00 54000.00 1.0453
82700 299.60 -224.71 -20949.90 3350.00 54000.00 1.0453
82800 299.60 -224.71 -20949.90 3350.00 54000.00 1.0453
82900 299.60 -224.71 -20949.90 3350.00 54000.00 1.0453
83000 299.60 -224.71 -20949.90 3350.00 54000.00 1.0453
83100 299.60 -224.71 -20949.90 3350.00 54000.00 1.0453
83200 299.60 -224.71 -20949.90 3350.00 54000.00 1.0453
83300 299.60 -224.71 -20949.90 3350.00 54000.00 1.0453
83400 299.60 -224.71 -20949.90 3350.00 54000.00 1.0453
83500 299.60 -224.71 -20949.90 3350.00 54000.00 1.0453
83600 299.60 -224.71 -20949.90 3350.00 54000.00 1.0453
83700 299.60 -224.71 -20949.90 3350.00 54000.00 1.0453
83800 299.60 -224.71 -20949.90 3350.00 54000.00 1.0453
83900 299.60 -224.71 -20949.90 3350.00 54000.00 1.0453
84000 299.60 -224.71 -20949.90 3350.00 54000.00 1.0453
84100 299.60 -224.71 -20949.90 3350.00 54000.00 1.0453
84200 299.60 -224.71 -20949.90 3350.00 54000.00 1.0453
84300 299.60 -224.71 -20949.90 3350.00 54000.00 1.0453
84400 299.60 -224.71 -20949.90 3350.00 54000.00 1.0453
84500 299.60 -224.71 -20949.90 3350.00 54000.00 1.0453
84600 299.60 -224.71 -20949.90 3350.00 54000.00 1.0453
84700 299.60 -224.71 -20949.90 3350.00 54000.00 1.0453
84800 299.60 -224.71 -20949.90 3350.00 54000.00 1.0453
84900 299.60 -224.71 -20949.90 3350.00 54000.00 1.0453
85000 299.60 -224.71 -20949.90 3350.00 54000.00 1.0453
85100 299.60 -224.71 -20949.90 3350.00 54000.00 1.0453
85200 299.60 -224.71 -20949.90 3350.00 54000.00 1.0453
85300 299.60 -224.71 -20949.90 3350.00 54000.00 1.0453
85400 299.60 -224.71 -20949.90 3350.00 54000.00 1.0453
85500 299.60 -224.71 -20949.90 3350.00 54000.00 1.0453
85600 299.60 -224.71 -20949.90 3350.00 54000.00 1.0453
85700 299.60 -224.71 -20949.90 3350.00 54000.00 1.0453
85800 299.60 -224.71 -20949.90 3350.00 54000.00 1.0453
85900 299.60 -224.71 -20949.90 3350.00 54000.00 1.0453
86000 299.60 -224.71 -20949.90 3350.00 54000.00 1.0453
86100 299.60 -224.71 -20949.90 3350.00 54000.00 1.0453
86200 299.60 -224.71 -20949.90 3350.00 54000.00 1.0453
86300 299.60 -224.71 -20949.90 3350.00 54000.00 1.0453
86400 299.60 -224.71 -20949.90 3350.00 54000.00 1.0453
86500 299.60 -224.71 -20949.90 3350.00 54000.00 1.0453
86600 299.60 -224.71 -20949.90 3350.00 54000.00 1.0453
86700 299.60 -224.71 -20949.90 3350.00 54000.00 1.0453
86800 299.60 -224.71 -20949.90 3350.00 54000.00 1.0453
86900 299.60 -224.71 -20949.90 3350.00 54000.00 1.0453
87000 299.60 -224.71 -20949.90 3350.00 54000.00 1.0453
87100 299.60 -224.71 -20949.90 3350.00 54000.00 1.0453
87200 299.60 -224.71 -20949.90 3350.00 54000.00 1.0453
87300 299.60 -224.71 -20949.90 3350.00 54000.00 1.0453
87400 299.60 -224.71 -20949.90 3350.00 54000.00 1.0453
87500 299.60 -224.71 -20949.90 3350.00 54000.00 1.0453
87600 299.60 -224.71 -20949.90 3350.00 54000.00 1.0453
87700 299.60 -224.71 -20949.90 3350.00 54000.00 1.0453
87800 299.60 -224.71 -20949.90 3350.00 54000.00 1.0453
87900 299.60 -224.71 -20949.90 3350.00 54000.00 1.0453
88000 299.60 -224.71 -20949.90 3350.00 54000.00 1.0453
88100 299.60 -224.71 -20949.90 3350.00 54000.00 1.0453
88200 299.60 -224.71 -20949.90 3350.00 54000.00 1.0453
88300 299.60 -224.71 -20949.90 3350.00 54000.00 1.0453
88400 299.60 -224.71 -20949.90 3350.00 54000.00 1.0453
88500 299.60 -224.71 -20949.90 3350.00 54000.00 1.0453
88600 299.60 -224.71 -20949.90 3350.00 54000.00 1.0453
88700 299.60 -224.71 -20949.90 3350.00 54000.00 1.0453
88800 299.60 -224.71 -20949.90 3350.00 54000.00 1.0453
88900 299.60 -224.71 -20949.90 3350.00 54000.00 1.0453
89000 299.60 -224.71 -20949.90 3350.00 54000.00 1.0453
89100 299.60 -224.71 -20949.90 3350.00 54000.00 1.0453
89200 299.60 -224.71 -20949.90 3350.00 54000.00 1.0453
89300 299.60 -224.71 -20949.90 3350.00 54000.00 1.0453
89400 299.60 -224.71 -20949.90 3350.00 54000.00 1.0453
89500 299.60 -224.71 -20949.90 3350.00 54000.00 1.0453
89600 299.60 -224.71 -20949.90 3350.00 54000.00 1.0453
89700 299.60 -224.71 -20949.90 3350.00 54000.00 1.0453
89800 299.60 -224.71 -20949.90 3350.00 54000.00 1.0453
89900 299.60 -224.71 -20949.90 3350.00 54000.00 1.0453
90000 299.60 -224.71 -20949.90 3350.00 54000.00 1.0453
90100 299.60 -224.71 -20949.90 3350.00 54000.00 1.0453
90200 299.60 -224.71 -20949.90 3350.00 54000.00 1.0453
90300 299.60 -224.71 -20949.90 3350.00 54000.00 1.0453
90400 299.60 -224.71 -20949.90 3350.00 54000.00 1.0453
90500 299.60 -224.71 -20949.90 3350.00 54000.00 1.0453
90600 299.60 -224.71 -20949.90 3350.00 54000.00 1.0453
90700 299.60 -224.71 -20949.90 3350.00 54000.00 1.0453
90800 299.60 -224.71 -20949.90 3350.00 54000.00 1.0453
90900 299.60 -224.71 -20949.90 3350.00 54000.00 1.0453
91000 299.60 -224.71 -20949.90 3350.00 54000.00 1.0453
91100 299.60 -224.71 -20949.90 3350.00 54000.00 1.0453
91200 299.60 -224.71 -20949.90 3350.00 54000.00 1.0453
91300 299.60 -224.71 -20949.90 3350.00 54000.00 1.0453
91400 299.60 -224.71 -20949.90 3350.00 54000.00 1.0453
91500 299.60 -224.71 -20949.90 3350.00 54000.00 1.0453
91600 299.60 -224.71 -20949.90 3350.00 54000.00 1.0453
91700 299.60 -224.71 -20949.90 3350.00 54000.00 1.0453
91800 299.60 -224.71 -20949.90 3350.00 54000.00 1.0453
91900 299.60 -224.71 -20949.90 3350.00 54000.00 1.0453
92000 299.60 -224.71 -20949.90 3350.00 54000.00 1.0453
92100 299.60 -224.71 -20949.90 3350.00 54000.00 1.0453
92200 299.60 -224.71 -20949.90 3350.00 54000.00 1.0453
92300 299.60 -224.71 -20949.90 3350.00 54000.00 1.0453
92400 299.60 -224.71 -20949.90 3350.00 54000.00 1.0453
92500 299.60 -224.71 -20949.90 3350.00 54000.00 1.0453
92600 299.60 -224.71 -20949.90 3350.00 54000.00 1.0453
92700 299.60 -224.71 -20949.90 3350.00 54000.00 1.0453
92800 299.60 -224.71 -20949.90 3350.00 54000.00 1.0453
92900 299.60 -224.71 -20949.90 3350.00 54000.00 1.0453
93000 299.60 -224.71 -20949.90 3350.00 54000.00 1.0453
93100 299.60 -224.71 -20949.90 3350.00 54000.00 1.0453
93200 299.60 -224.71 -20949.90 3350.00 54000.00 1.0453
93300 299.60 -224.71 -20949.90 3350.00 54000.00 1.0453
93400 299.60 -224.71 -20949.90 3350.00 54000.00 1.0453
93500 299.60 -224.71 -20949.90 3350.00 54000.00 1.0453
93600 299.60 -224.71 -20949.90 3350.00 54000.00 1.0453
93700 299.60 -224.71 -20949.90 3350.00 54000.00 1.0453
93800 299.60 -224.71 -20949.90 3350.00 54000.00 1.0453
93900 299.60 -224.71 -20949.90 3350.00 54000.00 1.0453
94000 299.60 -224.71 -20949.90 3350.00 54000.00 1.0453
94100 299.60 -224.71 -20949.90 3350.00 54000.00 1.0453
94200 299.60 -224.71 -20949.90 3350.00 54000.00 1.0453
94300 299.60 -224.71 -20949.90 3350.00 54000.00 1.0453
94400 299.60 -224.71 -20949.90 3350.00 54000.00 1.0453
94500 299.60 -224.71 -20949.90 3350.00 54000.00 1.0453
94600 299.60 -224.71 -20949.90 3350.00 54000.00 1.0453
94700 299.60 -224.71 -20949.90 3350.00 54000.00 1.0453
94800 299.60 -224.71 -20949.90 3350.00 54000.00 1.0453
94900 299.60 -224.71 -20949.90 3350.00 54000.00 1.0453
95000 299.60 -224.71 -20949.90 3350.00 54000.00 1.0453
95100 299.60 -224.71 -20949.90 3350.00 54000.00 1.0453
95200 299.60 -224.71 -20949.90 3350.00 54000.00 1.0453
95300 299.60 -224.71 -20949.90 3350.00 54000.00 1.0453
95400 299.60 -224.71 -20949.90 3350.00 54000.00 1.0453
95500 299.60 -224.71 -20949.90 3350.00 54000.00 1.0453
95600 299.60 -224.71 -20949.90 3350.00 54000.00 1.0453
95700 299.60 -224.71 -20949.90 3350.00 54000.00 1.0453
95800 299.60 -224.71 -20949.90 3350.00 54000.00 1.0453
95900 299.60 -224.71 -20949.90 3350.00 54000.00 1.0453
96000 299.60 -224.71 -20949.90 3350.00 54000.00 1.0453
96100 299.60 -224.71 -20949.90 3350.00 54000.00 1.0453
96200 299.60 -224.71 -20949.90 3350.00 54000.00 1.0453
96300 299.60 -224.71 -20949.90 3350.00 54000.00 1.0453
96400 299.60 -224.71 -20949.90 3350.00 54000.00 1.0453
96500 299.60 -224.71 -20949.90 3350.00 54000.00 1.0453
96600 299.60 -224.71 -20949.90 3350.00 54000.00 1.0453
96700 299.60 -224.71 -20949.90 3350.00 54000.00 1.0453
96800 299.60 -224.71 -20949.90 3350.00 54000.00 1.0453
96900 299.60 -224.71 -20949.90 3350.00 54000.00 1.0453
97000 299.60 -224.71 -20949.90 3350.00 54000.00 1.0453
97100 299.60 -224.71 -20949.90 3350.00 54000.00 1.0453
97200 299.60 -224.71 -20949.90 3350.00 54000.00 1.0453
97300 299.60 -224.71 -20949.90 3350.00 54000.00 1.0453
97400 299.60 -224.71 -20949.90 3350.00 54000.00 1.0453
97500 299.60 -224.71 -20949.90 3350.00 54000.00 1.0453
97600 299.60 -224.71 -20949.90 3350.00 54000.00 1.0453
97700 299.60 -224.71 -20949.90 3350.00 54000.00 1.0453
97800 299.60 -224.71 -20949.90 3350.00 54000.00 1.0453
97900 299.60 -224.71 -20949.90 3350.00 54000.00 1.0453
98000 299.60 -224.71 -20949.90 3350.00 54000.00 1.0453
98100 299.60 -224.71 -20949.90 3350.00 54000.00 1.0453
98200 299.60 -224.71 -20949.90 3350.00 54000.00 1.0453
98300 299.60 -224.71 -20949.90 3350.00 54000.00 1.0453
98400 299.60 -224.71 -20949.90 3350.00 54000.00 1.0453
98500 299.60 -224.71 -20949.90 3350.00 54000.00 1.0453
98600 299.60 -224.71 -20949.90 3350.00 54000.00 1.0453
98700 299.60 -224.71 -20949.90 3350.00 54000.00 1.0453
98800 299.60 -224.71 -20949.90 3350.00 54000.00 1.0453
98900 299.60 -224.71 -20949.90 3350.00 54000.00 1.0453
99000 299.60 -224.71 -20949.90 3350.00 54000.00 1.0453
99100 299.60 -224.71 -20949.90 3350.00 54000.00 1.0453
99200 299.60 -224.71 -20949.90 3350.00 54000.00 1.0453
99300 299.60 -224.71 -20949.90 3350.00 54000.00 1.0453
99400 299.60 -224.71 -20949.90 3350.00 54000.00 1.0453
99500 299.60 -224.71 -20949.90 3350.00 54000.00 1.0453
99600 299.60 -224.71 -20949.90 3350.00 54000.00 1.0453
99700 299.60 -224.71 -20949.90 3350.00 54000.00 1.0453
99800 299.60 -224.71 -20949.90 3350.00 54000.00 1.0453
99900 299.60 -224.71 -20949.90 3350.00 54000.00 1.0453
