# Time-averaged data for fix thermo_detailed
# TimeStep v_temp v_press v_pe v_ke v_vol v_dens
600100 298.011688 -27.120476 -21064.572266 3333.939697 54580.714844 1.045210
600200 298.661530 -96.929207 -21021.302734 3341.209717 54542.144531 1.045949
600300 298.972260 -119.040863 -20985.914062 3344.686035 54569.703125 1.045421
600400 299.204376 -129.103592 -20954.253906 3347.282715 54592.996094 1.044975
600500 299.374176 -132.468735 -20927.734375 3349.182373 54612.906250 1.044594
600600 299.494690 -132.350357 -20906.949219 3350.530518 54628.121094 1.044303
600700 299.578003 -130.637314 -20891.242188 3351.462646 54639.128906 1.044092
600800 299.634735 -128.423538 -20879.617188 3352.097412 54646.906250 1.043944
600900 299.673035 -126.267273 -20871.121094 3352.525635 54652.375000 1.043839
601000 299.698822 -124.409149 -20864.964844 3352.814453 54656.226562 1.043766
601100 299.716278 -122.912735 -20860.521484 3353.009521 54658.964844 1.043713
601200 299.728119 -121.768890 -20857.337891 3353.142090 54660.929688 1.043676
601300 299.736206 -120.916763 -20855.060547 3353.232422 54662.347656 1.043649
601400 299.741852 -120.303375 -20853.437500 3353.295654 54663.378906 1.043629
601500 299.745789 -119.872482 -20852.287109 3353.339844 54664.125000 1.043615
601600 299.748596 -119.577698 -20851.472656 3353.371094 54664.687500 1.043604
601700 299.750610 -119.378922 -20850.898438 3353.393555 54665.089844 1.043596
601800 299.752106 -119.252060 -20850.498047 3353.410400 54665.390625 1.043591
601900 299.753235 -119.169861 -20850.216797 3353.423096 54665.613281 1.043586
602000 299.754059 -119.121689 -20850.019531 3353.432373 54665.789062 1.043583
602100 299.754669 -119.101608 -20849.888672 3353.439209 54665.914062 1.043581
602200 299.755157 -119.098633 -20849.796875 3353.444580 54666.003906 1.043579
602300 299.755524 -119.106644 -20849.740234 3353.448730 54666.066406 1.043578
602400 299.755829 -119.122025 -20849.703125 3353.452148 54666.128906 1.043577
602500 299.756042 -119.139557 -20849.685547 3353.454346 54666.160156 1.043576
602600 299.756226 -119.159225 -20849.675781 3353.456543 54666.191406 1.043575
602700 299.756378 -119.179565 -20849.667969 3353.458496 54666.210938 1.043575
602800 299.756500 -119.201324 -20849.669922 3353.459717 54666.230469 1.043575
602900 299.756561 -119.217911 -20849.673828 3353.460449 54666.246094 1.043574
603000 299.756653 -119.238373 -20849.675781 3353.461426 54666.253906 1.043574
603100 299.756744 -119.256607 -20849.683594 3353.462402 54666.273438 1.043574
603200 299.756805 -119.275223 -20849.687500 3353.463135 54666.277344 1.043574
603300 299.756836 -119.288742 -20849.697266 3353.463379 54666.285156 1.043574
603400 299.756897 -119.306503 -20849.703125 3353.464111 54666.289062 1.043573
603500 299.756958 -119.326035 -20849.708984 3353.464600 54666.289062 1.043573
603600 299.756989 -119.338913 -20849.718750 3353.465088 54666.292969 1.043573
603700 299.756989 -119.352203 -20849.726562 3353.465088 54666.304688 1.043573
603800 299.757019 -119.365097 -20849.732422 3353.465332 54666.304688 1.043573
603900 299.757019 -119.378311 -20849.736328 3353.465332 54666.304688 1.043573
604000 299.757080 -119.390106 -20849.736328 3353.466064 54666.308594 1.043573
604100 299.757141 -119.399887 -20849.732422 3353.466553 54666.320312 1.043573
604200 299.757172 -119.409454 -20849.734375 3353.467041 54666.320312 1.043573
604300 299.757202 -119.420425 -20849.734375 3353.467285 54666.324219 1.043573
604400 299.757233 -119.430725 -20849.740234 3353.467773 54666.335938 1.043573
604500 299.757263 -119.442703 -20849.746094 3353.468018 54666.324219 1.043573
604600 299.757294 -119.448685 -20849.746094 3353.468750 54666.335938 1.043573
604700 299.757355 -119.455109 -20849.742188 3353.469238 54666.335938 1.043573
604800 299.757385 -119.463577 -20849.746094 3353.469727 54666.335938 1.043573
604900 299.757385 -119.470337 -20849.738281 3353.469727 54666.343750 1.043572
605000 299.757416 -119.478729 -20849.734375 3353.469971 54666.343750 1.043572
605100 299.757477 -119.485077 -20849.732422 3353.470703 54666.351562 1.043572
605200 299.757477 -119.492813 -20849.734375 3353.470703 54666.351562 1.043572
605300 299.757507 -119.498108 -20849.730469 3353.470947 54666.351562 1.043572
605400 299.757538 -119.501144 -20849.724609 3353.471191 54666.367188 1.043572
605500 299.757568 -119.505081 -20849.718750 3353.471680 54666.371094 1.043572
605600 299.757599 -119.510483 -20849.714844 3353.471924 54666.367188 1.043572
605700 299.757629 -119.515991 -20849.710938 3353.472168 54666.367188 1.043572
605800 299.757690 -119.516174 -20849.705078 3353.472900 54666.371094 1.043572
605900 299.757751 -119.517868 -20849.701172 3353.473633 54666.375000 1.043572
606000 299.757782 -119.524857 -20849.697266 3353.473877 54666.382812 1.043572
606100 299.757812 -119.530258 -20849.695312 3353.474365 54666.382812 1.043572
606200 299.757843 -119.531601 -20849.689453 3353.474609 54666.382812 1.043572
606300 299.757874 -119.538132 -20849.689453 3353.474854 54666.386719 1.043572
606400 299.757874 -119.543076 -20849.683594 3353.474854 54666.398438 1.043571
606500 299.757904 -119.547928 -20849.679688 3353.475342 54666.398438 1.043571
606600 299.757904 -119.550247 -20849.679688 3353.475342 54666.402344 1.043571
606700 299.757935 -119.550873 -20849.675781 3353.475586 54666.406250 1.043571
606800 299.757965 -119.553589 -20849.673828 3353.475830 54666.406250 1.043571
606900 299.757996 -119.557602 -20849.669922 3353.476318 54666.406250 1.043571
607000 299.758026 -119.561722 -20849.666016 3353.476562 54666.406250 1.043571
607100 299.758057 -119.565720 -20849.664062 3353.476807 54666.406250 1.043571
607200 299.758087 -119.568146 -20849.660156 3353.477295 54666.414062 1.043571
607300 299.758118 -119.568832 -20849.650391 3353.477539 54666.417969 1.043571
607400 299.758148 -119.570343 -20849.646484 3353.477783 54666.417969 1.043571
607500 299.758148 -119.572311 -20849.640625 3353.477783 54666.429688 1.043571
607600 299.758209 -119.573898 -20849.634766 3353.479004 54666.433594 1.043571
607700 299.758240 -119.579529 -20849.632812 3353.479248 54666.433594 1.043571
607800 299.758270 -119.582520 -20849.630859 3353.479492 54666.433594 1.043571
607900 299.758301 -119.583252 -20849.628906 3353.479980 54666.437500 1.043571
608000 299.758331 -119.586304 -20849.621094 3353.480225 54666.437500 1.043571
608100 299.758362 -119.585907 -20849.615234 3353.480469 54666.453125 1.043570
608200 299.758362 -119.588242 -20849.611328 3353.480469 54666.460938 1.043570
608300 299.758392 -119.589645 -20849.607422 3353.480957 54666.460938 1.043570
608400 299.758423 -119.589935 -20849.603516 3353.481201 54666.464844 1.043570
608500 299.758453 -119.590225 -20849.599609 3353.481445 54666.468750 1.043570
608600 299.758484 -119.595520 -20849.595703 3353.481934 54666.468750 1.043570
608700 299.758514 -119.596603 -20849.591797 3353.482178 54666.476562 1.043570
608800 299.758545 -119.596130 -20849.585938 3353.482422 54666.484375 1.043570
608900 299.758575 -119.596161 -20849.582031 3353.482910 54666.484375 1.043570
609000 299.758606 -119.596161 -20849.580078 3353.483154 54666.484375 1.043570
609100 299.758636 -119.596436 -20849.574219 3353.483398 54666.492188 1.043570
609200 299.758667 -119.597031 -20849.570312 3353.483887 54666.492188 1.043570
609300 299.758698 -119.598785 -20849.566406 3353.484131 54666.492188 1.043570
609400 299.758728 -119.601654 -20849.560547 3353.484619 54666.496094 1.043570
609500 299.758728 -119.602921 -20849.558594 3353.484619 54666.496094 1.043570
609600 299.758728 -119.604935 -20849.554688 3353.484619 54666.500000 1.043569
609700 299.758759 -119.604355 -20849.548828 3353.484863 54666.507812 1.043569
609800 299.758789 -119.604767 -20849.548828 3353.485107 54666.507812 1.043569
609900 299.758789 -119.605621 -20849.548828 3353.485107 54666.515625 1.043569
610000 299.758820 -119.608597 -20849.544922 3353.485596 54666.515625 1.043569
610100 299.758850 -119.608154 -20849.542969 3353.485840 54666.515625 1.043569
610200 299.758881 -119.609100 -20849.541016 3353.486084 54666.515625 1.043569
610300 299.758911 -119.608887 -20849.533203 3353.486572 54666.515625 1.043569
610400 299.758911 -119.611435 -20849.531250 3353.486572 54666.515625 1.043569
610500 299.758942 -119.614548 -20849.525391 3353.486816 54666.515625 1.043569
610600 299.758942 -119.613846 -20849.523438 3353.486816 54666.523438 1.043569
610700 299.758972 -119.614868 -20849.521484 3353.487061 54666.523438 1.043569
610800 299.758972 -119.614288 -20849.517578 3353.487061 54666.523438 1.043569
610900 299.759003 -119.613739 -20849.515625 3353.487549 54666.523438 1.043569
611000 299.759003 -119.612244 -20849.511719 3353.487549 54666.527344 1.043569
611100 299.759033 -119.612823 -20849.509766 3353.487793 54666.531250 1.043569
611200 299.759064 -119.613556 -20849.509766 3353.488037 54666.539062 1.043569
611300 299.759094 -119.614792 -20849.509766 3353.488770 54666.546875 1.043569
611400 299.759125 -119.614456 -20849.509766 3353.489014 54666.554688 1.043568
611500 299.759125 -119.614288 -20849.509766 3353.489014 54666.554688 1.043568
611600 299.759155 -119.615158 -20849.507812 3353.489502 54666.554688 1.043568
611700 299.759186 -119.614716 -20849.505859 3353.489746 54666.546875 1.043569
611800 299.759186 -119.616318 -20849.501953 3353.489746 54666.546875 1.043569
611900 299.759216 -119.616837 -20849.496094 3353.489990 54666.554688 1.043568
612000 299.759216 -119.618317 -20849.490234 3353.489990 54666.558594 1.043568
612100 299.759216 -119.619003 -20849.488281 3353.489990 54666.558594 1.043568
612200 299.759247 -119.621841 -20849.484375 3353.490479 54666.562500 1.043568
612300 299.759247 -119.622894 -20849.482422 3353.490479 54666.558594 1.043568
612400 299.759277 -119.625763 -20849.478516 3353.490723 54666.558594 1.043568
612500 299.759308 -119.626740 -20849.474609 3353.491211 54666.562500 1.043568
612600 299.759308 -119.625854 -20849.472656 3353.491211 54666.558594 1.043568
612700 299.759338 -119.625595 -20849.474609 3353.491455 54666.558594 1.043568
612800 299.759308 -119.625229 -20849.474609 3353.491211 54666.558594 1.043568
612900 299.759308 -119.624359 -20849.472656 3353.491211 54666.562500 1.043568
613000 299.759338 -119.625214 -20849.472656 3353.491455 54666.562500 1.043568
613100 299.759369 -119.625137 -20849.470703 3353.491699 54666.558594 1.043568
613200 299.759369 -119.626862 -20849.468750 3353.491699 54666.558594 1.043568
613300 299.759369 -119.627563 -20849.466797 3353.491699 54666.562500 1.043568
613400 299.759369 -119.626282 -20849.462891 3353.491699 54666.570312 1.043568
613500 299.759369 -119.625122 -20849.458984 3353.491699 54666.578125 1.043568
613600 299.759399 -119.625092 -20849.455078 3353.492188 54666.578125 1.043568
613700 299.759399 -119.625641 -20849.455078 3353.492188 54666.578125 1.043568
613800 299.759430 -119.625458 -20849.455078 3353.492432 54666.578125 1.043568
613900 299.759430 -119.626282 -20849.455078 3353.492432 54666.585938 1.043568
614000 299.759430 -119.626633 -20849.451172 3353.492432 54666.589844 1.043568
614100 299.759460 -119.627045 -20849.449219 3353.492676 54666.589844 1.043568
614200 299.759491 -119.627975 -20849.447266 3353.493164 54666.589844 1.043568
614300 299.759491 -119.628250 -20849.445312 3353.493164 54666.585938 1.043568
614400 299.759491 -119.628571 -20849.443359 3353.493164 54666.585938 1.043568
614500 299.759521 -119.630096 -20849.441406 3353.493408 54666.589844 1.043568
614600 299.759521 -119.633011 -20849.439453 3353.493408 54666.589844 1.043568
614700 299.759521 -119.634415 -20849.439453 3353.493408 54666.593750 1.043568
614800 299.759552 -119.636032 -20849.441406 3353.493652 54666.593750 1.043568
614900 299.759583 -119.637131 -20849.445312 3353.494141 54666.593750 1.043568
615000 299.759583 -119.636978 -20849.445312 3353.494141 54666.593750 1.043568
615100 299.759583 -119.636032 -20849.445312 3353.494141 54666.593750 1.043568
615200 299.759583 -119.635803 -20849.443359 3353.494141 54666.593750 1.043568
615300 299.759613 -119.637222 -20849.443359 3353.494385 54666.593750 1.043568
615400 299.759613 -119.636490 -20849.439453 3353.494385 54666.593750 1.043568
615500 299.759613 -119.635406 -20849.437500 3353.494385 54666.593750 1.043568
615600 299.759644 -119.634537 -20849.435547 3353.494629 54666.593750 1.043568
615700 299.759613 -119.634201 -20849.435547 3353.494385 54666.593750 1.043568
615800 299.759613 -119.634552 -20849.435547 3353.494385 54666.589844 1.043568
615900 299.759613 -119.635254 -20849.435547 3353.494385 54666.589844 1.043568
616000 299.759613 -119.636398 -20849.435547 3353.494385 54666.589844 1.043568
616100 299.759613 -119.636475 -20849.435547 3353.494385 54666.589844 1.043568
616200 299.759644 -119.637711 -20849.433594 3353.494629 54666.589844 1.043568
616300 299.759644 -119.639175 -20849.431641 3353.494629 54666.589844 1.043568
616400 299.759644 -119.639893 -20849.429688 3353.494629 54666.589844 1.043568
616500 299.759644 -119.639267 -20849.427734 3353.494629 54666.589844 1.043568
616600 299.759644 -119.639175 -20849.425781 3353.494629 54666.589844 1.043568
616700 299.759674 -119.638626 -20849.425781 3353.495117 54666.589844 1.043568
616800 299.759674 -119.638123 -20849.425781 3353.495117 54666.585938 1.043568
616900 299.759674 -119.637527 -20849.425781 3353.495117 54666.585938 1.043568
617000 299.759674 -119.637909 -20849.425781 3353.495117 54666.585938 1.043568
617100 299.759674 -119.638641 -20849.423828 3353.495117 54666.585938 1.043568
617200 299.759674 -119.637024 -20849.421875 3353.495117 54666.589844 1.043568
617300 299.759705 -119.634216 -20849.421875 3353.495361 54666.589844 1.043568
617400 299.759705 -119.632187 -20849.419922 3353.495361 54666.593750 1.043568
617500 299.759705 -119.631821 -20849.416016 3353.495361 54666.593750 1.043568
617600 299.759705 -119.631271 -20849.416016 3353.495361 54666.593750 1.043568
617700 299.759705 -119.632782 -20849.416016 3353.495361 54666.601562 1.043568
617800 299.759705 -119.632874 -20849.412109 3353.495361 54666.601562 1.043568
617900 299.759705 -119.632874 -20849.410156 3353.495361 54666.609375 1.043567
618000 299.759735 -119.632416 -20849.410156 3353.495605 54666.609375 1.043567
618100 299.759735 -119.632233 -20849.412109 3353.495605 54666.609375 1.043567
618200 299.759735 -119.631622 -20849.412109 3353.495605 54666.601562 1.043568
618300 299.759735 -119.630768 -20849.410156 3353.495605 54666.601562 1.043568
618400 299.759735 -119.631622 -20849.410156 3353.495605 54666.601562 1.043568
618500 299.759735 -119.632309 -20849.412109 3353.495605 54666.601562 1.043568
618600 299.759735 -119.632187 -20849.412109 3353.495605 54666.601562 1.043568
618700 299.759735 -119.632370 -20849.414062 3353.495605 54666.601562 1.043568
618800 299.759735 -119.632553 -20849.414062 3353.495605 54666.601562 1.043568
618900 299.759735 -119.632874 -20849.414062 3353.495605 54666.601562 1.043568
619000 299.759735 -119.632950 -20849.412109 3353.495605 54666.601562 1.043568
619100 299.759735 -119.632599 -20849.412109 3353.495605 54666.601562 1.043568
619200 299.759735 -119.632309 -20849.412109 3353.495605 54666.601562 1.043568
619300 299.759735 -119.632553 -20849.412109 3353.495605 54666.601562 1.043568
619400 299.759735 -119.632629 -20849.412109 3353.495605 54666.601562 1.043568
619500 299.759766 -119.632416 -20849.410156 3353.496094 54666.609375 1.043567
619600 299.759766 -119.633041 -20849.410156 3353.496094 54666.609375 1.043567
619700 299.759766 -119.634216 -20849.410156 3353.496094 54666.609375 1.043567
619800 299.759766 -119.633896 -20849.408203 3353.496094 54666.613281 1.043567
619900 299.759766 -119.632858 -20849.406250 3353.496094 54666.613281 1.043567
620000 299.759766 -119.631866 -20849.404297 3353.496094 54666.613281 1.043567
620100 299.759766 -119.631989 -20849.400391 3353.496094 54666.613281 1.043567
620200 299.759766 -119.632874 -20849.400391 3353.496094 54666.621094 1.043567
620300 299.759766 -119.632980 -20849.398438 3353.496094 54666.621094 1.043567
620400 299.759796 -119.632874 -20849.398438 3353.496338 54666.621094 1.043567
620500 299.759796 -119.633057 -20849.398438 3353.496338 54666.621094 1.043567
620600 299.759796 -119.633041 -20849.398438 3353.496338 54666.621094 1.043567
620700 299.759796 -119.633179 -20849.398438 3353.496338 54666.621094 1.043567
620800 299.759827 -119.633026 -20849.398438 3353.496826 54666.621094 1.043567
620900 299.759827 -119.632645 -20849.398438 3353.496826 54666.621094 1.043567
621000 299.759827 -119.631424 -20849.396484 3353.496826 54666.625000 1.043567
621100 299.759827 -119.630386 -20849.394531 3353.496826 54666.625000 1.043567
621200 299.759857 -119.629517 -20849.394531 3353.497070 54666.628906 1.043567
621300 299.759857 -119.629257 -20849.392578 3353.497070 54666.628906 1.043567
621400 299.759857 -119.628586 -20849.392578 3353.497070 54666.628906 1.043567
621500 299.759857 -119.628433 -20849.392578 3353.497070 54666.628906 1.043567
621600 299.759857 -119.628235 -20849.390625 3353.497070 54666.628906 1.043567
621700 299.759857 -119.628082 -20849.390625 3353.497070 54666.628906 1.043567
621800 299.759857 -119.628433 -20849.390625 3353.497070 54666.628906 1.043567
621900 299.759857 -119.628433 -20849.390625 3353.497070 54666.628906 1.043567
622000 299.759857 -119.628616 -20849.390625 3353.497070 54666.625000 1.043567
622100 299.759857 -119.629105 -20849.390625 3353.497070 54666.628906 1.043567
622200 299.759857 -119.628983 -20849.392578 3353.497070 54666.628906 1.043567
622300 299.759857 -119.628876 -20849.392578 3353.497070 54666.628906 1.043567
622400 299.759888 -119.629044 -20849.392578 3353.497314 54666.625000 1.043567
622500 299.759888 -119.629196 -20849.392578 3353.497314 54666.625000 1.043567
622600 299.759888 -119.628754 -20849.394531 3353.497314 54666.625000 1.043567
622700 299.759888 -119.629745 -20849.394531 3353.497314 54666.625000 1.043567
622800 299.759857 -119.631577 -20849.398438 3353.497070 54666.625000 1.043567
622900 299.759888 -119.632462 -20849.398438 3353.497314 54666.625000 1.043567
623000 299.759888 -119.632965 -20849.398438 3353.497314 54666.625000 1.043567
623100 299.759888 -119.633347 -20849.398438 3353.497314 54666.628906 1.043567
623200 299.759888 -119.633652 -20849.398438 3353.497314 54666.628906 1.043567
623300 299.759888 -119.633652 -20849.398438 3353.497314 54666.628906 1.043567
623400 299.759888 -119.633148 -20849.396484 3353.497314 54666.628906 1.043567
623500 299.759888 -119.632919 -20849.396484 3353.497314 54666.628906 1.043567
623600 299.759888 -119.633240 -20849.396484 3353.497314 54666.628906 1.043567
623700 299.759888 -119.633362 -20849.396484 3353.497314 54666.628906 1.043567
623800 299.759888 -119.633362 -20849.396484 3353.497314 54666.625000 1.043567
623900 299.759888 -119.632690 -20849.394531 3353.497314 54666.628906 1.043567
624000 299.759888 -119.632065 -20849.394531 3353.497314 54666.628906 1.043567
624100 299.759888 -119.631729 -20849.394531 3353.497314 54666.625000 1.043567
624200 299.759888 -119.631393 -20849.394531 3353.497314 54666.628906 1.043567
624300 299.759888 -119.631134 -20849.394531 3353.497314 54666.628906 1.043567
624400 299.759888 -119.631088 -20849.394531 3353.497314 54666.628906 1.043567
624500 299.759888 -119.631210 -20849.392578 3353.497314 54666.628906 1.043567
624600 299.759888 -119.631042 -20849.394531 3353.497314 54666.628906 1.043567
624700 299.759888 -119.631088 -20849.394531 3353.497314 54666.628906 1.043567
624800 299.759888 -119.631088 -20849.392578 3353.497314 54666.640625 1.043567
624900 299.759918 -119.630829 -20849.392578 3353.497803 54666.640625 1.043567
625000 299.759918 -119.630905 -20849.392578 3353.497803 54666.640625 1.043567
625100 299.759918 -119.631256 -20849.392578 3353.497803 54666.640625 1.043567
625200 299.759918 -119.631638 -20849.392578 3353.497803 54666.640625 1.043567
625300 299.759888 -119.631958 -20849.392578 3353.497314 54666.640625 1.043567
625400 299.759888 -119.632446 -20849.394531 3353.497314 54666.640625 1.043567
625500 299.759888 -119.632507 -20849.394531 3353.497314 54666.644531 1.043567
625600 299.759888 -119.632416 -20849.394531 3353.497314 54666.644531 1.043567
625700 299.759888 -119.632278 -20849.394531 3353.497314 54666.644531 1.043567
625800 299.759888 -119.632187 -20849.394531 3353.497314 54666.644531 1.043567
625900 299.759888 -119.632141 -20849.392578 3353.497314 54666.644531 1.043567
626000 299.759888 -119.632492 -20849.392578 3353.497314 54666.644531 1.043567
626100 299.759888 -119.632645 -20849.392578 3353.497314 54666.644531 1.043567
626200 299.759888 -119.632675 -20849.392578 3353.497314 54666.644531 1.043567
626300 299.759888 -119.632629 -20849.392578 3353.497314 54666.644531 1.043567
626400 299.759888 -119.632172 -20849.392578 3353.497314 54666.644531 1.043567
626500 299.759888 -119.632004 -20849.392578 3353.497314 54666.640625 1.043567
626600 299.759888 -119.632309 -20849.392578 3353.497314 54666.640625 1.043567
626700 299.759888 -119.632507 -20849.390625 3353.497314 54666.640625 1.043567
626800 299.759918 -119.631973 -20849.390625 3353.497803 54666.644531 1.043567
626900 299.759918 -119.632278 -20849.392578 3353.497803 54666.640625 1.043567
627000 299.759918 -119.632477 -20849.392578 3353.497803 54666.640625 1.043567
627100 299.759918 -119.632584 -20849.394531 3353.497803 54666.640625 1.043567
627200 299.759918 -119.632675 -20849.394531 3353.497803 54666.640625 1.043567
627300 299.759918 -119.632538 -20849.394531 3353.497803 54666.640625 1.043567
627400 299.759918 -119.632584 -20849.394531 3353.497803 54666.640625 1.043567
627500 299.759918 -119.632553 -20849.394531 3353.497803 54666.640625 1.043567
627600 299.759918 -119.632736 -20849.394531 3353.497803 54666.640625 1.043567
627700 299.759918 -119.632812 -20849.394531 3353.497803 54666.640625 1.043567
627800 299.759918 -119.633057 -20849.394531 3353.497803 54666.640625 1.043567
627900 299.759918 -119.632919 -20849.394531 3353.497803 54666.640625 1.043567
628000 299.759918 -119.632446 -20849.394531 3353.497803 54666.640625 1.043567
628100 299.759918 -119.632187 -20849.392578 3353.497803 54666.640625 1.043567
628200 299.759918 -119.632233 -20849.392578 3353.497803 54666.640625 1.043567
628300 299.759918 -119.632278 -20849.392578 3353.497803 54666.640625 1.043567
628400 299.759918 -119.632187 -20849.392578 3353.497803 54666.640625 1.043567
628500 299.759918 -119.632034 -20849.392578 3353.497803 54666.640625 1.043567
628600 299.759918 -119.632050 -20849.392578 3353.497803 54666.640625 1.043567
628700 299.759918 -119.632233 -20849.392578 3353.497803 54666.640625 1.043567
628800 299.759918 -119.632355 -20849.392578 3353.497803 54666.640625 1.043567
628900 299.759918 -119.632812 -20849.392578 3353.497803 54666.628906 1.043567
629000 299.759918 -119.633698 -20849.392578 3353.497803 54666.628906 1.043567
629100 299.759918 -119.634079 -20849.392578 3353.497803 54666.628906 1.043567
629200 299.759918 -119.634232 -20849.392578 3353.497803 54666.628906 1.043567
629300 299.759918 -119.634201 -20849.392578 3353.497803 54666.628906 1.043567
629400 299.759918 -119.634323 -20849.390625 3353.497803 54666.628906 1.043567
629500 299.759918 -119.634415 -20849.392578 3353.497803 54666.628906 1.043567
629600 299.759918 -119.634109 -20849.390625 3353.497803 54666.640625 1.043567
629700 299.759918 -119.633972 -20849.388672 3353.497803 54666.628906 1.043567
629800 299.759918 -119.633591 -20849.388672 3353.497803 54666.628906 1.043567
629900 299.759918 -119.633377 -20849.388672 3353.497803 54666.628906 1.043567
630000 299.759918 -119.633270 -20849.388672 3353.497803 54666.628906 1.043567
630100 299.759918 -119.633194 -20849.386719 3353.497803 54666.628906 1.043567
630200 299.759918 -119.633194 -20849.386719 3353.497803 54666.628906 1.043567
630300 299.759918 -119.633148 -20849.386719 3353.497803 54666.628906 1.043567
630400 299.759918 -119.633087 -20849.388672 3353.497803 54666.628906 1.043567
630500 299.759918 -119.633072 -20849.388672 3353.497803 54666.628906 1.043567
630600 299.759918 -119.633224 -20849.386719 3353.497803 54666.628906 1.043567
630700 299.759918 -119.633148 -20849.386719 3353.497803 54666.640625 1.043567
630800 299.759918 -119.633087 -20849.386719 3353.497803 54666.640625 1.043567
630900 299.759918 -119.632996 -20849.386719 3353.497803 54666.640625 1.043567
631000 299.759918 -119.632950 -20849.386719 3353.497803 54666.640625 1.043567
631100 299.759918 -119.632874 -20849.386719 3353.497803 54666.640625 1.043567
631200 299.759918 -119.632767 -20849.386719 3353.497803 54666.640625 1.043567
631300 299.759918 -119.632751 -20849.386719 3353.497803 54666.640625 1.043567
631400 299.759888 -119.632874 -20849.386719 3353.497314 54666.640625 1.043567
631500 299.759918 -119.632797 -20849.386719 3353.497803 54666.640625 1.043567
631600 299.759918 -119.632645 -20849.386719 3353.497803 54666.640625 1.043567
631700 299.759918 -119.632446 -20849.388672 3353.497803 54666.628906 1.043567
631800 299.759918 -119.632446 -20849.388672 3353.497803 54666.628906 1.043567
631900 299.759918 -119.632904 -20849.390625 3353.497803 54666.628906 1.043567
632000 299.759918 -119.633194 -20849.390625 3353.497803 54666.628906 1.043567
632100 299.759918 -119.633392 -20849.390625 3353.497803 54666.628906 1.043567
632200 299.759918 -119.633591 -20849.388672 3353.497803 54666.628906 1.043567
632300 299.759918 -119.633881 -20849.388672 3353.497803 54666.628906 1.043567
632400 299.759918 -119.634094 -20849.388672 3353.497803 54666.628906 1.043567
632500 299.759918 -119.634186 -20849.390625 3353.497803 54666.628906 1.043567
632600 299.759918 -119.634216 -20849.390625 3353.497803 54666.628906 1.043567
632700 299.759918 -119.634598 -20849.390625 3353.497803 54666.628906 1.043567
632800 299.759918 -119.634796 -20849.390625 3353.497803 54666.628906 1.043567
632900 299.759918 -119.634613 -20849.390625 3353.497803 54666.628906 1.043567
633000 299.759918 -119.634552 -20849.390625 3353.497803 54666.628906 1.043567
633100 299.759918 -119.634521 -20849.390625 3353.497803 54666.628906 1.043567
633200 299.759918 -119.634476 -20849.390625 3353.497803 54666.628906 1.043567
633300 299.759918 -119.634415 -20849.390625 3353.497803 54666.628906 1.043567
633400 299.759918 -119.634445 -20849.390625 3353.497803 54666.628906 1.043567
633500 299.759918 -119.634491 -20849.390625 3353.497803 54666.628906 1.043567
633600 299.759918 -119.634430 -20849.390625 3353.497803 54666.628906 1.043567
633700 299.759918 -119.634369 -20849.390625 3353.497803 54666.628906 1.043567
633800 299.759918 -119.634415 -20849.390625 3353.497803 54666.628906 1.043567
633900 299.759918 -119.634476 -20849.390625 3353.497803 54666.628906 1.043567
634000 299.759918 -119.634583 -20849.390625 3353.497803 54666.628906 1.043567
634100 299.759918 -119.635025 -20849.388672 3353.497803 54666.628906 1.043567
634200 299.759918 -119.635422 -20849.388672 3353.497803 54666.628906 1.043567
634300 299.759918 -119.634247 -20849.388672 3353.497803 54666.628906 1.043567
634400 299.759918 -119.633377 -20849.386719 3353.497803 54666.628906 1.043567
634500 299.759918 -119.632477 -20849.386719 3353.497803 54666.628906 1.043567
634600 299.759918 -119.631958 -20849.386719 3353.497803 54666.628906 1.043567
634700 299.759918 -119.631592 -20849.384766 3353.497803 54666.628906 1.043567
634800 299.759918 -119.631516 -20849.384766 3353.497803 54666.628906 1.043567
634900 299.759918 -119.631592 -20849.384766 3353.497803 54666.628906 1.043567
635000 299.759918 -119.631409 -20849.384766 3353.497803 54666.628906 1.043567
635100 299.759918 -119.631180 -20849.384766 3353.497803 54666.628906 1.043567
635200 299.759918 -119.631027 -20849.384766 3353.497803 54666.628906 1.043567
635300 299.759918 -119.630905 -20849.384766 3353.497803 54666.628906 1.043567
635400 299.759918 -119.630814 -20849.384766 3353.497803 54666.628906 1.043567
635500 299.759918 -119.630753 -20849.384766 3353.497803 54666.628906 1.043567
635600 299.759918 -119.630722 -20849.384766 3353.497803 54666.628906 1.043567
635700 299.759918 -119.631821 -20849.384766 3353.497803 54666.640625 1.043567
635800 299.759918 -119.633194 -20849.384766 3353.497803 54666.640625 1.043567
635900 299.759918 -119.633881 -20849.386719 3353.497803 54666.640625 1.043567
636000 299.759918 -119.634674 -20849.386719 3353.497803 54666.640625 1.043567
636100 299.759918 -119.635147 -20849.386719 3353.497803 54666.640625 1.043567
636200 299.759918 -119.635483 -20849.386719 3353.497803 54666.640625 1.043567
636300 299.759918 -119.635712 -20849.386719 3353.497803 54666.640625 1.043567
636400 299.759918 -119.635849 -20849.386719 3353.497803 54666.640625 1.043567
636500 299.759918 -119.635941 -20849.386719 3353.497803 54666.640625 1.043567
636600 299.759918 -119.635727 -20849.386719 3353.497803 54666.640625 1.043567
636700 299.759918 -119.635468 -20849.386719 3353.497803 54666.640625 1.043567
636800 299.759918 -119.635300 -20849.386719 3353.497803 54666.640625 1.043567
636900 299.759918 -119.635117 -20849.386719 3353.497803 54666.640625 1.043567
637000 299.759918 -119.635056 -20849.386719 3353.497803 54666.640625 1.043567
637100 299.759918 -119.635025 -20849.386719 3353.497803 54666.640625 1.043567
637200 299.759918 -119.635025 -20849.386719 3353.497803 54666.640625 1.043567
637300 299.759918 -119.635010 -20849.386719 3353.497803 54666.640625 1.043567
637400 299.759918 -119.635010 -20849.386719 3353.497803 54666.640625 1.043567
637500 299.759918 -119.634995 -20849.386719 3353.497803 54666.640625 1.043567
637600 299.759918 -119.635010 -20849.386719 3353.497803 54666.640625 1.043567
637700 299.759918 -119.634979 -20849.386719 3353.497803 54666.640625 1.043567
637800 299.759918 -119.634933 -20849.386719 3353.497803 54666.640625 1.043567
637900 299.759918 -119.634933 -20849.386719 3353.497803 54666.640625 1.043567
638000 299.759918 -119.634888 -20849.386719 3353.497803 54666.640625 1.043567
638100 299.759918 -119.634888 -20849.386719 3353.497803 54666.640625 1.043567
638200 299.759918 -119.634888 -20849.386719 3353.497803 54666.640625 1.043567
638300 299.759918 -119.634476 -20849.386719 3353.497803 54666.640625 1.043567
638400 299.759918 -119.634323 -20849.386719 3353.497803 54666.640625 1.043567
638500 299.759918 -119.634247 -20849.386719 3353.497803 54666.640625 1.043567
638600 299.759918 -119.634247 -20849.386719 3353.497803 54666.640625 1.043567
638700 299.759918 -119.634232 -20849.386719 3353.497803 54666.640625 1.043567
638800 299.759918 -119.634232 -20849.386719 3353.497803 54666.640625 1.043567
638900 299.759918 -119.634277 -20849.386719 3353.497803 54666.640625 1.043567
639000 299.759918 -119.634140 -20849.386719 3353.497803 54666.640625 1.043567
639100 299.759918 -119.634018 -20849.386719 3353.497803 54666.640625 1.043567
639200 299.759918 -119.633530 -20849.386719 3353.497803 54666.640625 1.043567
639300 299.759918 -119.632828 -20849.388672 3353.497803 54666.640625 1.043567
639400 299.759918 -119.632385 -20849.388672 3353.497803 54666.640625 1.043567
639500 299.759918 -119.632095 -20849.388672 3353.497803 54666.640625 1.043567
639600 299.759918 -119.631912 -20849.388672 3353.497803 54666.640625 1.043567
639700 299.759918 -119.631775 -20849.388672 3353.497803 54666.640625 1.043567
639800 299.759918 -119.631683 -20849.388672 3353.497803 54666.640625 1.043567
639900 299.759918 -119.631592 -20849.388672 3353.497803 54666.640625 1.043567
640000 299.759918 -119.631577 -20849.388672 3353.497803 54666.640625 1.043567
640100 299.759918 -119.631546 -20849.388672 3353.497803 54666.640625 1.043567
640200 299.759918 -119.631500 -20849.388672 3353.497803 54666.640625 1.043567
640300 299.759918 -119.631485 -20849.388672 3353.497803 54666.640625 1.043567
640400 299.759918 -119.631439 -20849.388672 3353.497803 54666.640625 1.043567
640500 299.759918 -119.631409 -20849.388672 3353.497803 54666.640625 1.043567
640600 299.759918 -119.631592 -20849.390625 3353.497803 54666.640625 1.043567
640700 299.759918 -119.631546 -20849.390625 3353.497803 54666.640625 1.043567
640800 299.759918 -119.631485 -20849.392578 3353.497803 54666.640625 1.043567
640900 299.759918 -119.631546 -20849.392578 3353.497803 54666.640625 1.043567
641000 299.759918 -119.631729 -20849.392578 3353.497803 54666.640625 1.043567
641100 299.759918 -119.631668 -20849.392578 3353.497803 54666.640625 1.043567
641200 299.759918 -119.631638 -20849.392578 3353.497803 54666.640625 1.043567
641300 299.759918 -119.631668 -20849.392578 3353.497803 54666.640625 1.043567
641400 299.759918 -119.631699 -20849.392578 3353.497803 54666.640625 1.043567
641500 299.759918 -119.631744 -20849.392578 3353.497803 54666.640625 1.043567
641600 299.759918 -119.631714 -20849.392578 3353.497803 54666.640625 1.043567
641700 299.759918 -119.631729 -20849.392578 3353.497803 54666.640625 1.043567
641800 299.759918 -119.631683 -20849.392578 3353.497803 54666.640625 1.043567
641900 299.759918 -119.631668 -20849.392578 3353.497803 54666.640625 1.043567
642000 299.759918 -119.631760 -20849.392578 3353.497803 54666.640625 1.043567
642100 299.759918 -119.631775 -20849.392578 3353.497803 54666.640625 1.043567
642200 299.759918 -119.631683 -20849.390625 3353.497803 54666.640625 1.043567
642300 299.759918 -119.631622 -20849.390625 3353.497803 54666.640625 1.043567
642400 299.759918 -119.631577 -20849.390625 3353.497803 54666.640625 1.043567
642500 299.759918 -119.631500 -20849.390625 3353.497803 54666.640625 1.043567
642600 299.759918 -119.631500 -20849.390625 3353.497803 54666.640625 1.043567
642700 299.759918 -119.631668 -20849.390625 3353.497803 54666.640625 1.043567
642800 299.759918 -119.631729 -20849.390625 3353.497803 54666.640625 1.043567
642900 299.759918 -119.631760 -20849.390625 3353.497803 54666.640625 1.043567
643000 299.759918 -119.631638 -20849.390625 3353.497803 54666.640625 1.043567
643100 299.759918 -119.631592 -20849.390625 3353.497803 54666.640625 1.043567
643200 299.759918 -119.631622 -20849.390625 3353.497803 54666.640625 1.043567
643300 299.759918 -119.631607 -20849.390625 3353.497803 54666.640625 1.043567
643400 299.759918 -119.631592 -20849.390625 3353.497803 54666.640625 1.043567
643500 299.759918 -119.631546 -20849.390625 3353.497803 54666.640625 1.043567
643600 299.759918 -119.631531 -20849.390625 3353.497803 54666.640625 1.043567
643700 299.759918 -119.631546 -20849.390625 3353.497803 54666.640625 1.043567
643800 299.759918 -119.631561 -20849.390625 3353.497803 54666.640625 1.043567
643900 299.759918 -119.631531 -20849.390625 3353.497803 54666.640625 1.043567
644000 299.759918 -119.631531 -20849.390625 3353.497803 54666.640625 1.043567
644100 299.759918 -119.631546 -20849.390625 3353.497803 54666.640625 1.043567
644200 299.759918 -119.631271 -20849.390625 3353.497803 54666.640625 1.043567
644300 299.759918 -119.631180 -20849.390625 3353.497803 54666.640625 1.043567
644400 299.759918 -119.631073 -20849.390625 3353.497803 54666.640625 1.043567
644500 299.759888 -119.631393 -20849.390625 3353.497314 54666.644531 1.043567
644600 299.759888 -119.631577 -20849.390625 3353.497314 54666.644531 1.043567
644700 299.759888 -119.631683 -20849.390625 3353.497314 54666.644531 1.043567
644800 299.759888 -119.631714 -20849.390625 3353.497314 54666.644531 1.043567
644900 299.759888 -119.631729 -20849.390625 3353.497314 54666.644531 1.043567
645000 299.759888 -119.631500 -20849.390625 3353.497314 54666.644531 1.043567
645100 299.759888 -119.631363 -20849.390625 3353.497314 54666.644531 1.043567
645200 299.759888 -119.631485 -20849.390625 3353.497314 54666.644531 1.043567
645300 299.759888 -119.631805 -20849.390625 3353.497314 54666.644531 1.043567
645400 299.759888 -119.631989 -20849.390625 3353.497314 54666.644531 1.043567
645500 299.759888 -119.632309 -20849.392578 3353.497314 54666.644531 1.043567
645600 299.759888 -119.632446 -20849.392578 3353.497314 54666.644531 1.043567
645700 299.759888 -119.632523 -20849.392578 3353.497314 54666.644531 1.043567
645800 299.759888 -119.632584 -20849.392578 3353.497314 54666.644531 1.043567
645900 299.759888 -119.632568 -20849.392578 3353.497314 54666.644531 1.043567
646000 299.759888 -119.632584 -20849.392578 3353.497314 54666.644531 1.043567
646100 299.759888 -119.632584 -20849.392578 3353.497314 54666.644531 1.043567
646200 299.759888 -119.632584 -20849.392578 3353.497314 54666.644531 1.043567
646300 299.759888 -119.632599 -20849.390625 3353.497314 54666.644531 1.043567
646400 299.759888 -119.632553 -20849.390625 3353.497314 54666.644531 1.043567
646500 299.759888 -119.632553 -20849.390625 3353.497314 54666.644531 1.043567
646600 299.759888 -119.632553 -20849.390625 3353.497314 54666.644531 1.043567
646700 299.759888 -119.632690 -20849.392578 3353.497314 54666.644531 1.043567
646800 299.759888 -119.632629 -20849.390625 3353.497314 54666.644531 1.043567
646900 299.759888 -119.632614 -20849.390625 3353.497314 54666.644531 1.043567
647000 299.759888 -119.632629 -20849.390625 3353.497314 54666.644531 1.043567
647100 299.759888 -119.632660 -20849.390625 3353.497314 54666.644531 1.043567
647200 299.759888 -119.632660 -20849.390625 3353.497314 54666.644531 1.043567
647300 299.759888 -119.632736 -20849.390625 3353.497314 54666.644531 1.043567
647400 299.759888 -119.632782 -20849.390625 3353.497314 54666.644531 1.043567
647500 299.759888 -119.632812 -20849.390625 3353.497314 54666.644531 1.043567
647600 299.759888 -119.632828 -20849.390625 3353.497314 54666.644531 1.043567
647700 299.759888 -119.632843 -20849.390625 3353.497314 54666.644531 1.043567
647800 299.759888 -119.632828 -20849.390625 3353.497314 54666.644531 1.043567
647900 299.759888 -119.632828 -20849.390625 3353.497314 54666.644531 1.043567
648000 299.759888 -119.632858 -20849.390625 3353.497314 54666.644531 1.043567
648100 299.759888 -119.632950 -20849.390625 3353.497314 54666.644531 1.043567
648200 299.759888 -119.632935 -20849.390625 3353.497314 54666.644531 1.043567
648300 299.759888 -119.632965 -20849.390625 3353.497314 54666.644531 1.043567
648400 299.759888 -119.632950 -20849.390625 3353.497314 54666.644531 1.043567
648500 299.759888 -119.632919 -20849.390625 3353.497314 54666.644531 1.043567
648600 299.759888 -119.632904 -20849.390625 3353.497314 54666.644531 1.043567
648700 299.759888 -119.632919 -20849.390625 3353.497314 54666.644531 1.043567
648800 299.759888 -119.632736 -20849.390625 3353.497314 54666.644531 1.043567
648900 299.759918 -119.632690 -20849.390625 3353.497803 54666.644531 1.043567
649000 299.759918 -119.632675 -20849.390625 3353.497803 54666.644531 1.043567
649100 299.759918 -119.632675 -20849.390625 3353.497803 54666.644531 1.043567
649200 299.759918 -119.632507 -20849.390625 3353.497803 54666.644531 1.043567
649300 299.759918 -119.632370 -20849.390625 3353.497803 54666.644531 1.043567
649400 299.759918 -119.632278 -20849.390625 3353.497803 54666.644531 1.043567
649500 299.759888 -119.632248 -20849.390625 3353.497314 54666.644531 1.043567
649600 299.759888 -119.632294 -20849.390625 3353.497314 54666.644531 1.043567
649700 299.759888 -119.632370 -20849.390625 3353.497314 54666.644531 1.043567
649800 299.759888 -119.632431 -20849.390625 3353.497314 54666.644531 1.043567
649900 299.759888 -119.632462 -20849.390625 3353.497314 54666.644531 1.043567
650000 299.759888 -119.632416 -20849.390625 3353.497314 54666.644531 1.043567
650100 299.759888 -119.632416 -20849.390625 3353.497314 54666.644531 1.043567
650200 299.759888 -119.632446 -20849.390625 3353.497314 54666.644531 1.043567
650300 299.759888 -119.632416 -20849.390625 3353.497314 54666.644531 1.043567
650400 299.759888 -119.632446 -20849.390625 3353.497314 54666.644531 1.043567
650500 299.759888 -119.632462 -20849.390625 3353.497314 54666.644531 1.043567
650600 299.759888 -119.632462 -20849.390625 3353.497314 54666.644531 1.043567
650700 299.759888 -119.632462 -20849.390625 3353.497314 54666.644531 1.043567
650800 299.759888 -119.632492 -20849.390625 3353.497314 54666.644531 1.043567
650900 299.759888 -119.632507 -20849.390625 3353.497314 54666.644531 1.043567
651000 299.759888 -119.632721 -20849.390625 3353.497314 54666.644531 1.043567
651100 299.759888 -119.632721 -20849.390625 3353.497314 54666.644531 1.043567
651200 299.759888 -119.632629 -20849.390625 3353.497314 54666.644531 1.043567
651300 299.759888 -119.632324 -20849.390625 3353.497314 54666.644531 1.043567
651400 299.759888 -119.632126 -20849.390625 3353.497314 54666.644531 1.043567
651500 299.759888 -119.631958 -20849.390625 3353.497314 54666.644531 1.043567
651600 299.759918 -119.631912 -20849.390625 3353.497803 54666.644531 1.043567
651700 299.759918 -119.631866 -20849.390625 3353.497803 54666.644531 1.043567
651800 299.759918 -119.631821 -20849.390625 3353.497803 54666.644531 1.043567
651900 299.759918 -119.631851 -20849.390625 3353.497803 54666.644531 1.043567
652000 299.759918 -119.631805 -20849.390625 3353.497803 54666.644531 1.043567
652100 299.759918 -119.631317 -20849.390625 3353.497803 54666.644531 1.043567
652200 299.759918 -119.631210 -20849.390625 3353.497803 54666.644531 1.043567
652300 299.759918 -119.631119 -20849.390625 3353.497803 54666.644531 1.043567
652400 299.759918 -119.631088 -20849.390625 3353.497803 54666.644531 1.043567
652500 299.759918 -119.631088 -20849.390625 3353.497803 54666.644531 1.043567
652600 299.759918 -119.631088 -20849.390625 3353.497803 54666.644531 1.043567
652700 299.759918 -119.630585 -20849.390625 3353.497803 54666.652344 1.043567
652800 299.759918 -119.630508 -20849.392578 3353.497803 54666.644531 1.043567
652900 299.759918 -119.630463 -20849.392578 3353.497803 54666.644531 1.043567
653000 299.759918 -119.630402 -20849.392578 3353.497803 54666.644531 1.043567
653100 299.759888 -119.630402 -20849.392578 3353.497314 54666.644531 1.043567
653200 299.759888 -119.630142 -20849.392578 3353.497314 54666.644531 1.043567
653300 299.759888 -119.630112 -20849.392578 3353.497314 54666.644531 1.043567
653400 299.759888 -119.630081 -20849.392578 3353.497314 54666.644531 1.043567
653500 299.759888 -119.630035 -20849.392578 3353.497314 54666.644531 1.043567
653600 299.759888 -119.629974 -20849.392578 3353.497314 54666.644531 1.043567
653700 299.759888 -119.629883 -20849.392578 3353.497314 54666.644531 1.043567
653800 299.759888 -119.630203 -20849.390625 3353.497314 54666.644531 1.043567
653900 299.759888 -119.630478 -20849.388672 3353.497314 54666.644531 1.043567
654000 299.759888 -119.630630 -20849.388672 3353.497314 54666.640625 1.043567
654100 299.759888 -119.630768 -20849.388672 3353.497314 54666.640625 1.043567
654200 299.759888 -119.630844 -20849.388672 3353.497314 54666.640625 1.043567
654300 299.759888 -119.630905 -20849.388672 3353.497314 54666.640625 1.043567
654400 299.759888 -119.630936 -20849.388672 3353.497314 54666.640625 1.043567
654500 299.759888 -119.631271 -20849.388672 3353.497314 54666.640625 1.043567
654600 299.759888 -119.631409 -20849.388672 3353.497314 54666.640625 1.043567
654700 299.759888 -119.631500 -20849.388672 3353.497314 54666.640625 1.043567
654800 299.759888 -119.631210 -20849.388672 3353.497314 54666.640625 1.043567
654900 299.759888 -119.631256 -20849.388672 3353.497314 54666.640625 1.043567
655000 299.759888 -119.630981 -20849.388672 3353.497314 54666.640625 1.043567
655100 299.759888 -119.631149 -20849.388672 3353.497314 54666.640625 1.043567
655200 299.759888 -119.631378 -20849.388672 3353.497314 54666.644531 1.043567
655300 299.759888 -119.631638 -20849.388672 3353.497314 54666.644531 1.043567
655400 299.759857 -119.631821 -20849.388672 3353.497070 54666.644531 1.043567
655500 299.759857 -119.631958 -20849.388672 3353.497070 54666.644531 1.043567
655600 299.759857 -119.632141 -20849.388672 3353.497070 54666.644531 1.043567
655700 299.759857 -119.632217 -20849.388672 3353.497070 54666.644531 1.043567
655800 299.759857 -119.632263 -20849.388672 3353.497070 54666.644531 1.043567
655900 299.759857 -119.632309 -20849.390625 3353.497070 54666.644531 1.043567
656000 299.759857 -119.632217 -20849.390625 3353.497070 54666.644531 1.043567
656100 299.759857 -119.632141 -20849.390625 3353.497070 54666.644531 1.043567
656200 299.759857 -119.632095 -20849.390625 3353.497070 54666.644531 1.043567
656300 299.759857 -119.632050 -20849.390625 3353.497070 54666.644531 1.043567
656400 299.759857 -119.632019 -20849.390625 3353.497070 54666.644531 1.043567
656500 299.759857 -119.632019 -20849.390625 3353.497070 54666.644531 1.043567
656600 299.759857 -119.632004 -20849.390625 3353.497070 54666.644531 1.043567
656700 299.759857 -119.632034 -20849.390625 3353.497070 54666.644531 1.043567
656800 299.759857 -119.631897 -20849.390625 3353.497070 54666.644531 1.043567
656900 299.759857 -119.631851 -20849.390625 3353.497070 54666.644531 1.043567
657000 299.759888 -119.630966 -20849.388672 3353.497314 54666.644531 1.043567
657100 299.759888 -119.630600 -20849.388672 3353.497314 54666.644531 1.043567
657200 299.759888 -119.630478 -20849.388672 3353.497314 54666.644531 1.043567
657300 299.759888 -119.630402 -20849.388672 3353.497314 54666.644531 1.043567
657400 299.759888 -119.630386 -20849.388672 3353.497314 54666.644531 1.043567
657500 299.759888 -119.630432 -20849.388672 3353.497314 54666.644531 1.043567
657600 299.759888 -119.630524 -20849.388672 3353.497314 54666.644531 1.043567
657700 299.759857 -119.630585 -20849.388672 3353.497070 54666.644531 1.043567
657800 299.759857 -119.630661 -20849.388672 3353.497070 54666.644531 1.043567
657900 299.759857 -119.631073 -20849.390625 3353.497070 54666.644531 1.043567
658000 299.759857 -119.631226 -20849.390625 3353.497070 54666.644531 1.043567
658100 299.759857 -119.631210 -20849.390625 3353.497070 54666.644531 1.043567
658200 299.759857 -119.631134 -20849.390625 3353.497070 54666.644531 1.043567
658300 299.759857 -119.631042 -20849.390625 3353.497070 54666.652344 1.043567
658400 299.759857 -119.631027 -20849.390625 3353.497070 54666.652344 1.043567
658500 299.759857 -119.631165 -20849.390625 3353.497070 54666.652344 1.043567
658600 299.759857 -119.631088 -20849.390625 3353.497070 54666.652344 1.043567
658700 299.759857 -119.631165 -20849.390625 3353.497070 54666.652344 1.043567
658800 299.759857 -119.631134 -20849.390625 3353.497070 54666.652344 1.043567
658900 299.759857 -119.631073 -20849.390625 3353.497070 54666.652344 1.043567
659000 299.759857 -119.630569 -20849.390625 3353.497070 54666.652344 1.043567
659100 299.759857 -119.630402 -20849.390625 3353.497070 54666.652344 1.043567
659200 299.759857 -119.630310 -20849.390625 3353.497070 54666.652344 1.043567
659300 299.759857 -119.630447 -20849.390625 3353.497070 54666.652344 1.043567
659400 299.759857 -119.630524 -20849.390625 3353.497070 54666.652344 1.043567
659500 299.759857 -119.630539 -20849.390625 3353.497070 54666.652344 1.043567
659600 299.759857 -119.630585 -20849.390625 3353.497070 54666.652344 1.043567
659700 299.759857 -119.630569 -20849.390625 3353.497070 54666.652344 1.043567
659800 299.759857 -119.630554 -20849.390625 3353.497070 54666.652344 1.043567
659900 299.759857 -119.630539 -20849.390625 3353.497070 54666.652344 1.043567
660000 299.759857 -119.630539 -20849.390625 3353.497070 54666.652344 1.043567
660100 299.759857 -119.630539 -20849.390625 3353.497070 54666.652344 1.043567
660200 299.759857 -119.630569 -20849.390625 3353.497070 54666.652344 1.043567
660300 299.759857 -119.630600 -20849.390625 3353.497070 54666.652344 1.043567
660400 299.759857 -119.630814 -20849.390625 3353.497070 54666.652344 1.043567
660500 299.759857 -119.630859 -20849.390625 3353.497070 54666.652344 1.043567
660600 299.759857 -119.630814 -20849.390625 3353.497070 54666.652344 1.043567
660700 299.759857 -119.630936 -20849.390625 3353.497070 54666.652344 1.043567
660800 299.759857 -119.630905 -20849.390625 3353.497070 54666.652344 1.043567
660900 299.759857 -119.630722 -20849.390625 3353.497070 54666.652344 1.043567
661000 299.759857 -119.630615 -20849.390625 3353.497070 54666.652344 1.043567
661100 299.759857 -119.630569 -20849.390625 3353.497070 54666.652344 1.043567
661200 299.759857 -119.630493 -20849.390625 3353.497070 54666.652344 1.043567
661300 299.759857 -119.630447 -20849.392578 3353.497070 54666.652344 1.043567
661400 299.759857 -119.630447 -20849.392578 3353.497070 54666.652344 1.043567
661500 299.759857 -119.630463 -20849.392578 3353.497070 54666.652344 1.043567
661600 299.759857 -119.630478 -20849.392578 3353.497070 54666.652344 1.043567
661700 299.759857 -119.630447 -20849.392578 3353.497070 54666.652344 1.043567
661800 299.759857 -119.630447 -20849.392578 3353.497070 54666.652344 1.043567
661900 299.759857 -119.630478 -20849.392578 3353.497070 54666.652344 1.043567
662000 299.759857 -119.630478 -20849.392578 3353.497070 54666.652344 1.043567
662100 299.759857 -119.630325 -20849.392578 3353.497070 54666.652344 1.043567
662200 299.759857 -119.630112 -20849.392578 3353.497070 54666.652344 1.043567
662300 299.759857 -119.630020 -20849.392578 3353.497070 54666.652344 1.043567
662400 299.759857 -119.629974 -20849.392578 3353.497070 54666.652344 1.043567
662500 299.759857 -119.629837 -20849.390625 3353.497070 54666.652344 1.043567
662600 299.759857 -119.629807 -20849.390625 3353.497070 54666.652344 1.043567
662700 299.759857 -119.629761 -20849.390625 3353.497070 54666.652344 1.043567
662800 299.759857 -119.629761 -20849.390625 3353.497070 54666.652344 1.043567
662900 299.759857 -119.629761 -20849.390625 3353.497070 54666.652344 1.043567
663000 299.759857 -119.629623 -20849.390625 3353.497070 54666.652344 1.043567
663100 299.759857 -119.629120 -20849.390625 3353.497070 54666.652344 1.043567
663200 299.759857 -119.628937 -20849.390625 3353.497070 54666.652344 1.043567
663300 299.759857 -119.628830 -20849.390625 3353.497070 54666.652344 1.043567
663400 299.759857 -119.628799 -20849.390625 3353.497070 54666.652344 1.043567
663500 299.759857 -119.628860 -20849.390625 3353.497070 54666.652344 1.043567
663600 299.759857 -119.628891 -20849.390625 3353.497070 54666.652344 1.043567
663700 299.759857 -119.628906 -20849.390625 3353.497070 54666.652344 1.043567
663800 299.759857 -119.628906 -20849.392578 3353.497070 54666.652344 1.043567
663900 299.759857 -119.628860 -20849.392578 3353.497070 54666.644531 1.043567
664000 299.759857 -119.628799 -20849.392578 3353.497070 54666.644531 1.043567
664100 299.759857 -119.628830 -20849.392578 3353.497070 54666.644531 1.043567
664200 299.759857 -119.628754 -20849.392578 3353.497070 54666.644531 1.043567
664300 299.759857 -119.628754 -20849.392578 3353.497070 54666.644531 1.043567
664400 299.759857 -119.628845 -20849.392578 3353.497070 54666.652344 1.043567
664500 299.759857 -119.628082 -20849.392578 3353.497070 54666.652344 1.043567
664600 299.759857 -119.627655 -20849.392578 3353.497070 54666.644531 1.043567
664700 299.759857 -119.627426 -20849.392578 3353.497070 54666.644531 1.043567
664800 299.759857 -119.627319 -20849.392578 3353.497070 54666.644531 1.043567
664900 299.759857 -119.627228 -20849.392578 3353.497070 54666.644531 1.043567
665000 299.759857 -119.627335 -20849.392578 3353.497070 54666.644531 1.043567
665100 299.759857 -119.626724 -20849.390625 3353.497070 54666.644531 1.043567
665200 299.759857 -119.626465 -20849.390625 3353.497070 54666.644531 1.043567
665300 299.759857 -119.626266 -20849.388672 3353.497070 54666.644531 1.043567
665400 299.759857 -119.626144 -20849.388672 3353.497070 54666.644531 1.043567
665500 299.759857 -119.626083 -20849.388672 3353.497070 54666.644531 1.043567
665600 299.759857 -119.625778 -20849.388672 3353.497070 54666.644531 1.043567
665700 299.759857 -119.625504 -20849.388672 3353.497070 54666.644531 1.043567
665800 299.759857 -119.625366 -20849.388672 3353.497070 54666.644531 1.043567
665900 299.759857 -119.625320 -20849.388672 3353.497070 54666.644531 1.043567
666000 299.759857 -119.625214 -20849.388672 3353.497070 54666.644531 1.043567
666100 299.759857 -119.625183 -20849.388672 3353.497070 54666.644531 1.043567
666200 299.759857 -119.625137 -20849.388672 3353.497070 54666.644531 1.043567
666300 299.759857 -119.625122 -20849.388672 3353.497070 54666.644531 1.043567
666400 299.759857 -119.625229 -20849.388672 3353.497070 54666.644531 1.043567
666500 299.759857 -119.625244 -20849.388672 3353.497070 54666.644531 1.043567
666600 299.759857 -119.625229 -20849.388672 3353.497070 54666.644531 1.043567
666700 299.759857 -119.625259 -20849.388672 3353.497070 54666.644531 1.043567
666800 299.759857 -119.625244 -20849.388672 3353.497070 54666.644531 1.043567
666900 299.759857 -119.625275 -20849.388672 3353.497070 54666.644531 1.043567
667000 299.759857 -119.625488 -20849.388672 3353.497070 54666.644531 1.043567
667100 299.759857 -119.625626 -20849.388672 3353.497070 54666.644531 1.043567
667200 299.759857 -119.625763 -20849.388672 3353.497070 54666.644531 1.043567
667300 299.759857 -119.625854 -20849.388672 3353.497070 54666.644531 1.043567
667400 299.759857 -119.626007 -20849.386719 3353.497070 54666.644531 1.043567
667500 299.759888 -119.626114 -20849.386719 3353.497314 54666.644531 1.043567
667600 299.759888 -119.626190 -20849.384766 3353.497314 54666.644531 1.043567
667700 299.759888 -119.626221 -20849.384766 3353.497314 54666.644531 1.043567
667800 299.759888 -119.626236 -20849.384766 3353.497314 54666.644531 1.043567
667900 299.759888 -119.626282 -20849.384766 3353.497314 54666.644531 1.043567
668000 299.759888 -119.626373 -20849.384766 3353.497314 54666.644531 1.043567
668100 299.759888 -119.626526 -20849.384766 3353.497314 54666.644531 1.043567
668200 299.759888 -119.626633 -20849.384766 3353.497314 54666.644531 1.043567
668300 299.759888 -119.626694 -20849.384766 3353.497314 54666.644531 1.043567
668400 299.759888 -119.628098 -20849.382812 3353.497314 54666.644531 1.043567
668500 299.759888 -119.628769 -20849.382812 3353.497314 54666.644531 1.043567
668600 299.759888 -119.629120 -20849.382812 3353.497314 54666.644531 1.043567
668700 299.759888 -119.629303 -20849.382812 3353.497314 54666.644531 1.043567
668800 299.759888 -119.629776 -20849.382812 3353.497314 54666.644531 1.043567
668900 299.759888 -119.629990 -20849.382812 3353.497314 54666.644531 1.043567
669000 299.759888 -119.629944 -20849.382812 3353.497314 54666.644531 1.043567
669100 299.759888 -119.629974 -20849.382812 3353.497314 54666.640625 1.043567
669200 299.759888 -119.629990 -20849.382812 3353.497314 54666.640625 1.043567
669300 299.759888 -119.629990 -20849.380859 3353.497314 54666.640625 1.043567
669400 299.759888 -119.629990 -20849.380859 3353.497314 54666.640625 1.043567
669500 299.759888 -119.631226 -20849.382812 3353.497314 54666.640625 1.043567
669600 299.759888 -119.631866 -20849.382812 3353.497314 54666.640625 1.043567
669700 299.759888 -119.632217 -20849.384766 3353.497314 54666.640625 1.043567
669800 299.759888 -119.632324 -20849.384766 3353.497314 54666.640625 1.043567
669900 299.759857 -119.632401 -20849.384766 3353.497070 54666.640625 1.043567
670000 299.759857 -119.632462 -20849.384766 3353.497070 54666.640625 1.043567
670100 299.759857 -119.632538 -20849.384766 3353.497070 54666.640625 1.043567
670200 299.759857 -119.632690 -20849.384766 3353.497070 54666.640625 1.043567
670300 299.759857 -119.632965 -20849.384766 3353.497070 54666.640625 1.043567
670400 299.759857 -119.633057 -20849.384766 3353.497070 54666.640625 1.043567
670500 299.759857 -119.633087 -20849.384766 3353.497070 54666.640625 1.043567
670600 299.759857 -119.633072 -20849.384766 3353.497070 54666.640625 1.043567
670700 299.759857 -119.633148 -20849.384766 3353.497070 54666.640625 1.043567
670800 299.759857 -119.633148 -20849.384766 3353.497070 54666.640625 1.043567
670900 299.759857 -119.633179 -20849.384766 3353.497070 54666.640625 1.043567
671000 299.759857 -119.633713 -20849.384766 3353.497070 54666.628906 1.043567
671100 299.759827 -119.634003 -20849.384766 3353.496826 54666.628906 1.043567
671200 299.759827 -119.634201 -20849.386719 3353.496826 54666.628906 1.043567
671300 299.759827 -119.634323 -20849.386719 3353.496826 54666.628906 1.043567
671400 299.759827 -119.634476 -20849.386719 3353.496826 54666.628906 1.043567
671500 299.759827 -119.634918 -20849.386719 3353.496826 54666.628906 1.043567
671600 299.759827 -119.635117 -20849.388672 3353.496826 54666.628906 1.043567
671700 299.759827 -119.635239 -20849.388672 3353.496826 54666.628906 1.043567
671800 299.759827 -119.635300 -20849.388672 3353.496826 54666.628906 1.043567
671900 299.759827 -119.635345 -20849.388672 3353.496826 54666.628906 1.043567
672000 299.759827 -119.635315 -20849.388672 3353.496826 54666.628906 1.043567
672100 299.759827 -119.635345 -20849.388672 3353.496826 54666.628906 1.043567
672200 299.759827 -119.635376 -20849.388672 3353.496826 54666.628906 1.043567
672300 299.759827 -119.635513 -20849.388672 3353.496826 54666.628906 1.043567
672400 299.759827 -119.635666 -20849.388672 3353.496826 54666.628906 1.043567
672500 299.759827 -119.635727 -20849.388672 3353.496826 54666.628906 1.043567
672600 299.759827 -119.635773 -20849.390625 3353.496826 54666.628906 1.043567
672700 299.759827 -119.635788 -20849.390625 3353.496826 54666.628906 1.043567
672800 299.759827 -119.635818 -20849.390625 3353.496826 54666.628906 1.043567
672900 299.759827 -119.635834 -20849.390625 3353.496826 54666.628906 1.043567
673000 299.759827 -119.635666 -20849.390625 3353.496826 54666.625000 1.043567
673100 299.759827 -119.635620 -20849.390625 3353.496826 54666.625000 1.043567
673200 299.759827 -119.635651 -20849.390625 3353.496826 54666.625000 1.043567
673300 299.759827 -119.635757 -20849.390625 3353.496826 54666.625000 1.043567
673400 299.759827 -119.635925 -20849.390625 3353.496826 54666.625000 1.043567
673500 299.759827 -119.636078 -20849.390625 3353.496826 54666.625000 1.043567
673600 299.759827 -119.636154 -20849.390625 3353.496826 54666.625000 1.043567
673700 299.759827 -119.636429 -20849.390625 3353.496826 54666.625000 1.043567
673800 299.759827 -119.636581 -20849.390625 3353.496826 54666.625000 1.043567
673900 299.759827 -119.636703 -20849.390625 3353.496826 54666.625000 1.043567
674000 299.759827 -119.636520 -20849.390625 3353.496826 54666.625000 1.043567
674100 299.759827 -119.636444 -20849.390625 3353.496826 54666.625000 1.043567
674200 299.759827 -119.636429 -20849.390625 3353.496826 54666.625000 1.043567
674300 299.759827 -119.636383 -20849.390625 3353.496826 54666.625000 1.043567
674400 299.759827 -119.636337 -20849.390625 3353.496826 54666.625000 1.043567
674500 299.759827 -119.636353 -20849.390625 3353.496826 54666.625000 1.043567
674600 299.759827 -119.636337 -20849.390625 3353.496826 54666.625000 1.043567
674700 299.759827 -119.636337 -20849.390625 3353.496826 54666.625000 1.043567
674800 299.759827 -119.636337 -20849.390625 3353.496826 54666.625000 1.043567
674900 299.759827 -119.636337 -20849.390625 3353.496826 54666.625000 1.043567
675000 299.759827 -119.636353 -20849.390625 3353.496826 54666.625000 1.043567
675100 299.759827 -119.636475 -20849.390625 3353.496826 54666.625000 1.043567
675200 299.759827 -119.636551 -20849.390625 3353.496826 54666.625000 1.043567
675300 299.759827 -119.636536 -20849.390625 3353.496826 54666.625000 1.043567
675400 299.759827 -119.636566 -20849.390625 3353.496826 54666.625000 1.043567
675500 299.759827 -119.636627 -20849.390625 3353.496826 54666.625000 1.043567
675600 299.759827 -119.636719 -20849.390625 3353.496826 54666.625000 1.043567
675700 299.759827 -119.636887 -20849.388672 3353.496826 54666.625000 1.043567
675800 299.759827 -119.637024 -20849.388672 3353.496826 54666.625000 1.043567
675900 299.759827 -119.637115 -20849.388672 3353.496826 54666.625000 1.043567
676000 299.759827 -119.637131 -20849.388672 3353.496826 54666.625000 1.043567
676100 299.759827 -119.637192 -20849.388672 3353.496826 54666.625000 1.043567
676200 299.759827 -119.637177 -20849.388672 3353.496826 54666.625000 1.043567
676300 299.759827 -119.637177 -20849.388672 3353.496826 54666.625000 1.043567
676400 299.759827 -119.637177 -20849.388672 3353.496826 54666.625000 1.043567
676500 299.759827 -119.637177 -20849.388672 3353.496826 54666.625000 1.043567
676600 299.759827 -119.637161 -20849.388672 3353.496826 54666.625000 1.043567
676700 299.759827 -119.637161 -20849.388672 3353.496826 54666.625000 1.043567
676800 299.759827 -119.637161 -20849.388672 3353.496826 54666.625000 1.043567
676900 299.759827 -119.637131 -20849.388672 3353.496826 54666.625000 1.043567
677000 299.759827 -119.637085 -20849.388672 3353.496826 54666.625000 1.043567
677100 299.759827 -119.637085 -20849.390625 3353.496826 54666.625000 1.043567
677200 299.759827 -119.637085 -20849.390625 3353.496826 54666.625000 1.043567
677300 299.759827 -119.637497 -20849.392578 3353.496826 54666.625000 1.043567
677400 299.759827 -119.637314 -20849.392578 3353.496826 54666.621094 1.043567
677500 299.759827 -119.637268 -20849.392578 3353.496826 54666.621094 1.043567
677600 299.759827 -119.636581 -20849.394531 3353.496826 54666.613281 1.043567
677700 299.759827 -119.636215 -20849.394531 3353.496826 54666.613281 1.043567
677800 299.759827 -119.636047 -20849.394531 3353.496826 54666.613281 1.043567
677900 299.759827 -119.635925 -20849.394531 3353.496826 54666.613281 1.043567
678000 299.759827 -119.635880 -20849.394531 3353.496826 54666.613281 1.043567
678100 299.759827 -119.635818 -20849.394531 3353.496826 54666.613281 1.043567
678200 299.759827 -119.636063 -20849.394531 3353.496826 54666.613281 1.043567
678300 299.759827 -119.636200 -20849.394531 3353.496826 54666.613281 1.043567
678400 299.759827 -119.636261 -20849.394531 3353.496826 54666.613281 1.043567
678500 299.759827 -119.636169 -20849.394531 3353.496826 54666.613281 1.043567
678600 299.759827 -119.636154 -20849.394531 3353.496826 54666.613281 1.043567
678700 299.759827 -119.636124 -20849.394531 3353.496826 54666.613281 1.043567
678800 299.759827 -119.636078 -20849.392578 3353.496826 54666.613281 1.043567
678900 299.759827 -119.636154 -20849.392578 3353.496826 54666.613281 1.043567
679000 299.759827 -119.636154 -20849.392578 3353.496826 54666.613281 1.043567
679100 299.759827 -119.636353 -20849.392578 3353.496826 54666.613281 1.043567
679200 299.759827 -119.636337 -20849.392578 3353.496826 54666.613281 1.043567
679300 299.759827 -119.636261 -20849.392578 3353.496826 54666.613281 1.043567
679400 299.759796 -119.636169 -20849.392578 3353.496338 54666.613281 1.043567
679500 299.759796 -119.636154 -20849.392578 3353.496338 54666.613281 1.043567
679600 299.759796 -119.636215 -20849.392578 3353.496338 54666.613281 1.043567
679700 299.759796 -119.636261 -20849.392578 3353.496338 54666.613281 1.043567
679800 299.759796 -119.636230 -20849.392578 3353.496338 54666.613281 1.043567
679900 299.759796 -119.636215 -20849.392578 3353.496338 54666.613281 1.043567
680000 299.759796 -119.636230 -20849.392578 3353.496338 54666.613281 1.043567
680100 299.759796 -119.636292 -20849.392578 3353.496338 54666.613281 1.043567
680200 299.759796 -119.636383 -20849.392578 3353.496338 54666.613281 1.043567
680300 299.759796 -119.636459 -20849.392578 3353.496338 54666.613281 1.043567
680400 299.759796 -119.636078 -20849.392578 3353.496338 54666.613281 1.043567
680500 299.759796 -119.635941 -20849.392578 3353.496338 54666.613281 1.043567
680600 299.759796 -119.635880 -20849.392578 3353.496338 54666.613281 1.043567
680700 299.759796 -119.635880 -20849.392578 3353.496338 54666.613281 1.043567
680800 299.759796 -119.635727 -20849.392578 3353.496338 54666.613281 1.043567
680900 299.759796 -119.635712 -20849.392578 3353.496338 54666.613281 1.043567
681000 299.759796 -119.635666 -20849.392578 3353.496338 54666.613281 1.043567
681100 299.759796 -119.635651 -20849.392578 3353.496338 54666.613281 1.043567
681200 299.759796 -119.636063 -20849.392578 3353.496338 54666.613281 1.043567
681300 299.759796 -119.636078 -20849.392578 3353.496338 54666.621094 1.043567
681400 299.759796 -119.636108 -20849.392578 3353.496338 54666.621094 1.043567
681500 299.759796 -119.636108 -20849.392578 3353.496338 54666.621094 1.043567
681600 299.759796 -119.636078 -20849.392578 3353.496338 54666.621094 1.043567
681700 299.759796 -119.636093 -20849.392578 3353.496338 54666.621094 1.043567
681800 299.759796 -119.636337 -20849.392578 3353.496338 54666.621094 1.043567
681900 299.759796 -119.636429 -20849.392578 3353.496338 54666.621094 1.043567
682000 299.759796 -119.636490 -20849.392578 3353.496338 54666.621094 1.043567
682100 299.759796 -119.636520 -20849.392578 3353.496338 54666.621094 1.043567
682200 299.759796 -119.636581 -20849.392578 3353.496338 54666.621094 1.043567
682300 299.759796 -119.636597 -20849.392578 3353.496338 54666.621094 1.043567
682400 299.759796 -119.636612 -20849.392578 3353.496338 54666.621094 1.043567
682500 299.759796 -119.636673 -20849.392578 3353.496338 54666.621094 1.043567
682600 299.759796 -119.636703 -20849.392578 3353.496338 54666.621094 1.043567
682700 299.759796 -119.636841 -20849.392578 3353.496338 54666.621094 1.043567
682800 299.759796 -119.636948 -20849.392578 3353.496338 54666.621094 1.043567
682900 299.759796 -119.636993 -20849.392578 3353.496338 54666.621094 1.043567
683000 299.759796 -119.637024 -20849.392578 3353.496338 54666.621094 1.043567
683100 299.759796 -119.637039 -20849.392578 3353.496338 54666.621094 1.043567
683200 299.759796 -119.637024 -20849.392578 3353.496338 54666.621094 1.043567
683300 299.759796 -119.637009 -20849.392578 3353.496338 54666.621094 1.043567
683400 299.759796 -119.637009 -20849.392578 3353.496338 54666.621094 1.043567
683500 299.759796 -119.637009 -20849.392578 3353.496338 54666.621094 1.043567
683600 299.759796 -119.636993 -20849.392578 3353.496338 54666.621094 1.043567
683700 299.759796 -119.636978 -20849.392578 3353.496338 54666.621094 1.043567
683800 299.759796 -119.636978 -20849.392578 3353.496338 54666.621094 1.043567
683900 299.759796 -119.636978 -20849.392578 3353.496338 54666.621094 1.043567
684000 299.759796 -119.636978 -20849.392578 3353.496338 54666.621094 1.043567
684100 299.759796 -119.636978 -20849.392578 3353.496338 54666.621094 1.043567
684200 299.759796 -119.636993 -20849.392578 3353.496338 54666.621094 1.043567
684300 299.759796 -119.636993 -20849.392578 3353.496338 54666.621094 1.043567
684400 299.759796 -119.636948 -20849.392578 3353.496338 54666.621094 1.043567
684500 299.759796 -119.636902 -20849.392578 3353.496338 54666.621094 1.043567
684600 299.759796 -119.636887 -20849.392578 3353.496338 54666.621094 1.043567
684700 299.759796 -119.636856 -20849.392578 3353.496338 54666.621094 1.043567
684800 299.759796 -119.636978 -20849.392578 3353.496338 54666.621094 1.043567
684900 299.759796 -119.637085 -20849.392578 3353.496338 54666.621094 1.043567
685000 299.759796 -119.637146 -20849.392578 3353.496338 54666.621094 1.043567
685100 299.759796 -119.637207 -20849.392578 3353.496338 54666.621094 1.043567
685200 299.759796 -119.637253 -20849.392578 3353.496338 54666.621094 1.043567
685300 299.759796 -119.637131 -20849.392578 3353.496338 54666.621094 1.043567
685400 299.759796 -119.637360 -20849.390625 3353.496338 54666.621094 1.043567
685500 299.759796 -119.637634 -20849.390625 3353.496338 54666.621094 1.043567
685600 299.759796 -119.637878 -20849.388672 3353.496338 54666.621094 1.043567
685700 299.759796 -119.637970 -20849.388672 3353.496338 54666.621094 1.043567
685800 299.759796 -119.637985 -20849.388672 3353.496338 54666.621094 1.043567
685900 299.759796 -119.637939 -20849.388672 3353.496338 54666.621094 1.043567
686000 299.759796 -119.637848 -20849.388672 3353.496338 54666.621094 1.043567
686100 299.759796 -119.637772 -20849.388672 3353.496338 54666.621094 1.043567
686200 299.759796 -119.637772 -20849.388672 3353.496338 54666.621094 1.043567
686300 299.759796 -119.637772 -20849.388672 3353.496338 54666.621094 1.043567
686400 299.759796 -119.637772 -20849.388672 3353.496338 54666.621094 1.043567
686500 299.759796 -119.637817 -20849.388672 3353.496338 54666.621094 1.043567
686600 299.759796 -119.637848 -20849.388672 3353.496338 54666.621094 1.043567
686700 299.759796 -119.637863 -20849.388672 3353.496338 54666.621094 1.043567
686800 299.759796 -119.637894 -20849.388672 3353.496338 54666.621094 1.043567
686900 299.759796 -119.637909 -20849.388672 3353.496338 54666.621094 1.043567
687000 299.759796 -119.637894 -20849.388672 3353.496338 54666.621094 1.043567
687100 299.759796 -119.637894 -20849.388672 3353.496338 54666.621094 1.043567
687200 299.759796 -119.637863 -20849.388672 3353.496338 54666.621094 1.043567
687300 299.759796 -119.637863 -20849.388672 3353.496338 54666.621094 1.043567
687400 299.759796 -119.637863 -20849.388672 3353.496338 54666.621094 1.043567
687500 299.759796 -119.637863 -20849.388672 3353.496338 54666.621094 1.043567
687600 299.759796 -119.637833 -20849.388672 3353.496338 54666.621094 1.043567
687700 299.759796 -119.637848 -20849.388672 3353.496338 54666.621094 1.043567
687800 299.759796 -119.637848 -20849.388672 3353.496338 54666.621094 1.043567
687900 299.759796 -119.637848 -20849.388672 3353.496338 54666.621094 1.043567
688000 299.759796 -119.637772 -20849.388672 3353.496338 54666.621094 1.043567
688100 299.759796 -119.637817 -20849.388672 3353.496338 54666.621094 1.043567
688200 299.759796 -119.637909 -20849.388672 3353.496338 54666.621094 1.043567
688300 299.759796 -119.637970 -20849.388672 3353.496338 54666.621094 1.043567
688400 299.759796 -119.637955 -20849.388672 3353.496338 54666.621094 1.043567
688500 299.759796 -119.637985 -20849.388672 3353.496338 54666.621094 1.043567
688600 299.759796 -119.637970 -20849.388672 3353.496338 54666.621094 1.043567
688700 299.759796 -119.637985 -20849.388672 3353.496338 54666.621094 1.043567
688800 299.759796 -119.638000 -20849.388672 3353.496338 54666.621094 1.043567
688900 299.759796 -119.637985 -20849.388672 3353.496338 54666.621094 1.043567
689000 299.759796 -119.637970 -20849.388672 3353.496338 54666.621094 1.043567
689100 299.759796 -119.638000 -20849.388672 3353.496338 54666.621094 1.043567
689200 299.759796 -119.638000 -20849.388672 3353.496338 54666.621094 1.043567
689300 299.759796 -119.638062 -20849.388672 3353.496338 54666.621094 1.043567
689400 299.759796 -119.638138 -20849.388672 3353.496338 54666.621094 1.043567
689500 299.759796 -119.638367 -20849.388672 3353.496338 54666.621094 1.043567
689600 299.759796 -119.638428 -20849.388672 3353.496338 54666.621094 1.043567
689700 299.759796 -119.638458 -20849.388672 3353.496338 54666.621094 1.043567
689800 299.759796 -119.638412 -20849.388672 3353.496338 54666.621094 1.043567
689900 299.759796 -119.638412 -20849.388672 3353.496338 54666.621094 1.043567
690000 299.759796 -119.638412 -20849.388672 3353.496338 54666.621094 1.043567
690100 299.759796 -119.638458 -20849.388672 3353.496338 54666.621094 1.043567
690200 299.759796 -119.638443 -20849.388672 3353.496338 54666.621094 1.043567
690300 299.759796 -119.638382 -20849.388672 3353.496338 54666.621094 1.043567
690400 299.759796 -119.638321 -20849.388672 3353.496338 54666.621094 1.043567
690500 299.759796 -119.638260 -20849.388672 3353.496338 54666.621094 1.043567
690600 299.759796 -119.638214 -20849.388672 3353.496338 54666.621094 1.043567
690700 299.759796 -119.638168 -20849.388672 3353.496338 54666.621094 1.043567
690800 299.759796 -119.638123 -20849.390625 3353.496338 54666.621094 1.043567
690900 299.759796 -119.638077 -20849.390625 3353.496338 54666.621094 1.043567
691000 299.759796 -119.638046 -20849.390625 3353.496338 54666.621094 1.043567
691100 299.759796 -119.638443 -20849.390625 3353.496338 54666.621094 1.043567
691200 299.759796 -119.638397 -20849.392578 3353.496338 54666.621094 1.043567
691300 299.759796 -119.638412 -20849.392578 3353.496338 54666.621094 1.043567
691400 299.759796 -119.638489 -20849.394531 3353.496338 54666.621094 1.043567
691500 299.759796 -119.640701 -20849.394531 3353.496338 54666.621094 1.043567
691600 299.759796 -119.641891 -20849.394531 3353.496338 54666.621094 1.043567
691700 299.759796 -119.642532 -20849.394531 3353.496338 54666.621094 1.043567
691800 299.759796 -119.642929 -20849.394531 3353.496338 54666.621094 1.043567
691900 299.759796 -119.643158 -20849.396484 3353.496338 54666.621094 1.043567
692000 299.759796 -119.643387 -20849.396484 3353.496338 54666.621094 1.043567
692100 299.759796 -119.643570 -20849.396484 3353.496338 54666.621094 1.043567
692200 299.759796 -119.643661 -20849.396484 3353.496338 54666.621094 1.043567
692300 299.759796 -119.643723 -20849.396484 3353.496338 54666.621094 1.043567
692400 299.759796 -119.643723 -20849.396484 3353.496338 54666.621094 1.043567
692500 299.759796 -119.643753 -20849.396484 3353.496338 54666.621094 1.043567
692600 299.759796 -119.643738 -20849.396484 3353.496338 54666.621094 1.043567
692700 299.759796 -119.643753 -20849.396484 3353.496338 54666.621094 1.043567
692800 299.759796 -119.643753 -20849.396484 3353.496338 54666.621094 1.043567
692900 299.759796 -119.643753 -20849.396484 3353.496338 54666.621094 1.043567
693000 299.759796 -119.643753 -20849.396484 3353.496338 54666.621094 1.043567
693100 299.759796 -119.643738 -20849.396484 3353.496338 54666.621094 1.043567
693200 299.759796 -119.643890 -20849.396484 3353.496338 54666.621094 1.043567
693300 299.759796 -119.643845 -20849.396484 3353.496338 54666.621094 1.043567
693400 299.759796 -119.643845 -20849.396484 3353.496338 54666.621094 1.043567
693500 299.759796 -119.643814 -20849.396484 3353.496338 54666.621094 1.043567
693600 299.759796 -119.643860 -20849.396484 3353.496338 54666.621094 1.043567
693700 299.759796 -119.643875 -20849.396484 3353.496338 54666.621094 1.043567
693800 299.759796 -119.643951 -20849.396484 3353.496338 54666.621094 1.043567
693900 299.759796 -119.643860 -20849.396484 3353.496338 54666.625000 1.043567
694000 299.759796 -119.643707 -20849.396484 3353.496338 54666.625000 1.043567
694100 299.759796 -119.643509 -20849.396484 3353.496338 54666.625000 1.043567
694200 299.759796 -119.643311 -20849.396484 3353.496338 54666.625000 1.043567
694300 299.759796 -119.643112 -20849.396484 3353.496338 54666.625000 1.043567
694400 299.759796 -119.642746 -20849.394531 3353.496338 54666.625000 1.043567
694500 299.759796 -119.642609 -20849.394531 3353.496338 54666.625000 1.043567
694600 299.759796 -119.642578 -20849.394531 3353.496338 54666.625000 1.043567
694700 299.759796 -119.642502 -20849.394531 3353.496338 54666.625000 1.043567
694800 299.759796 -119.642471 -20849.396484 3353.496338 54666.625000 1.043567
694900 299.759796 -119.642410 -20849.396484 3353.496338 54666.625000 1.043567
695000 299.759796 -119.642380 -20849.396484 3353.496338 54666.625000 1.043567
695100 299.759766 -119.642929 -20849.394531 3353.496094 54666.625000 1.043567
695200 299.759766 -119.643219 -20849.394531 3353.496094 54666.628906 1.043567
695300 299.759766 -119.643356 -20849.394531 3353.496094 54666.628906 1.043567
695400 299.759766 -119.643448 -20849.394531 3353.496094 54666.628906 1.043567
695500 299.759766 -119.643494 -20849.394531 3353.496094 54666.628906 1.043567
695600 299.759766 -119.643570 -20849.394531 3353.496094 54666.628906 1.043567
695700 299.759766 -119.643585 -20849.394531 3353.496094 54666.628906 1.043567
695800 299.759766 -119.643784 -20849.394531 3353.496094 54666.628906 1.043567
695900 299.759766 -119.643845 -20849.394531 3353.496094 54666.628906 1.043567
696000 299.759766 -119.643860 -20849.394531 3353.496094 54666.628906 1.043567
696100 299.759766 -119.643860 -20849.394531 3353.496094 54666.628906 1.043567
696200 299.759766 -119.643860 -20849.394531 3353.496094 54666.628906 1.043567
696300 299.759766 -119.643890 -20849.394531 3353.496094 54666.628906 1.043567
696400 299.759766 -119.643890 -20849.394531 3353.496094 54666.628906 1.043567
696500 299.759766 -119.643539 -20849.394531 3353.496094 54666.628906 1.043567
696600 299.759766 -119.643433 -20849.396484 3353.496094 54666.628906 1.043567
696700 299.759766 -119.643356 -20849.396484 3353.496094 54666.628906 1.043567
696800 299.759766 -119.643341 -20849.396484 3353.496094 54666.628906 1.043567
696900 299.759766 -119.643311 -20849.396484 3353.496094 54666.628906 1.043567
697000 299.759766 -119.643341 -20849.396484 3353.496094 54666.628906 1.043567
697100 299.759766 -119.643356 -20849.396484 3353.496094 54666.628906 1.043567
697200 299.759766 -119.643402 -20849.394531 3353.496094 54666.628906 1.043567
697300 299.759766 -119.643372 -20849.394531 3353.496094 54666.628906 1.043567
697400 299.759766 -119.642746 -20849.394531 3353.496094 54666.628906 1.043567
697500 299.759766 -119.642456 -20849.394531 3353.496094 54666.625000 1.043567
697600 299.759766 -119.642303 -20849.394531 3353.496094 54666.625000 1.043567
697700 299.759766 -119.642288 -20849.394531 3353.496094 54666.625000 1.043567
697800 299.759766 -119.642242 -20849.394531 3353.496094 54666.625000 1.043567
697900 299.759766 -119.642212 -20849.394531 3353.496094 54666.625000 1.043567
698000 299.759766 -119.642166 -20849.394531 3353.496094 54666.625000 1.043567
698100 299.759766 -119.642120 -20849.394531 3353.496094 54666.625000 1.043567
698200 299.759796 -119.642365 -20849.394531 3353.496338 54666.625000 1.043567
698300 299.759766 -119.642166 -20849.392578 3353.496094 54666.625000 1.043567
698400 299.759796 -119.642181 -20849.392578 3353.496338 54666.625000 1.043567
698500 299.759796 -119.642242 -20849.392578 3353.496338 54666.625000 1.043567
698600 299.759796 -119.642288 -20849.392578 3353.496338 54666.625000 1.043567
698700 299.759796 -119.642303 -20849.392578 3353.496338 54666.625000 1.043567
698800 299.759796 -119.642258 -20849.392578 3353.496338 54666.625000 1.043567
698900 299.759796 -119.642227 -20849.392578 3353.496338 54666.625000 1.043567
699000 299.759796 -119.642212 -20849.392578 3353.496338 54666.625000 1.043567
699100 299.759796 -119.642197 -20849.392578 3353.496338 54666.625000 1.043567
699200 299.759796 -119.642166 -20849.392578 3353.496338 54666.625000 1.043567
699300 299.759796 -119.642151 -20849.392578 3353.496338 54666.625000 1.043567
699400 299.759796 -119.642136 -20849.392578 3353.496338 54666.625000 1.043567
699500 299.759796 -119.642120 -20849.392578 3353.496338 54666.625000 1.043567
699600 299.759796 -119.642029 -20849.392578 3353.496338 54666.625000 1.043567
699700 299.759766 -119.641037 -20849.390625 3353.496094 54666.625000 1.043567
699800 299.759766 -119.640381 -20849.390625 3353.496094 54666.625000 1.043567
699900 299.759766 -119.640274 -20849.390625 3353.496094 54666.625000 1.043567
700000 299.759766 -119.640366 -20849.390625 3353.496094 54666.625000 1.043567
